0 	9164320.2
6.4128257 	9060907.3
34.468938 	8532841.8
37.675351 	8463962.9
40.881764 	8420424.6
50.501002 	8246799
53.707415 	8180682.5
62.52505 	7981829.2
65.731463 	7918669.9
68.937876 	7840575.7
69.739479 	7820204.7
96.993988 	7647365.3
103.40681 	7639479.5
106.61323 	7571778.6
116.23246 	7326332.6
123.44689 	7142003.1
125.05 	7101029
125.8517 	7080538
128.25651 	7019072.3
131.46293 	6937118.6
151.50301 	6425249.5
153.90782 	6363838.9
156.31263 	6302424.4
159.51904 	6220542.7
166.73347 	6036418.6
169.13828 	5975093.4
175.5511 	5811658.4
176.35271 	5791236.7
187.57515 	5505520.2
190.78156 	5423950.1
200.4008 	5179325.7
201.2024 	5158943.9
202.00401 	5138562.3
202.80561 	5118180.8
203.60721 	5097799.4
204.40882 	5077417.9
205.21042 	5057036.3
206.01202 	5036654.5
206.81363 	5016272.4
207.61523 	4995889.9
208.41683 	4975506.9
209.21844 	4955123.3
210.02004 	4934739
210.82164 	4914353.9
211.62325 	4893968
212.42485 	4873581.1
213.22645 	4853193.2
214.02806 	4832804.2
214.82966 	4812414
215.63126 	4792022.7
216.43287 	4771630.1
217.23447 	4751236.4
218.03607 	4730841.4
219.63928 	4690048.2
220.44088 	4669650
221.24248 	4649251
222.04409 	4628851.3
222.84569 	4608451
223.64729 	4588050.2
224.4489 	4567649.2
225.2505 	4547248
226.0521 	4526846.9
227.65531 	4486045.3
228.45691 	4465645.1
229.25852 	4445245.5
230.86172 	4404448.2
231.66333 	4384050.7
232.46493 	4363654.1
234.06814 	4322863.4
234.86974 	4302469.4
235.67134 	4282076.4
236.47295 	4261684.3
237.27455 	4241293.1
238.07615 	4220902.9
238.87776 	4200513.7
239.67936 	4180125.5
240.48096 	4159738.3
241.28257 	4139352.1
242.08417 	4118966.9
242.88577 	4098582.8
243.68737 	4078199.8
244.48898 	4057818
245.29058 	4037437.2
246.09218 	4017057.6
246.89379 	3996679.1
247.69539 	3976301.8
248.49699 	3955925.6
249.2986 	3935550.6
250.1002 	3915176.7
250.9018 	3894803.8
251.70341 	3874432
252.50501 	3854061.3
253.30661 	3833691.4
254.10822 	3813322.5
254.90982 	3792954.4
255.71142 	3772587.1
256.51303 	3752220.5
257.31463 	3731854.5
258.11623 	3711489
258.91784 	3691124
259.71944 	3670759.2
260.52104 	3650394.7
261.32265 	3630030.2
262.12425 	3609665.6
262.92585 	3589300.8
263.72745 	3568935.6
264.52906 	3548569.9
265.33066 	3528203.5
266.13226 	3507836.3
266.93387 	3487468
267.73547 	3467098.5
268.53707 	3446727.7
269.33868 	3426355.4
270.14028 	3405981.4
270.94188 	3385605.7
271.74349 	3365228
272.54509 	3344848.4
273.34669 	3324466.6
274.1483 	3304082.6
274.9499 	3283696.2
274.95 	3283693.7
275.7515 	3263307.6
276.55311 	3242916.5
277.35471 	3222523
278.95792 	3181728.5
279.75952 	3161327.5
280.56112 	3140924.1
281.36273 	3120518.2
282.16433 	3100109.9
282.96593 	3079699.2
283.76754 	3059286.2
284.56914 	3038870.9
285.37074 	3018453.5
286.17234 	2998033.9
286.97395 	2977612.3
288.57715 	2936763.3
289.37876 	2916336.2
290.18036 	2895907.3
290.98196 	2875476.9
291.78357 	2855045.1
292.58517 	2834611.9
293.38677 	2814177.4
294.18838 	2793741.7
294.98998 	2773304.9
295.79158 	2752867.2
296.59319 	2732428.5
297.39479 	2711989
298.19639 	2691548.8
298.998 	2671107.9
299.7996 	2650666.4
300.6012 	2630224.4
301.40281 	2609781.9
302.20441 	2589339.1
303.00601 	2568895.9
303.80762 	2548452.4
304.60922 	2528008.7
306.21242 	2487121
307.01403 	2466677
307.81563 	2446233
308.61723 	2425789.1
309.41884 	2405345.2
310.22044 	2384901.5
311.02204 	2364458
311.82365 	2344014.7
312.62525 	2323571.7
313.42685 	2303129
314.22846 	2282686.6
315.03006 	2262244.7
315.83166 	2241803.1
316.63327 	2221362.1
317.43487 	2200921.6
318.23647 	2180481.6
319.03808 	2160042.2
319.83968 	2139603.4
320.64128 	2119165.3
321.44289 	2098727.9
322.24449 	2078291.2
323.04609 	2057855.2
323.8477 	2037420
324.6493 	2016985.6
325.4509 	1996552.1
326.25251 	1976119.4
327.05411 	1955687.6
327.85571 	1935256.7
328.65731 	1914826.8
329.45892 	1894397.8
330.26052 	1873969.8
331.06212 	1853542.8
331.86373 	1833116.9
332.66533 	1812692.1
333.46693 	1792268.3
334.26854 	1771845.6
335.07014 	1751424.1
335.87174 	1731003.7
336.67335 	1710584.5
337.47495 	1690166.5
338.27655 	1669749.8
339.07816 	1649334.2
339.87976 	1628919.9
340.68136 	1608506.8
341.48297 	1588095
342.28457 	1567684.4
343.08617 	1547275.1
343.88778 	1526867.1
344.68938 	1506460.3
345.49098 	1486054.8
346.29259 	1465650.5
347.09419 	1445247.5
347.89579 	1424845.7
348.69739 	1404445.1
349.499 	1384045.7
350.3006 	1363647.4
351.1022 	1343250.3
351.90381 	1322854.2
352.70541 	1302459.2
353.50701 	1282065.3
354.30862 	1261672.3
355.11022 	1241280.2
355.91182 	1220889
356.71343 	1200498.6
357.51503 	1180109
358.31663 	1159720.1
359.11824 	1139331.9
359.91984 	1118944.3
360.72144 	1098557.3
361.52305 	1078170.8
362.32465 	1057784.8
363.12625 	1037399.3
363.92786 	1017014.1
364.72946 	996629.23
365.53106 	976244.73
366.33267 	955860.53
367.13427 	935476.6
367.93587 	915092.93
368.73747 	894709.5
369.53908 	874326.31
370.34068 	853943.34
371.14228 	833560.61
371.94389 	813178.1
372.74549 	792795.83
373.54709 	772413.81
374.3487 	752032.04
375.1503 	731650.53
375.9519 	711269.31
376.75351 	690888.37
377.55511 	670507.75
379.15832 	629747.49
379.95992 	609367.89
381.56313 	568609.8
382.36473 	548231.34
383.16633 	527853.28
383.96794 	507475.62
384.76954 	487098.39
385.57114 	466721.57
386.37275 	446345.18
387.17435 	425969.2
387.97595 	405593.64
388.77756 	385218.5
389.57916 	364843.75
390.38076 	344469.39
391.18236 	324095.41
391.98397 	303721.79
392.78557 	283348.51
393.58717 	262975.55
394.38878 	242602.88
395.19038 	222230.48
395.99198 	201858.32
396.79359 	181486.37
397.59519 	161114.6
399.1984 	120371.45
400 	100496.17
