0 	3836483.9
0.35183948 	3829082.4
0.70367896 	3821298.6
1.0555184 	3813514.8
1.4073579 	3805731
1.7591974 	3797947.3
2.1110369 	3790163.6
2.4628764 	3782379.9
2.8147158 	3774596.2
3.1665553 	3766814.7
3.5183948 	3759070.9
3.8702343 	3751378.7
4.2220737 	3743745.4
4.9257527 	3729037.6
5.6294317 	3715069.3
5.9812711 	3709502.1
6.3331106 	3701765.3
8.092308 	3665168.6
8.795987 	3657113.8
9.1478265 	3656894.9
10.203345 	3656770.5
10.907024 	3656708
11.258863 	3656663.1
11.610703 	3656615.3
11.962542 	3656572.4
12.666221 	3656496.6
13.018061 	3656449.2
13.3699 	3656395
13.72174 	3656328.9
14.777258 	3654818.8
15.480937 	3640603.2
15.832777 	3632821.3
16.536456 	3617251.6
17.591974 	3593897.2
18.647492 	3570543.2
19.351171 	3554974
19.703011 	3547189.5
20.05485 	3539405.1
20.40669 	3531620.7
20.758529 	3523836.3
21.462208 	3508267.6
22.165887 	3492699.1
22.869566 	3477130.7
23.573245 	3461562.3
23.925085 	3453778.2
24.276924 	3445994.1
24.628764 	3438210
25.332442 	3422641.8
25.684282 	3414857.8
26.387961 	3399289.7
26.7398 	3391505.7
27.09164 	3383721.7
27.443479 	3375937.7
27.795319 	3368153.8
28.147158 	3360369.8
28.850837 	3344802
29.202677 	3337018.1
29.554516 	3329234.2
29.906356 	3321450.3
30.258195 	3313666.5
30.610035 	3305882.6
30.961874 	3298098.8
31.665553 	3282531.2
32.017393 	3274747.5
32.369232 	3266963.7
32.721072 	3259180
33.072911 	3251396.3
33.424751 	3243612.6
33.77659 	3235829
34.128429 	3228045.4
34.480269 	3220261.7
34.832108 	3212478.2
35.183948 	3204694.6
35.535787 	3196911
35.887627 	3189127.5
36.239466 	3181344
36.591306 	3173560.6
37.294985 	3157993.7
37.646824 	3150210.3
37.998664 	3142426.9
38.702343 	3126860.2
39.406022 	3111293.6
39.757861 	3103510.4
41.165219 	3072377.6
41.517059 	3064594.4
41.868898 	3056811.3
42.220737 	3049028.2
42.924416 	3033462.1
43.276256 	3025679.1
43.628095 	3017896.1
43.979935 	3010113.1
44.683614 	2994547.2
45.035453 	2986764.3
45.387293 	2978981.4
46.090972 	2963415.7
46.442811 	2955632.9
47.14649 	2940067.3
47.49833 	2932284.5
48.202009 	2916719
48.553848 	2908936.3
49.257527 	2893370.9
49.609367 	2885588.2
49.961206 	2877805.6
50.313045 	2870023
50.664885 	2862240.3
51.016724 	2854457.7
51.720403 	2838892.6
52.072243 	2831110
52.424082 	2823327.5
52.775922 	2815544.9
53.127761 	2807762.4
54.18328 	2784414.9
54.535119 	2776632.4
54.886959 	2768850
55.238798 	2761067.5
55.590638 	2753285.1
55.942477 	2745502.7
56.997996 	2722155.4
57.349835 	2714373
57.701675 	2706590.7
58.053514 	2698808.3
58.405354 	2691025.9
58.757193 	2683243.6
59.109032 	2675461.2
59.460872 	2667678.9
60.164551 	2652114.2
60.51639 	2644331.9
60.86823 	2636549.6
61.220069 	2628767.3
61.571909 	2620985
61.923748 	2613202.8
62.275588 	2605420.5
62.627427 	2597638.2
62.979267 	2589856
63.331106 	2582073.7
63.682946 	2574291.5
64.034785 	2566509.3
64.386625 	2558727.1
64.738464 	2550944.9
65.442143 	2535380.5
65.793983 	2527598.3
66.497662 	2512033.9
67.55318 	2488687.5
68.256859 	2473123.2
68.608698 	2465341.1
69.312377 	2449776.9
70.016056 	2434212.8
70.367896 	2426430.7
70.719735 	2418648.6
71.071575 	2410866.6
71.423414 	2403084.6
72.830772 	2371956.5
73.182612 	2364174.5
73.534451 	2356392.6
73.886291 	2348610.6
74.941809 	2325264.8
75.293648 	2317482.9
75.645488 	2309701
75.997327 	2301919.2
77.052846 	2278573.6
77.404685 	2270791.8
77.756525 	2263010
78.460204 	2247446.4
78.812043 	2239664.6
79.163883 	2231882.9
80.219401 	2208537.7
81.27492 	2185192.7
81.626759 	2177411.1
81.978599 	2169629.5
82.330438 	2161847.9
82.682278 	2154066.3
83.034117 	2146284.7
83.385957 	2138503.2
83.737796 	2130721.7
84.089635 	2122940.1
84.441475 	2115158.6
85.496993 	2091814.3
86.552512 	2068470.1
86.904351 	2060688.7
89.015388 	2014000.9
89.367228 	2006219.7
90.070907 	1990657.3
90.422746 	1982876.1
90.774586 	1975094.9
91.126425 	1967313.8
91.478265 	1959532.6
91.830104 	1951751.5
92.533783 	1936189.3
93.237462 	1920627.2
93.589301 	1912846.2
93.941141 	1905065.2
94.29298 	1897284.2
96.052178 	1858379.5
96.404017 	1850598.6
96.755857 	1842817.7
97.459536 	1827255.9
97.811375 	1819475.1
98.163215 	1811694.2
98.515054 	1803913.4
99.922412 	1772790.2
100.27425 	1765009.5
100.62609 	1757228.7
101.32977 	1741667.2
102.03345 	1726105.8
102.38529 	1718325.1
103.79265 	1687202.3
104.14449 	1679421.6
104.49633 	1671641
105.2 	1656079.7
105.90368 	1640518.4
106.25552 	1632737.7
106.60736 	1624957.1
108.01472 	1593834.6
108.36656 	1586054
108.7184 	1578273.4
109.07024 	1570492.8
109.77392 	1554931.7
110.12576 	1547151.1
110.82944 	1531589.9
111.18128 	1523809.3
111.53311 	1516028.8
111.88495 	1508248.2
112.58863 	1492687
112.94047 	1484906.5
113.29231 	1477125.9
113.64415 	1469345.4
113.99599 	1461564.8
114.34783 	1453784.2
114.69967 	1446003.7
115.05151 	1438223.1
115.40335 	1430442.6
115.75519 	1422662
116.45887 	1407100.9
116.81071 	1399320.4
117.16255 	1391539.8
117.51439 	1383759.3
118.21806 	1368198.2
118.5699 	1360417.7
118.92174 	1352637.1
119.27358 	1344856.6
119.62542 	1337076.1
119.97726 	1329295.5
120.3291 	1321515
120.68094 	1313734.5
121.03278 	1305954
121.38462 	1298173.4
121.73646 	1290392.9
122.0883 	1282612.4
122.79198 	1267051.3
123.14382 	1259270.8
123.49566 	1251490.3
123.8475 	1243709.8
124.19934 	1235929.3
124.55118 	1228148.8
124.90302 	1220368.3
125.25485 	1212587.8
125.60669 	1204807.3
126.66221 	1181465.8
127.01405 	1173685.3
127.36589 	1165904.8
127.71773 	1158124.3
128.06957 	1150343.8
128.42141 	1142563.3
128.77325 	1134782.8
129.12509 	1127002.3
129.47693 	1119221.9
130.18061 	1103660.9
130.53245 	1095880.4
130.88429 	1088099.9
131.23613 	1080319.5
132.29164 	1056978
132.64348 	1049197.6
132.99532 	1041417.1
133.699 	1025856.2
134.05084 	1018075.7
134.40268 	1010295.2
134.75452 	1002514.7
135.4582 	986953.79
135.81004 	979173.32
136.16188 	971392.85
136.51372 	963612.38
136.86556 	955831.9
137.56924 	940270.95
137.92108 	932490.47
138.27292 	924709.99
138.97659 	909149.03
139.68027 	893588.05
140.03211 	885807.56
140.38395 	878027.07
140.73579 	870246.57
141.08763 	862466.07
141.43947 	854685.57
141.79131 	846905.06
142.14315 	839124.56
142.49499 	831344.04
142.84683 	823563.52
144.25419 	792441.41
145.3097 	769099.78
145.66154 	761319.22
146.01338 	753538.66
146.36522 	745758.1
146.71706 	737977.52
147.0689 	730196.94
147.42074 	722416.36
148.12442 	706855.17
148.8281 	691293.96
149.17994 	683513.34
149.88362 	667952.09
150.23546 	660171.45
150.5873 	652390.8
151.29098 	636829.49
151.99465 	621268.15
152.69833 	605706.78
153.05017 	597926.08
153.40201 	590145.38
153.75385 	582364.67
154.45753 	566803.22
154.80937 	559022.49
155.16121 	551241.74
155.51305 	543460.99
155.86489 	535680.24
156.21673 	527899.47
156.56857 	520118.7
157.62409 	496776.34
157.97593 	488995.55
158.32777 	481214.74
158.67961 	473433.93
159.03144 	465653.11
159.38328 	457872.28
159.73512 	450091.45
160.08696 	442310.61
160.4388 	434529.76
160.79064 	426748.91
161.14248 	418968.06
161.49432 	411187.2
161.84616 	403406.33
162.90168 	380063.7
163.25352 	372282.81
163.9572 	356721.03
164.30904 	348940.13
164.66088 	341159.23
165.01272 	333378.33
165.71639 	317816.52
166.06823 	310035.61
167.12375 	286692.86
167.47559 	278911.95
167.82743 	271131.03
168.17927 	263350.11
168.53111 	255569.2
169.23479 	240007.36
169.58663 	232226.45
169.93847 	224445.54
170.64215 	208883.71
170.99399 	201102.81
171.34583 	193321.9
171.69767 	185541
172.04951 	177760.1
172.40134 	169979.21
172.75318 	162198.32
173.10502 	154417.44
174.16054 	131074.81
174.51238 	123293.94
174.86422 	115513.04
