0 	8780344.9
6.4128257 	8639823.4
34.468938 	8123984.3
37.675351 	8078550
40.881764 	8012056.3
50.501002 	7825521.4
53.707415 	7754429
62.52505 	7583405.6
65.731463 	7541622
68.937876 	7469760.8
69.739479 	7450978.3
96.993988 	6829502.7
103.40681 	6721708.6
106.61323 	6657442.6
116.23246 	6644073.4
123.44689 	6639087.8
125.05 	6637947.6
125.8517 	6637351.6
128.25651 	6635588.8
131.46293 	6633323
151.50301 	6611652.4
153.90782 	6559851.3
156.31263 	6496592.7
159.51904 	6412373.8
166.73347 	6222636.6
169.13828 	6159315.7
175.5511 	5990558.2
176.35271 	5969480.4
187.57515 	5674222.9
190.78156 	5589723.5
200.4008 	5335671.4
201.2024 	5314492
202.00401 	5293318.5
202.80561 	5272151.5
203.60721 	5250991.5
204.40882 	5229838.9
205.21042 	5208693.9
206.01202 	5187556.4
206.81363 	5166426.7
207.61523 	5145304.7
208.41683 	5124190.5
209.21844 	5103084.2
210.02004 	5081985.9
210.82164 	5060895.4
211.62325 	5039813
212.42485 	5018738.6
213.22645 	4997672.3
214.02806 	4976614.2
214.82966 	4955564.2
215.63126 	4934522.4
216.43287 	4913488.5
217.23447 	4892462.3
218.03607 	4871443.3
219.63928 	4829424.6
220.44088 	4808423.3
221.24248 	4787426.2
222.04409 	4766432.5
222.84569 	4745441.1
223.64729 	4724451.3
224.4489 	4703462.1
225.2505 	4682472.9
226.0521 	4661483.2
227.65531 	4619501.5
228.45691 	4598509.6
229.25852 	4577517.4
230.86172 	4535534.3
231.66333 	4514544.6
232.46493 	4493556.8
234.06814 	4451589
234.86974 	4430609.7
235.67134 	4409633.9
236.47295 	4388662
237.27455 	4367694.1
238.07615 	4346730.6
238.87776 	4325771.7
239.67936 	4304817.7
240.48096 	4283869
241.28257 	4262925.8
242.08417 	4241988.3
242.88577 	4221056.6
243.68737 	4200131
244.48898 	4179211.2
245.29058 	4158297.5
246.09218 	4137389.5
246.89379 	4116487.2
247.69539 	4095590.3
248.49699 	4074698.6
249.2986 	4053812
250.1002 	4032930
250.9018 	4012052.6
251.70341 	3991179.4
252.50501 	3970310.4
253.30661 	3949445.2
254.10822 	3928583.8
254.90982 	3907725.9
255.71142 	3886871.4
256.51303 	3866020
257.31463 	3845171.6
258.11623 	3824325.9
258.91784 	3803482.7
259.71944 	3782641.6
260.52104 	3761802.3
261.32265 	3740964.4
262.12425 	3720127.6
262.92585 	3699291.5
263.72745 	3678455.6
264.52906 	3657619.5
265.33066 	3636782.7
266.13226 	3615944.9
266.93387 	3595105.5
267.73547 	3574264.1
268.53707 	3553420.3
269.33868 	3532573.7
270.14028 	3511724.1
270.94188 	3490871.2
271.74349 	3470014.8
272.54509 	3449154.9
273.34669 	3428291.4
274.1483 	3407424.4
274.9499 	3386554.2
274.95 	3386551.6
275.7515 	3365680.9
276.55311 	3344804.9
277.35471 	3323926.4
278.95792 	3282163.5
279.75952 	3261279.8
280.56112 	3240395
281.36273 	3219509.6
282.16433 	3198623.8
282.96593 	3177738.1
283.76754 	3156852.7
284.56914 	3135968.1
285.37074 	3115084.5
286.17234 	3094202.3
286.97395 	3073321.9
288.57715 	3031567.1
289.37876 	3010693.2
290.18036 	2989821.7
290.98196 	2968952.8
291.78357 	2948086.5
292.58517 	2927222.5
293.38677 	2906360.8
294.18838 	2885501.1
294.98998 	2864643.1
295.79158 	2843786.5
296.59319 	2822930.7
297.39479 	2802075.3
298.19639 	2781219.8
298.998 	2760363.5
299.7996 	2739505.7
300.6012 	2718645.8
301.40281 	2697782.8
302.20441 	2676916
303.00601 	2656044.3
303.80762 	2635166.8
304.60922 	2614282.3
306.21242 	2572487.9
307.01403 	2551575.6
307.81563 	2530651.7
308.61723 	2509715.1
309.41884 	2488764.8
310.22044 	2467800.1
311.02204 	2446820.2
311.82365 	2425824.7
312.62525 	2404813.4
313.42685 	2383786.4
314.22846 	2362743.8
315.03006 	2341686.2
315.83166 	2320614.1
316.63327 	2299528.6
317.43487 	2278430.5
318.23647 	2257320.9
319.03808 	2236200.9
319.83968 	2215071.6
320.64128 	2193934
321.44289 	2172789.4
322.24449 	2151638.5
323.04609 	2130482.4
323.8477 	2109321.7
324.6493 	2088157.3
325.4509 	2066989.7
326.25251 	2045819.4
327.05411 	2024647
327.85571 	2003472.7
328.65731 	1982297
329.45892 	1961120.1
330.26052 	1939942.2
331.06212 	1918763.6
331.86373 	1897584.4
332.66533 	1876404.9
333.46693 	1855225.1
334.26854 	1834045.3
335.07014 	1812865.5
335.87174 	1791685.8
336.67335 	1770506.4
337.47495 	1749327.3
338.27655 	1728148.6
339.07816 	1706970.4
339.87976 	1685792.8
340.68136 	1664615.8
341.48297 	1643439.5
342.28457 	1622263.9
343.08617 	1601089.1
343.88778 	1579915
344.68938 	1558741.8
345.49098 	1537569.4
346.29259 	1516397.8
347.09419 	1495227.1
347.89579 	1474057.3
348.69739 	1452888.3
349.499 	1431720.2
350.3006 	1410553.1
351.1022 	1389386.8
351.90381 	1368221.4
352.70541 	1347056.9
353.50701 	1325893.3
354.30862 	1304730.7
355.11022 	1283569
355.91182 	1262408.3
356.71343 	1241248.5
357.51503 	1220089.7
358.31663 	1198932
359.11824 	1177775.4
359.91984 	1156619.8
360.72144 	1135465.4
361.52305 	1114312.2
362.32465 	1093160.2
363.12625 	1072009.4
363.92786 	1050859.8
364.72946 	1029711.5
365.53106 	1008564.5
366.33267 	987418.79
367.13427 	966274.37
367.93587 	945131.23
368.73747 	923989.37
369.53908 	902848.76
370.34068 	881709.39
371.14228 	860571.23
371.94389 	839434.25
372.74549 	818298.43
373.54709 	797163.74
374.3487 	776030.13
375.1503 	754897.56
375.9519 	733766.01
376.75351 	712635.42
377.55511 	691505.75
379.15832 	649248.93
379.95992 	628121.66
381.56313 	585869.1
382.36473 	564743.66
383.16633 	543618.67
383.96794 	522494.07
384.76954 	501369.76
385.57114 	480245.68
386.37275 	459121.75
387.17435 	437997.9
387.97595 	416874.06
388.77756 	395750.19
389.57916 	374626.23
390.38076 	353502.14
391.18236 	332377.88
391.98397 	311253.45
392.78557 	290128.81
393.58717 	269003.98
394.38878 	247878.95
395.19038 	226753.74
395.99198 	205628.36
396.79359 	184502.84
397.59519 	163377.21
399.1984 	121125.76
400 	100514.55
