0 	3836482.4
0.35183948 	3829047.5
0.70367896 	3821241.3
1.0555184 	3813443.6
1.4073579 	3805629.2
1.7591974 	3797831.3
2.1110369 	3790022.9
2.4628764 	3782205.6
2.8147158 	3774406.9
3.1665553 	3766618.4
3.5183948 	3758777.6
3.8702343 	3751006.9
4.2220737 	3743520.1
4.9257527 	3727953.2
5.6294317 	3712458.3
5.9812711 	3704585.8
6.3331106 	3697375
8.092308 	3658244.8
8.795987 	3644095.6
9.1478265 	3636293.8
10.203345 	3612856.1
10.907024 	3597221
11.258863 	3589400.4
11.610703 	3581527.1
11.962542 	3573713.7
12.666221 	3560674.4
13.018061 	3552849.9
13.3699 	3545026.4
13.72174 	3537202.8
14.777258 	3513732.1
15.480937 	3498085
15.832777 	3490261.4
16.536456 	3474614.1
17.591974 	3451149.2
18.647492 	3427907.4
19.351171 	3412260.7
19.703011 	3404437
20.05485 	3396613.3
20.40669 	3388789.6
20.758529 	3380965.9
21.462208 	3365318.5
22.165887 	3349671.2
22.869566 	3334023.9
23.573245 	3318376.7
23.925085 	3310553.1
24.276924 	3302729.6
24.628764 	3294906.1
25.332442 	3279259.1
25.684282 	3271435.6
26.387961 	3255788.7
26.7398 	3247965.3
27.09164 	3240141.9
27.443479 	3232318.5
27.795319 	3224495.2
28.147158 	3216671.8
28.850837 	3201025.2
29.202677 	3193201.9
29.554516 	3185378.6
29.906356 	3177555.3
30.258195 	3169732
30.610035 	3161908.8
30.961874 	3154085.5
31.665553 	3138439.1
32.017393 	3130616
32.369232 	3122792.8
32.721072 	3114969.7
33.072911 	3107146.6
33.424751 	3099323.5
33.77659 	3091500.5
34.128429 	3083677.4
34.480269 	3075854.3
34.832108 	3068031.2
35.183948 	3060208
35.535787 	3052384.8
35.887627 	3044561.4
36.239466 	3036737.9
36.591306 	3028914.5
37.294985 	3013268.8
37.646824 	3005446.8
37.998664 	2997615.1
38.702343 	2982851.5
39.406022 	2980533.1
39.757861 	2980497
41.165219 	2980371
41.517059 	2980339.7
41.868898 	2980308.5
42.220737 	2980277.1
42.924416 	2980214
43.276256 	2980182.5
43.628095 	2980150.9
43.979935 	2980118.5
44.683614 	2980050.7
45.035453 	2980018
45.387293 	2979993.5
46.090972 	2979880.6
46.442811 	2978714.3
47.14649 	2964726.8
47.49833 	2956882
48.202009 	2941183.9
48.553848 	2933335
49.257527 	2917637.4
49.609367 	2909788.8
49.961206 	2901940.2
50.313045 	2894091.6
50.664885 	2886243
51.016724 	2878394.4
51.720403 	2862696.9
52.072243 	2854848.1
52.424082 	2846999.2
52.775922 	2839150.2
53.127761 	2831301.1
54.18328 	2807753.5
54.535119 	2799904.2
54.886959 	2792054.8
55.238798 	2784205.3
55.590638 	2776355.8
55.942477 	2768506.3
56.997996 	2744957.5
57.349835 	2737107.9
57.701675 	2729258.3
58.053514 	2721408.6
58.405354 	2713559
58.757193 	2705709.4
59.109032 	2697859.8
59.460872 	2690010.1
60.164551 	2674311
60.51639 	2666461.4
60.86823 	2658611.8
61.220069 	2650762.2
61.571909 	2642912.7
61.923748 	2635063.2
62.275588 	2627213.7
62.627427 	2619364.2
62.979267 	2611514.7
63.331106 	2603665.2
63.682946 	2595815.8
64.034785 	2587966.3
64.386625 	2580116.9
64.738464 	2572267.4
65.442143 	2556568.6
65.793983 	2548719.2
66.497662 	2533020.5
67.55318 	2509472.4
68.256859 	2493773.6
68.608698 	2485924.3
69.312377 	2470225.6
70.016056 	2454526.9
70.367896 	2446677.6
70.719735 	2438828.2
71.071575 	2430978.9
71.423414 	2423129.6
72.830772 	2391732.2
73.182612 	2383882.9
73.534451 	2376033.6
73.886291 	2368184.2
74.941809 	2344636.2
75.293648 	2336786.9
75.645488 	2328937.6
75.997327 	2321088.2
77.052846 	2297540.2
77.404685 	2289690.9
77.756525 	2281841.6
78.460204 	2266142.9
78.812043 	2258293.6
79.163883 	2250444.3
80.219401 	2226896.3
81.27492 	2203348.3
81.626759 	2195499
81.978599 	2187649.7
82.330438 	2179800.4
82.682278 	2171951.1
83.034117 	2164101.8
83.385957 	2156252.5
83.737796 	2148403.2
84.089635 	2140553.9
84.441475 	2132704.6
85.496993 	2109156.8
86.552512 	2085609
86.904351 	2077759.7
89.015388 	2030664.5
89.367228 	2022815.4
90.070907 	2007117.1
90.422746 	1999268
90.774586 	1991418.8
91.126425 	1983569.7
91.478265 	1975720.6
91.830104 	1967871.5
92.533783 	1952173.3
93.237462 	1936475.1
93.589301 	1928626
93.941141 	1920776.9
94.29298 	1912927.8
96.052178 	1873682.5
96.404017 	1865833.5
96.755857 	1857984.5
97.459536 	1842286.4
97.811375 	1834437.4
98.163215 	1826588.4
98.515054 	1818739.4
99.922412 	1787343.4
100.27425 	1779494.5
100.62609 	1771645.5
101.32977 	1755947.6
102.03345 	1740249.7
102.38529 	1732400.7
103.79265 	1701005.1
104.14449 	1693156.1
104.49633 	1685307.2
105.2 	1669609.5
105.90368 	1653911.7
106.25552 	1646062.8
106.60736 	1638214
108.01472 	1606818.6
108.36656 	1598969.7
108.7184 	1591120.9
109.07024 	1583272.1
109.77392 	1567574.4
110.12576 	1559725.6
110.82944 	1544028
111.18128 	1536179.2
111.53311 	1528330.4
111.88495 	1520481.6
112.58863 	1504784.1
112.94047 	1496935.3
113.29231 	1489086.6
113.64415 	1481237.8
113.99599 	1473389.1
114.34783 	1465540.3
114.69967 	1457691.6
115.05151 	1449842.8
115.40335 	1441994.1
115.75519 	1434145.4
116.45887 	1418447.9
116.81071 	1410599.2
117.16255 	1402750.5
117.51439 	1394901.8
118.21806 	1379204.5
118.5699 	1371355.8
118.92174 	1363507.1
119.27358 	1355658.5
119.62542 	1347809.8
119.97726 	1339961.1
120.3291 	1332112.5
120.68094 	1324263.8
121.03278 	1316415.2
121.38462 	1308566.6
121.73646 	1300718
122.0883 	1292869.3
122.79198 	1277172.1
123.14382 	1269323.5
123.49566 	1261474.9
123.8475 	1253626.3
124.19934 	1245777.8
124.55118 	1237929.2
124.90302 	1230080.6
125.25485 	1222232.1
125.60669 	1214383.5
126.66221 	1190837.9
127.01405 	1182989.3
127.36589 	1175140.8
127.71773 	1167292.3
128.06957 	1159443.8
128.42141 	1151595.3
128.77325 	1143746.8
129.12509 	1135898.3
129.47693 	1128049.8
130.18061 	1112352.8
130.53245 	1104504.4
130.88429 	1096655.9
131.23613 	1088807.5
132.29164 	1065262.2
132.64348 	1057413.8
132.99532 	1049565.4
133.699 	1033868.7
134.05084 	1026020.4
134.40268 	1018172
134.75452 	1010323.7
135.4582 	994627.13
135.81004 	986778.84
136.16188 	978930.56
136.51372 	971082.29
136.86556 	963234.03
137.56924 	947537.53
137.92108 	939689.29
138.27292 	931841.07
138.97659 	916144.64
139.68027 	900448.25
140.03211 	892600.07
140.38395 	884751.9
140.73579 	876903.74
141.08763 	869055.6
141.43947 	861207.46
141.79131 	853359.33
142.14315 	845511.21
142.49499 	837663.1
142.84683 	829815.01
144.25419 	798422.72
145.3097 	774878.62
145.66154 	767030.61
146.01338 	759182.6
146.36522 	751334.61
146.71706 	743486.63
147.0689 	735638.66
147.42074 	727790.7
148.12442 	712094.81
148.8281 	696398.96
149.17994 	688551.05
149.88362 	672855.26
150.23546 	665007.38
150.5873 	657159.52
151.29098 	641463.81
151.99465 	625768.14
152.69833 	610072.51
153.05017 	602224.71
153.40201 	594376.92
153.75385 	586529.14
154.45753 	570833.61
154.80937 	562985.86
155.16121 	555138.11
155.51305 	547290.38
155.86489 	539442.66
156.21673 	531594.94
156.56857 	523747.23
157.62409 	500204.17
157.97593 	492356.5
158.32777 	484508.84
158.67961 	476661.19
159.03144 	468813.55
159.38328 	460965.91
159.73512 	453118.29
160.08696 	445270.67
160.4388 	437423.06
160.79064 	429575.46
161.14248 	421727.87
161.49432 	413880.29
161.84616 	406032.71
162.90168 	382490.04
163.25352 	374642.5
163.9572 	358947.45
164.30904 	351099.93
164.66088 	343252.42
165.01272 	335404.93
165.71639 	319709.95
166.06823 	311862.48
167.12375 	288320.11
167.47559 	280472.66
167.82743 	272625.23
168.17927 	264777.81
168.53111 	256930.39
169.23479 	241235.58
169.58663 	233388.19
169.93847 	225540.8
170.64215 	209846.06
170.99399 	201998.7
171.34583 	194151.34
171.69767 	186304
172.04951 	178456.66
172.40134 	170609.33
172.75318 	162762.01
173.10502 	154914.7
174.16054 	131372.79
174.51238 	123525.5
174.86422 	115678.2
