0 	8760374.1
6.4128257 	8647153.6
34.468938 	8158786.6
37.675351 	8078377.5
40.881764 	8020135.3
50.501002 	7846758.5
53.707415 	7778490.4
62.52505 	7572788.4
65.731463 	7499342.2
68.937876 	7436216.3
69.739479 	7425264.2
96.993988 	6785246.3
103.40681 	6636619.6
106.61323 	6569462.2
116.23246 	6524423.6
123.44689 	6523128.7
125.05 	6523533.2
125.8517 	6523270.9
128.25651 	6522494.3
131.46293 	6521746.1
151.50301 	6523215.2
153.90782 	6524387.2
156.31263 	6521571.1
159.51904 	6468808.3
166.73347 	6277795.4
169.13828 	6214196.9
175.5511 	6043740.2
176.35271 	6022337.4
187.57515 	5722122.6
190.78156 	5636584.2
200.4008 	5381247.1
201.2024 	5360039.2
202.00401 	5338834.2
202.80561 	5317630.5
203.60721 	5296426.6
204.40882 	5275221.3
205.21042 	5254013.7
206.01202 	5232802.9
206.81363 	5211588.5
207.61523 	5190370.2
208.41683 	5169148
209.21844 	5147921.8
210.02004 	5126691.8
210.82164 	5105458.1
211.62325 	5084221
212.42485 	5062980.5
213.22645 	5041736.8
214.02806 	5020490
214.82966 	4999240.3
215.63126 	4977987.6
216.43287 	4956732.4
217.23447 	4935474.7
218.03607 	4914214.8
219.63928 	4871689.7
220.44088 	4850425.2
221.24248 	4829159.9
222.04409 	4807894.1
222.84569 	4786628.2
223.64729 	4765362.5
224.4489 	4744097.4
225.2505 	4722833.3
226.0521 	4701570.4
227.65531 	4659049.2
228.45691 	4637791.4
229.25852 	4616535.7
230.86172 	4574031.2
231.66333 	4552782.6
232.46493 	4531536.6
234.06814 	4489052.5
234.86974 	4467814.5
235.67134 	4446579.2
236.47295 	4425346.5
237.27455 	4404116.5
238.07615 	4382889
238.87776 	4361664.1
239.67936 	4340441.5
240.48096 	4319221.4
241.28257 	4298003.7
242.08417 	4276788.3
242.88577 	4255575.3
243.68737 	4234364.6
244.48898 	4213156.3
245.29058 	4191950.4
246.09218 	4170746.7
246.89379 	4149545.3
247.69539 	4128345.8
248.49699 	4107148.3
249.2986 	4085952.3
250.1002 	4064757.7
250.9018 	4043564.1
251.70341 	4022371.2
252.50501 	4001178.6
253.30661 	3979986.1
254.10822 	3958793.4
254.90982 	3937600.2
255.71142 	3916406.4
256.51303 	3895211.9
257.31463 	3874016.6
258.11623 	3852820.6
258.91784 	3831623.9
259.71944 	3810426.7
260.52104 	3789229
261.32265 	3768031
262.12425 	3746832.9
262.92585 	3725634.6
263.72745 	3704436.2
264.52906 	3683237.6
265.33066 	3662038.8
266.13226 	3640839.7
266.93387 	3619640
267.73547 	3598439.6
268.53707 	3577238.3
269.33868 	3556035.9
270.14028 	3534832.1
270.94188 	3513626.8
271.74349 	3492419.9
272.54509 	3471211.3
273.34669 	3450001
274.1483 	3428789.1
274.9499 	3407575.8
274.95 	3407573.1
275.7515 	3386361.1
276.55311 	3365145.3
277.35471 	3343928.7
278.95792 	3301494
279.75952 	3280276.3
280.56112 	3259058.6
281.36273 	3237841.2
282.16433 	3216624.1
282.96593 	3195407.3
283.76754 	3174190.9
284.56914 	3152974.8
285.37074 	3131759
286.17234 	3110543.3
286.97395 	3089327.7
288.57715 	3046896.1
289.37876 	3025680.1
290.18036 	3004463.8
290.98196 	2983247.2
291.78357 	2962030.3
292.58517 	2940813.2
293.38677 	2919595.9
294.18838 	2898378.6
294.98998 	2877161.3
295.79158 	2855944.2
296.59319 	2834727.4
297.39479 	2813511.1
298.19639 	2792295.2
298.998 	2771080.1
299.7996 	2749865.7
300.6012 	2728652.2
301.40281 	2707439.7
302.20441 	2686228.1
303.00601 	2665017.5
303.80762 	2643807.9
304.60922 	2622599.4
306.21242 	2580185.2
307.01403 	2558979.5
307.81563 	2537774.6
308.61723 	2516570.5
309.41884 	2495366.9
310.22044 	2474163.9
311.02204 	2452961.3
311.82365 	2431759
312.62525 	2410556.9
313.42685 	2389354.9
314.22846 	2368152.7
315.03006 	2346950.4
315.83166 	2325747.7
316.63327 	2304544.6
317.43487 	2283340.8
318.23647 	2262136.3
319.03808 	2240930.9
319.83968 	2219724.6
320.64128 	2198517.1
321.44289 	2177308.3
322.24449 	2156098.2
323.04609 	2134886.6
323.8477 	2113673.4
324.6493 	2092458.6
325.4509 	2071242
326.25251 	2050023.7
327.05411 	2028803.5
327.85571 	2007581.4
328.65731 	1986357.4
329.45892 	1965131.5
330.26052 	1943903.6
331.06212 	1922673.9
331.86373 	1901442.2
332.66533 	1880208.8
333.46693 	1858973.6
334.26854 	1837736.6
335.07014 	1816498.1
335.87174 	1795258.1
336.67335 	1774016.7
337.47495 	1752774.1
338.27655 	1731530.3
339.07816 	1710285.6
339.87976 	1689040.2
340.68136 	1667794.1
341.48297 	1646547.5
342.28457 	1625300.7
343.08617 	1604053.8
343.88778 	1582807
344.68938 	1561560.4
345.49098 	1540314.2
346.29259 	1519068.5
347.09419 	1497823.6
347.89579 	1476579.4
348.69739 	1455336.2
349.499 	1434094.1
350.3006 	1412853.1
351.1022 	1391613.4
351.90381 	1370375.1
352.70541 	1349138.3
353.50701 	1327903
354.30862 	1306669.3
355.11022 	1285437.4
355.91182 	1264207.3
356.71343 	1242979
357.51503 	1221752.6
358.31663 	1200528.3
359.11824 	1179306.1
359.91984 	1158086
360.72144 	1136868.2
361.52305 	1115652.6
362.32465 	1094439.4
363.12625 	1073228.6
363.92786 	1052020.3
364.72946 	1030814.6
365.53106 	1009611.4
366.33267 	988410.78
367.13427 	967212.88
367.93587 	946017.69
368.73747 	924825.24
369.53908 	903635.57
370.34068 	882448.69
371.14228 	861264.62
371.94389 	840083.37
372.74549 	818904.95
373.54709 	797729.35
374.3487 	776556.54
375.1503 	755386.5
375.9519 	734219.2
376.75351 	713054.58
377.55511 	691892.59
379.15832 	649576.16
379.95992 	628421.55
381.56313 	586119.04
382.36473 	564970.91
383.16633 	543824.7
383.96794 	522680.28
384.76954 	501537.54
385.57114 	480396.34
386.37275 	459256.56
387.17435 	438118.07
387.97595 	416980.76
388.77756 	395844.52
389.57916 	374709.23
390.38076 	353574.79
391.18236 	332441.12
391.98397 	311308.12
392.78557 	290175.71
393.58717 	269043.82
394.38878 	247912.37
395.19038 	226781.31
395.99198 	205650.58
396.79359 	184520.12
397.59519 	163389.88
399.1984 	121129.87
400 	100514.65
