0 	7976983.9
6.4128257 	7844896
34.468938 	7410642.8
37.675351 	7342453.3
40.881764 	7266905.5
50.501002 	7030102.6
53.707415 	6951259.4
62.52505 	6916580.1
65.731463 	6909971.7
68.937876 	6853776.3
69.739479 	6832785.6
96.993988 	6136895.4
103.40681 	5989850.7
106.61323 	5937980.9
116.23246 	5740287.7
123.44689 	5653498.4
125.05 	5618802.3
125.8517 	5596740.3
128.25651 	5535076
131.46293 	5474299
151.50301 	4968091.5
153.90782 	4917300.4
156.31263 	4865523.7
159.51904 	4794249.5
166.73347 	4710812.4
169.13828 	4709786.6
175.5511 	4708507.6
176.35271 	4708250
187.57515 	4708363.7
190.78156 	4710713.8
200.4008 	4708714.4
201.2024 	4708702.8
202.00401 	4708545.4
202.80561 	4708408.3
203.60721 	4708352.8
204.40882 	4708324.1
205.21042 	4708233
206.01202 	4708188.6
206.81363 	4708361.8
207.61523 	4708531.7
208.41683 	4708480.4
209.21844 	4708398.9
210.02004 	4708416
210.82164 	4708426.3
211.62325 	4708420.8
212.42485 	4708347.7
213.22645 	4708257.9
214.02806 	4708150.2
214.82966 	4708024.3
215.63126 	4707887.2
216.43287 	4707743.7
217.23447 	4707577.4
218.03607 	4707440
219.63928 	4707241.1
220.44088 	4707173
221.24248 	4707044
222.04409 	4706902.6
222.84569 	4706776.4
223.64729 	4706580.4
224.4489 	4706390.4
225.2505 	4706281
226.0521 	4706039.7
227.65531 	4705638.9
228.45691 	4705475.7
229.25852 	4705398.7
230.86172 	4705195.2
231.66333 	4705241
232.46493 	4705202.3
234.06814 	4705284.2
234.86974 	4705573.5
235.67134 	4706076.7
236.47295 	4706678.9
237.27455 	4707308.7
238.07615 	4707955.9
238.87776 	4708576.8
239.67936 	4709109.7
240.48096 	4709574.4
241.28257 	4709914.4
242.08417 	4710084.7
242.88577 	4710000.2
243.68737 	4709673.6
244.48898 	4709010.3
245.29058 	4707803.6
246.09218 	4705963.8
246.89379 	4702752
247.69539 	4696330
248.49699 	4683837.3
249.2986 	4664128.2
250.1002 	4640499.6
250.9018 	4616201.1
251.70341 	4591960.5
252.50501 	4567757.1
253.30661 	4543560.3
254.10822 	4519362.4
254.90982 	4495161.4
255.71142 	4470955.8
256.51303 	4446744.4
257.31463 	4422526.3
258.11623 	4398300.9
258.91784 	4374068.2
259.71944 	4349829
260.52104 	4325584.5
261.32265 	4301335.4
262.12425 	4277082.2
262.92585 	4252825.5
263.72745 	4228565.4
264.52906 	4204302.1
265.33066 	4180034.8
266.13226 	4155762.3
266.93387 	4131482.6
267.73547 	4107193.9
268.53707 	4082895.3
269.33868 	4058587.5
270.14028 	4034272.5
270.94188 	4009953.2
271.74349 	3985632.2
272.54509 	3961311.4
273.34669 	3936991.2
274.1483 	3912671.6
274.9499 	3888351.8
274.95 	3888348.8
275.7515 	3864031.5
276.55311 	3839710.2
277.35471 	3815387.6
278.95792 	3766737.5
279.75952 	3742409.6
280.56112 	3718079.8
281.36273 	3693747.7
282.16433 	3669413.4
282.96593 	3645076.6
283.76754 	3620736.9
284.56914 	3596394
285.37074 	3572047.5
286.17234 	3547697.2
286.97395 	3523342.9
288.57715 	3474623.2
289.37876 	3450259.1
290.18036 	3425893.4
290.98196 	3401527.5
291.78357 	3377162.6
292.58517 	3352800.2
293.38677 	3328441.3
294.18838 	3304086.9
294.98998 	3279737.7
295.79158 	3255393.9
296.59319 	3231055.6
297.39479 	3206722.3
298.19639 	3182393.7
298.998 	3158068.8
299.7996 	3133746.6
300.6012 	3109426
301.40281 	3085105.9
302.20441 	3060785.3
303.00601 	3036463.4
303.80762 	3012139.9
304.60922 	2987814.5
306.21242 	2939159.8
307.01403 	2914831.7
307.81563 	2890504
308.61723 	2866177.4
309.41884 	2841852.5
310.22044 	2817529.9
311.02204 	2793209.9
311.82365 	2768892.7
312.62525 	2744578.4
313.42685 	2720267
314.22846 	2695958.7
315.03006 	2671653.5
315.83166 	2647351.3
316.63327 	2623052.3
317.43487 	2598756.4
318.23647 	2574463.7
319.03808 	2550174.2
319.83968 	2525887.8
320.64128 	2501604.6
321.44289 	2477324.4
322.24449 	2453047.1
323.04609 	2428772.6
323.8477 	2404500.6
324.6493 	2380231
325.4509 	2355963.5
326.25251 	2331698.1
327.05411 	2307434.6
327.85571 	2283172.7
328.65731 	2258912.3
329.45892 	2234653.2
330.26052 	2210395.3
331.06212 	2186138.2
331.86373 	2161881.8
332.66533 	2137626
333.46693 	2113370.4
334.26854 	2089114.9
335.07014 	2064859.4
335.87174 	2040603.7
336.67335 	2016347.8
337.47495 	1992091.6
338.27655 	1967834.9
339.07816 	1943577.7
339.87976 	1919320
340.68136 	1895061.4
341.48297 	1870802
342.28457 	1846541.5
343.08617 	1822279.8
343.88778 	1798016.7
344.68938 	1773752.2
345.49098 	1749485.9
346.29259 	1725218
347.09419 	1700948.2
347.89579 	1676676.7
348.69739 	1652403.3
349.499 	1628128.2
350.3006 	1603851.3
351.1022 	1579572.7
351.90381 	1555292.5
352.70541 	1531010.8
353.50701 	1506727.8
354.30862 	1482443.4
355.11022 	1458157.8
355.91182 	1433871.2
356.71343 	1409583.6
357.51503 	1385295.3
358.31663 	1361006.3
359.11824 	1336716.9
359.91984 	1312427.1
360.72144 	1288137.2
361.52305 	1263847.4
362.32465 	1239557.7
363.12625 	1215268.5
363.92786 	1190979.8
364.72946 	1166692
365.53106 	1142405.1
366.33267 	1118119.4
367.13427 	1093835.1
367.93587 	1069552.3
368.73747 	1045271.2
369.53908 	1020992
370.34068 	996714.87
371.14228 	972439.91
371.94389 	948167.26
372.74549 	923897.03
373.54709 	899629.29
374.3487 	875364.13
375.1503 	851101.6
375.9519 	826841.73
376.75351 	802584.54
377.55511 	778330.04
379.15832 	729829.08
379.95992 	705582.54
381.56313 	657097.14
382.36473 	632858.14
383.16633 	608621.48
383.96794 	584387.07
384.76954 	560154.81
385.57114 	535924.57
386.37275 	511696.24
387.17435 	487469.69
387.97595 	463244.8
388.77756 	439021.45
389.57916 	414799.53
390.38076 	390578.93
391.18236 	366359.55
391.98397 	342141.28
392.78557 	317924.05
393.58717 	293707.75
394.38878 	269492.31
395.19038 	245277.62
395.99198 	221063.61
396.79359 	196850.16
397.59519 	172637.19
399.1984 	124212.22
400 	100589.73
