0 	9723837
6.4128257 	9598209.4
34.468938 	9154810.6
37.675351 	9075528.4
40.881764 	8996107.4
50.501002 	8757267.8
53.707415 	8677690
62.52505 	8459292.4
65.731463 	8379936.9
68.937876 	8300543.3
69.739479 	8280685.8
96.993988 	7605204.9
103.40681 	7446300.9
106.61323 	7366806.8
116.23246 	7128331.3
123.44689 	6949587.2
125.05 	6909875.5
125.8517 	6890015.7
128.25651 	6830441.3
131.46293 	6750998.8
151.50301 	6254419.7
153.90782 	6194845.6
156.31263 	6135270.8
159.51904 	6055833.4
166.73347 	5877076.3
169.13828 	5817487.3
175.5511 	5658593.7
176.35271 	5638733.7
187.57515 	5360724.9
190.78156 	5281295.3
200.4008 	5042995.9
201.2024 	5023137.5
202.00401 	5003279.2
202.80561 	4983421.1
203.60721 	4963563
204.40882 	4943705.1
205.21042 	4923847.4
206.01202 	4903989.8
206.81363 	4884132.3
207.61523 	4864275
208.41683 	4844417.8
209.21844 	4824560.7
210.02004 	4804703.8
210.82164 	4784846.9
211.62325 	4764990.1
212.42485 	4745133.4
213.22645 	4725276.8
214.02806 	4705420.1
214.82966 	4685563.5
215.63126 	4665706.8
216.43287 	4645850.2
217.23447 	4625993.5
218.03607 	4606136.8
219.63928 	4566423.2
220.44088 	4546566.4
221.24248 	4526709.4
222.04409 	4506852.5
222.84569 	4486995.5
223.64729 	4467138.5
224.4489 	4447281.5
225.2505 	4427424.5
226.0521 	4407567.5
227.65531 	4367853.6
228.45691 	4347996.7
229.25852 	4328140
230.86172 	4288426.7
231.66333 	4268570.2
232.46493 	4248713.9
234.06814 	4209001.7
234.86974 	4189145.8
235.67134 	4169290.1
236.47295 	4149434.5
237.27455 	4129579.1
238.07615 	4109723.8
238.87776 	4089868.6
239.67936 	4070013.6
240.48096 	4050158.7
241.28257 	4030303.9
242.08417 	4010449.3
242.88577 	3990594.7
243.68737 	3970740.1
244.48898 	3950885.7
245.29058 	3931031.3
246.09218 	3911176.9
246.89379 	3891322.5
247.69539 	3871468.2
248.49699 	3851613.9
249.2986 	3831759.5
250.1002 	3811905.2
250.9018 	3792050.8
251.70341 	3772196.4
252.50501 	3752342.1
253.30661 	3732487.6
254.10822 	3712633.2
254.90982 	3692778.8
255.71142 	3672924.3
256.51303 	3653069.8
257.31463 	3633215.4
258.11623 	3613360.9
258.91784 	3593506.4
259.71944 	3573652
260.52104 	3553797.6
261.32265 	3533943.2
262.12425 	3514088.8
262.92585 	3494234.5
263.72745 	3474380.3
264.52906 	3454526
265.33066 	3434671.9
266.13226 	3414817.8
266.93387 	3394963.7
267.73547 	3375109.7
268.53707 	3355255.8
269.33868 	3335401.9
270.14028 	3315548.1
270.94188 	3295694.3
271.74349 	3275840.6
272.54509 	3255987
273.34669 	3236133.4
274.1483 	3216279.8
274.9499 	3196426.3
274.95 	3196423.8
275.7515 	3176572.9
276.55311 	3156719.5
277.35471 	3136866.1
278.95792 	3097159.5
279.75952 	3077306.3
280.56112 	3057453.1
281.36273 	3037600
282.16433 	3017747
282.96593 	2997893.9
283.76754 	2978041
284.56914 	2958188.1
285.37074 	2938335.3
286.17234 	2918482.5
286.97395 	2898629.8
288.57715 	2858924.7
289.37876 	2839072.2
290.18036 	2819219.9
290.98196 	2799367.6
291.78357 	2779515.4
292.58517 	2759663.3
293.38677 	2739811.3
294.18838 	2719959.4
294.98998 	2700107.6
295.79158 	2680255.9
296.59319 	2660404.2
297.39479 	2640552.7
298.19639 	2620701.2
298.998 	2600849.8
299.7996 	2580998.5
300.6012 	2561147.3
301.40281 	2541296.1
302.20441 	2521445
303.00601 	2501594
303.80762 	2481743
304.60922 	2461892
306.21242 	2422190.3
307.01403 	2402339.4
307.81563 	2382488.6
308.61723 	2362637.9
309.41884 	2342787.1
310.22044 	2322936.4
311.02204 	2303085.7
311.82365 	2283235.1
312.62525 	2263384.4
313.42685 	2243533.8
314.22846 	2223683.2
315.03006 	2203832.6
315.83166 	2183982.1
316.63327 	2164131.6
317.43487 	2144281.1
318.23647 	2124430.7
319.03808 	2104580.3
319.83968 	2084729.9
320.64128 	2064879.6
321.44289 	2045029.3
322.24449 	2025179
323.04609 	2005328.9
323.8477 	1985478.7
324.6493 	1965628.7
325.4509 	1945778.7
326.25251 	1925928.7
327.05411 	1906078.9
327.85571 	1886229.1
328.65731 	1866379.3
329.45892 	1846529.7
330.26052 	1826680.1
331.06212 	1806830.5
331.86373 	1786981.1
332.66533 	1767131.7
333.46693 	1747282.4
334.26854 	1727433.1
335.07014 	1707584
335.87174 	1687734.9
336.67335 	1667885.8
337.47495 	1648036.9
338.27655 	1628188
339.07816 	1608339.2
339.87976 	1588490.4
340.68136 	1568641.7
341.48297 	1548793.1
342.28457 	1528944.6
343.08617 	1509096.1
343.88778 	1489247.6
344.68938 	1469399.3
345.49098 	1449551
346.29259 	1429702.8
347.09419 	1409854.6
347.89579 	1390006.5
348.69739 	1370158.5
349.499 	1350310.5
350.3006 	1330462.6
351.1022 	1310614.8
351.90381 	1290767
352.70541 	1270919.3
353.50701 	1251071.7
354.30862 	1231224.1
355.11022 	1211376.6
355.91182 	1191529.2
356.71343 	1171681.8
357.51503 	1151834.5
358.31663 	1131987.2
359.11824 	1112140
359.91984 	1092292.8
360.72144 	1072445.8
361.52305 	1052598.7
362.32465 	1032751.7
363.12625 	1012904.8
363.92786 	993057.94
364.72946 	973211.11
365.53106 	953364.34
366.33267 	933517.61
367.13427 	913670.93
367.93587 	893824.3
368.73747 	873977.71
369.53908 	854131.17
370.34068 	834284.68
371.14228 	814438.23
371.94389 	794591.82
372.74549 	774745.46
373.54709 	754899.15
374.3487 	735052.88
375.1503 	715206.66
375.9519 	695360.48
376.75351 	675514.35
377.55511 	655668.27
379.15832 	615976.26
379.95992 	596130.32
381.56313 	556438.62
382.36473 	536592.85
383.16633 	516747.13
383.96794 	496901.47
384.76954 	477055.87
385.57114 	457210.32
386.37275 	437364.83
387.17435 	417519.4
387.97595 	397674.02
388.77756 	377828.71
389.57916 	357983.45
390.38076 	338138.25
391.18236 	318293.11
391.98397 	298448.02
392.78557 	278602.99
393.58717 	258758.02
394.38878 	238913.09
395.19038 	219068.22
395.99198 	199223.4
396.79359 	179378.63
397.59519 	159533.91
399.1984 	119844.6
400 	100483.34
