0 	9108230.1
6.4128257 	8996362.3
34.468938 	8426651.2
37.675351 	8356138.5
40.881764 	8278597.6
50.501002 	8123828.4
53.707415 	8068692.8
62.52505 	7907548.8
65.731463 	7831786.2
68.937876 	7758532.1
69.739479 	7740006.9
96.993988 	7478984.6
103.40681 	7478464
106.61323 	7477072.7
116.23246 	7368102.7
123.44689 	7184134.1
125.05 	7143407.1
125.8517 	7123051.9
128.25651 	7062015.7
131.46293 	6980617.3
151.50301 	6468133.8
153.90782 	6406353.2
156.31263 	6344587.8
159.51904 	6262281.9
166.73347 	6077366.6
169.13828 	6015807.2
175.5511 	5851748
176.35271 	5831243.2
187.57515 	5544033
190.78156 	5461921.8
200.4008 	5215537.8
201.2024 	5195003.6
202.00401 	5174469.1
202.80561 	5153934
203.60721 	5133398.5
204.40882 	5112862.4
205.21042 	5092325.7
206.01202 	5071788.4
206.81363 	5051250.4
207.61523 	5030711.7
208.41683 	5010172.3
209.21844 	4989632.1
210.02004 	4969091.1
210.82164 	4948549.3
211.62325 	4928006.7
212.42485 	4907463.3
213.22645 	4886919.2
214.02806 	4866374.2
214.82966 	4845828.4
215.63126 	4825281.8
216.43287 	4804734.6
217.23447 	4784186.6
218.03607 	4763637.9
219.63928 	4722538.7
220.44088 	4701988.3
221.24248 	4681437.4
222.04409 	4660886
222.84569 	4640334.3
223.64729 	4619782.2
224.4489 	4599229.8
225.2505 	4578677.2
226.0521 	4558124.4
227.65531 	4517018.3
228.45691 	4496465.1
229.25852 	4475911.9
230.86172 	4434805.2
231.66333 	4414251.7
232.46493 	4393698.2
234.06814 	4352590.8
234.86974 	4332036.9
235.67134 	4311482.8
236.47295 	4290928.6
237.27455 	4270374.3
238.07615 	4249819.7
238.87776 	4229265
239.67936 	4208710.2
240.48096 	4188155.2
241.28257 	4167600.2
242.08417 	4147045.2
242.88577 	4126490.3
243.68737 	4105935.6
244.48898 	4085381.1
245.29058 	4064827
246.09218 	4044273.3
246.89379 	4023720.1
247.69539 	4003167.6
248.49699 	3982615.8
249.2986 	3962064.7
250.1002 	3941514.4
250.9018 	3920964.9
251.70341 	3900416.2
252.50501 	3879868.2
253.30661 	3859320.9
254.10822 	3838774.2
254.90982 	3818228
255.71142 	3797682.2
256.51303 	3777136.6
257.31463 	3756591.2
258.11623 	3736045.7
258.91784 	3715499.9
259.71944 	3694953.9
260.52104 	3674407.3
261.32265 	3653860.1
262.12425 	3633312.1
262.92585 	3612763.2
263.72745 	3592213.3
264.52906 	3571662.3
265.33066 	3551110.2
266.13226 	3530556.8
266.93387 	3510002.2
267.73547 	3489446.2
268.53707 	3468889
269.33868 	3448330.6
270.14028 	3427770.8
270.94188 	3407209.8
271.74349 	3386647.6
272.54509 	3366084.3
273.34669 	3345520
274.1483 	3324954.6
274.9499 	3304388.4
274.95 	3304385.8
275.7515 	3283821.3
276.55311 	3263253.5
277.35471 	3242685.1
278.95792 	3201547
279.75952 	3180977.4
280.56112 	3160407.6
281.36273 	3139837.8
282.16433 	3119268.1
282.96593 	3098698.5
283.76754 	3078129.1
284.56914 	3057560.2
285.37074 	3036991.6
286.17234 	3016423.6
286.97395 	2995856.2
288.57715 	2954723.6
289.37876 	2934158.4
290.18036 	2913594.1
290.98196 	2893030.7
291.78357 	2872468.2
292.58517 	2851906.7
293.38677 	2831346.1
294.18838 	2810786.4
294.98998 	2790227.8
295.79158 	2769670.1
296.59319 	2749113.5
297.39479 	2728557.8
298.19639 	2708003.2
298.998 	2687449.5
299.7996 	2666896.9
300.6012 	2646345.3
301.40281 	2625794.9
302.20441 	2605245.5
303.00601 	2584697.3
303.80762 	2564150.4
304.60922 	2543604.8
306.21242 	2502517.8
307.01403 	2481976.6
307.81563 	2461437.1
308.61723 	2440899.5
309.41884 	2420363.8
310.22044 	2399830.2
311.02204 	2379298.9
311.82365 	2358770
312.62525 	2338243.6
313.42685 	2317719.8
314.22846 	2297198.9
315.03006 	2276680.9
315.83166 	2256166
316.63327 	2235654.1
317.43487 	2215145.4
318.23647 	2194639.9
319.03808 	2174137.5
319.83968 	2153638.3
320.64128 	2133142
321.44289 	2112648.7
322.24449 	2092158
323.04609 	2071669.8
323.8477 	2051183.7
324.6493 	2030699.4
325.4509 	2010216.6
326.25251 	1989734.9
327.05411 	1969253.7
327.85571 	1948772.6
328.65731 	1928291.1
329.45892 	1907808.7
330.26052 	1887324.8
331.06212 	1866838.9
331.86373 	1846350.6
332.66533 	1825859.3
333.46693 	1805364.7
334.26854 	1784866.2
335.07014 	1764363.6
335.87174 	1743856.5
336.67335 	1723344.6
337.47495 	1702827.9
338.27655 	1682306.2
339.07816 	1661779.4
339.87976 	1641247.6
340.68136 	1620710.8
341.48297 	1600169.2
342.28457 	1579623
343.08617 	1559072.4
343.88778 	1538517.7
344.68938 	1517959.4
345.49098 	1497397.7
346.29259 	1476833.1
347.09419 	1456265.9
347.89579 	1435696.7
348.69739 	1415125.8
349.499 	1394553.7
350.3006 	1373980.8
351.1022 	1353407.6
351.90381 	1332834.3
352.70541 	1312261.4
353.50701 	1291689.2
354.30862 	1271118
355.11022 	1250548
355.91182 	1229979.5
356.71343 	1209412.8
357.51503 	1188847.8
358.31663 	1168284.8
359.11824 	1147723.8
359.91984 	1127164.8
360.72144 	1106607.9
361.52305 	1086053
362.32465 	1065500.1
363.12625 	1044949.1
363.92786 	1024399.8
364.72946 	1003852.2
365.53106 	983306.08
366.33267 	962761.32
367.13427 	942217.75
367.93587 	921675.23
368.73747 	901133.57
369.53908 	880592.63
370.34068 	860052.25
371.14228 	839512.28
371.94389 	818972.58
372.74549 	798433.03
373.54709 	777893.53
374.3487 	757353.97
375.1503 	736814.27
375.9519 	716274.35
376.75351 	695734.18
377.55511 	675193.71
379.15832 	634111.77
379.95992 	613570.29
381.56313 	572486.35
382.36473 	551943.92
383.16633 	531401.24
383.96794 	510858.33
384.76954 	490315.23
385.57114 	469771.98
386.37275 	449228.63
387.17435 	428685.2
387.97595 	408141.74
388.77756 	387598.29
389.57916 	367054.87
390.38076 	346511.51
391.18236 	325968.24
391.98397 	305425.08
392.78557 	284882.03
393.58717 	264339.11
394.38878 	243796.32
395.19038 	223253.67
395.99198 	202711.14
396.79359 	182168.73
397.59519 	161626.43
399.1984 	120542.08
400 	100500.33
