0 	8246857.5
6.4128257 	8133886.8
34.468938 	7752089.4
37.675351 	7697131
40.881764 	7612873
50.501002 	7360304.4
53.707415 	7275764.3
62.52505 	7043997.4
65.731463 	6960951.6
68.937876 	6917645.6
69.739479 	6913462.6
96.993988 	6483724.7
103.40681 	6391930.8
106.61323 	6318059
116.23246 	6100092.3
123.44689 	5919840.1
125.05 	5877718.7
125.8517 	5858625.4
128.25651 	5803042.9
131.46293 	5725754.6
151.50301 	5374827.6
153.90782 	5374057.3
156.31263 	5373296.4
159.51904 	5372345.2
166.73347 	5370829.3
169.13828 	5370261.1
175.5511 	5369730.8
176.35271 	5369680.1
187.57515 	5369036.6
190.78156 	5368646
200.4008 	5366709.8
201.2024 	5366355.3
202.00401 	5366110.5
202.80561 	5365879.7
203.60721 	5365342.5
204.40882 	5364696.2
205.21042 	5363996.3
206.01202 	5363322.9
206.81363 	5362786.8
207.61523 	5362247
208.41683 	5361720.5
209.21844 	5361209.5
210.02004 	5360517.3
210.82164 	5359823.1
211.62325 	5358858.3
212.42485 	5356840.4
213.22645 	5352406.9
214.02806 	5343704.3
214.82966 	5328713
215.63126 	5308513
216.43287 	5285982.7
217.23447 	5263124.6
218.03607 	5240304.3
219.63928 	5194717.1
220.44088 	5171930.9
221.24248 	5149147.9
222.04409 	5126369.2
222.84569 	5103596.9
223.64729 	5080832.9
224.4489 	5058077.7
225.2505 	5035331.1
226.0521 	5012593.8
227.65531 	4967151.1
228.45691 	4944448.6
229.25852 	4921761.5
230.86172 	4876444.5
231.66333 	4853818.1
232.46493 	4831212.9
234.06814 	4786057.9
234.86974 	4763503.4
235.67134 	4740961.2
236.47295 	4718428.3
237.27455 	4695900.2
238.07615 	4673372
238.87776 	4650839.3
239.67936 	4628300.3
240.48096 	4605756.5
241.28257 	4583212.3
242.08417 	4560673.2
242.88577 	4538143.6
243.68737 	4515625.1
244.48898 	4493116.6
245.29058 	4470614.7
246.09218 	4448115
246.89379 	4425612.8
247.69539 	4403104.5
248.49699 	4380587
249.2986 	4358058.7
250.1002 	4335518.8
250.9018 	4312967
251.70341 	4290403.7
252.50501 	4267829.4
253.30661 	4245244.3
254.10822 	4222648.8
254.90982 	4200043
255.71142 	4177426.8
256.51303 	4154800.3
257.31463 	4132163.1
258.11623 	4109515.1
258.91784 	4086856
259.71944 	4064185.7
260.52104 	4041504.3
261.32265 	4018812.2
262.12425 	3996110.4
262.92585 	3973400.1
263.72745 	3950683
264.52906 	3927960.8
265.33066 	3905235.6
266.13226 	3882509.2
266.93387 	3859783.2
267.73547 	3837059.1
268.53707 	3814338.2
269.33868 	3791621.5
270.14028 	3768910.3
270.94188 	3746205.9
271.74349 	3723509.8
272.54509 	3700823.8
273.34669 	3678149.8
274.1483 	3655489.8
274.9499 	3632845.5
274.95 	3632842.7
275.7515 	3610218.1
276.55311 	3587607.6
277.35471 	3565013.4
278.95792 	3519862.1
279.75952 	3497295.6
280.56112 	3474726.7
281.36273 	3452148.6
282.16433 	3429554.4
282.96593 	3406938.9
283.76754 	3384298.4
284.56914 	3361631.6
285.37074 	3338939.1
286.17234 	3316223.6
286.97395 	3293489.1
288.57715 	3247981.3
289.37876 	3225216.9
290.18036 	3202450.3
290.98196 	3179684.2
291.78357 	3156920.6
292.58517 	3134160.6
293.38677 	3111405.1
294.18838 	3088654.5
294.98998 	3065909
295.79158 	3043168.9
296.59319 	3020434.4
297.39479 	2997705.4
298.19639 	2974982.3
298.998 	2952265
299.7996 	2929553.6
300.6012 	2906848
301.40281 	2884148
302.20441 	2861453.4
303.00601 	2838764
303.80762 	2816079.4
304.60922 	2793399.2
306.21242 	2748050.5
307.01403 	2725381.4
307.81563 	2702715.3
308.61723 	2680052
309.41884 	2657391.2
310.22044 	2634732.7
311.02204 	2612076.4
311.82365 	2589422
312.62525 	2566769.3
313.42685 	2544118.2
314.22846 	2521468.3
315.03006 	2498819.4
315.83166 	2476171.4
316.63327 	2453524
317.43487 	2430876.9
318.23647 	2408229.9
319.03808 	2385582.8
319.83968 	2362935.5
320.64128 	2340287.7
321.44289 	2317639.4
322.24449 	2294990.4
323.04609 	2272340.8
323.8477 	2249690.4
324.6493 	2227039.2
325.4509 	2204387.3
326.25251 	2181734.7
327.05411 	2159081.5
327.85571 	2136427.7
328.65731 	2113773.3
329.45892 	2091118.4
330.26052 	2068463.1
331.06212 	2045807.4
331.86373 	2023151.2
332.66533 	2000494.6
333.46693 	1977837.6
334.26854 	1955180.1
335.07014 	1932522.1
335.87174 	1909863.7
336.67335 	1887204.8
337.47495 	1864545.5
338.27655 	1841885.8
339.07816 	1819225.8
339.87976 	1796565.8
340.68136 	1773905.8
341.48297 	1751246.1
342.28457 	1728586.9
343.08617 	1705928.4
343.88778 	1683271
344.68938 	1660614.9
345.49098 	1637960.4
346.29259 	1615307.7
347.09419 	1592657.1
347.89579 	1570008.8
348.69739 	1547363
349.499 	1524719.9
350.3006 	1502079.4
351.1022 	1479441.7
351.90381 	1456806.8
352.70541 	1434174.6
353.50701 	1411545
354.30862 	1388917.8
355.11022 	1366293
355.91182 	1343670.3
356.71343 	1321049.4
357.51503 	1298430.2
358.31663 	1275812.2
359.11824 	1253195.4
359.91984 	1230579.3
360.72144 	1207963.8
361.52305 	1185348.6
362.32465 	1162733.7
363.12625 	1140118.7
363.92786 	1117503.7
364.72946 	1094888.5
365.53106 	1072273
366.33267 	1049657.3
367.13427 	1027041.3
367.93587 	1004425.1
368.73747 	981808.64
369.53908 	959192.04
370.34068 	936575.31
371.14228 	913958.48
371.94389 	891341.59
372.74549 	868724.65
373.54709 	846107.68
374.3487 	823490.67
375.1503 	800873.64
375.9519 	778256.57
376.75351 	755639.46
377.55511 	733022.32
379.15832 	687788.01
379.95992 	665170.91
381.56313 	619937.15
382.36473 	597320.67
383.16633 	574704.61
383.96794 	552089.09
384.76954 	529474.24
385.57114 	506860.19
386.37275 	484247.07
387.17435 	461635
387.97595 	439024.06
388.77756 	416414.36
389.57916 	393805.94
390.38076 	371198.84
391.18236 	348593.08
391.98397 	325988.65
392.78557 	303385.52
393.58717 	280783.61
394.38878 	258182.87
395.19038 	235583.18
395.99198 	212984.44
396.79359 	190386.51
397.59519 	167789.26
399.1984 	122596.17
400 	100550.36
