0 	9833994.5
6.4128257 	9719596.9
34.468938 	9120214.2
37.675351 	9041105.7
40.881764 	8961997.2
50.501002 	8724646.7
53.707415 	8645519.7
62.52505 	8427901.9
65.731463 	8348764.6
68.937876 	8269626.9
69.739479 	8249842.4
96.993988 	7577072.9
103.40681 	7418744.9
106.61323 	7339578.6
116.23246 	7102072.9
123.44689 	6923941.9
125.05 	6884359.9
125.8517 	6864565.2
128.25651 	6805188.6
131.46293 	6726020
151.50301 	6231215
153.90782 	6171838
156.31263 	6112460.9
159.51904 	6033291.5
166.73347 	5855161.4
169.13828 	5795785.3
175.5511 	5637452.5
176.35271 	5617661.3
187.57515 	5340600.2
190.78156 	5261447
200.4008 	5024016.2
201.2024 	5004232.6
202.00401 	4984449.5
202.80561 	4964666.7
203.60721 	4944884.4
204.40882 	4925102.4
205.21042 	4905320.9
206.01202 	4885539.9
206.81363 	4865759.3
207.61523 	4845979.1
208.41683 	4826199.4
209.21844 	4806420.1
210.02004 	4786641.3
210.82164 	4766862.9
211.62325 	4747085
212.42485 	4727307.5
213.22645 	4707530.5
214.02806 	4687753.9
214.82966 	4667977.8
215.63126 	4648202.1
216.43287 	4628426.8
217.23447 	4608652
218.03607 	4588877.6
219.63928 	4549330
220.44088 	4529556.8
221.24248 	4509784
222.04409 	4490011.5
222.84569 	4470239.5
223.64729 	4450467.7
224.4489 	4430696.3
225.2505 	4410925.2
226.0521 	4391154.5
227.65531 	4351613.8
228.45691 	4331843.9
229.25852 	4312074.2
230.86172 	4272535.5
231.66333 	4252766.5
232.46493 	4232997.7
234.06814 	4193460.5
234.86974 	4173692.2
235.67134 	4153923.9
236.47295 	4134155.8
237.27455 	4114387.7
238.07615 	4094619.8
238.87776 	4074851.8
239.67936 	4055084
240.48096 	4035316.1
241.28257 	4015548.3
242.08417 	3995780.5
242.88577 	3976012.7
243.68737 	3956244.8
244.48898 	3936476.9
245.29058 	3916709
246.09218 	3896940.9
246.89379 	3877172.9
247.69539 	3857404.7
248.49699 	3837636.4
249.2986 	3817868.1
250.1002 	3798099.6
250.9018 	3778331
251.70341 	3758562.2
252.50501 	3738793.4
253.30661 	3719024.4
254.10822 	3699255.2
254.90982 	3679485.9
255.71142 	3659716.5
256.51303 	3639946.8
257.31463 	3620177.1
258.11623 	3600407.1
258.91784 	3580637
259.71944 	3560866.8
260.52104 	3541096.3
261.32265 	3521325.7
262.12425 	3501555
262.92585 	3481784.1
263.72745 	3462013
264.52906 	3442241.8
265.33066 	3422470.4
266.13226 	3402698.9
266.93387 	3382927.3
267.73547 	3363155.5
268.53707 	3343383.6
269.33868 	3323611.6
270.14028 	3303839.5
270.94188 	3284067.2
271.74349 	3264294.9
272.54509 	3244522.4
273.34669 	3224749.9
274.1483 	3204977.3
274.9499 	3185204.6
274.95 	3185202.1
275.7515 	3165431.8
276.55311 	3145659
277.35471 	3125886.2
278.95792 	3086340.3
279.75952 	3066567.3
280.56112 	3046794.3
281.36273 	3027021.3
282.16433 	3007248.3
282.96593 	2987475.2
283.76754 	2967702.2
284.56914 	2947929.1
285.37074 	2928156.1
286.17234 	2908383.1
286.97395 	2888610
288.57715 	2849064
289.37876 	2829291
290.18036 	2809518
290.98196 	2789745.1
291.78357 	2769972.1
292.58517 	2750199.2
293.38677 	2730426.3
294.18838 	2710653.4
294.98998 	2690880.5
295.79158 	2671107.6
296.59319 	2651334.7
297.39479 	2631561.9
298.19639 	2611789
298.998 	2592016.1
299.7996 	2572243.1
300.6012 	2552470.2
301.40281 	2532697.2
302.20441 	2512924.2
303.00601 	2493151.2
303.80762 	2473378.1
304.60922 	2453604.9
306.21242 	2414058.4
307.01403 	2394285
307.81563 	2374511.5
308.61723 	2354738
309.41884 	2334964.3
310.22044 	2315190.5
311.02204 	2295416.6
311.82365 	2275642.6
312.62525 	2255868.4
313.42685 	2236094.1
314.22846 	2216319.6
315.03006 	2196544.9
315.83166 	2176770.1
316.63327 	2156995.1
317.43487 	2137220
318.23647 	2117444.6
319.03808 	2097669.1
319.83968 	2077893.3
320.64128 	2058117.4
321.44289 	2038341.2
322.24449 	2018564.8
323.04609 	1998788.2
323.8477 	1979011.4
324.6493 	1959234.4
325.4509 	1939457.1
326.25251 	1919679.6
327.05411 	1899901.9
327.85571 	1880124
328.65731 	1860345.8
329.45892 	1840567.4
330.26052 	1820788.8
331.06212 	1801010
331.86373 	1781231
332.66533 	1761451.7
333.46693 	1741672.2
334.26854 	1721892.6
335.07014 	1702112.7
335.87174 	1682332.6
336.67335 	1662552.4
337.47495 	1642771.9
338.27655 	1622991.3
339.07816 	1603210.6
339.87976 	1583429.6
340.68136 	1563648.6
341.48297 	1543867.3
342.28457 	1524086
343.08617 	1504304.5
343.88778 	1484522.9
344.68938 	1464741.2
345.49098 	1444959.5
346.29259 	1425177.6
347.09419 	1405395.7
347.89579 	1385613.7
348.69739 	1365831.7
349.499 	1346049.6
350.3006 	1326267.5
351.1022 	1306485.4
351.90381 	1286703.3
352.70541 	1266921.2
353.50701 	1247139.1
354.30862 	1227357
355.11022 	1207575
355.91182 	1187793.1
356.71343 	1168011.2
357.51503 	1148229.3
358.31663 	1128447.6
359.11824 	1108665.9
359.91984 	1088884.3
360.72144 	1069102.8
361.52305 	1049321.5
362.32465 	1029540.3
363.12625 	1009759.1
363.92786 	989978.17
364.72946 	970197.35
365.53106 	950416.67
366.33267 	930636.14
367.13427 	910855.77
367.93587 	891075.56
368.73747 	871295.52
369.53908 	851515.65
370.34068 	831735.96
371.14228 	811956.44
371.94389 	792177.09
372.74549 	772397.93
373.54709 	752618.95
374.3487 	732840.15
375.1503 	713061.53
375.9519 	693283.1
376.75351 	673504.84
377.55511 	653726.77
379.15832 	614171.16
379.95992 	594393.61
381.56313 	554839.04
382.36473 	535062.01
383.16633 	515285.14
383.96794 	495508.43
384.76954 	475731.87
385.57114 	455955.47
386.37275 	436179.21
387.17435 	416403.1
387.97595 	396627.12
388.77756 	376851.27
389.57916 	357075.55
390.38076 	337299.95
391.18236 	317524.46
391.98397 	297749.09
392.78557 	277973.82
393.58717 	258198.64
394.38878 	238423.56
395.19038 	218648.56
395.99198 	198873.64
396.79359 	179098.79
397.59519 	159324.01
399.1984 	119774.62
400 	100481.64
