0 	9361221.9
6.4128257 	9260848.8
34.468938 	8657782
37.675351 	8580841.7
40.881764 	8488117.3
50.501002 	8278887.1
53.707415 	8212178.7
62.52505 	8151326.3
65.731463 	8150545.5
68.937876 	8149377.9
69.739479 	8149101.4
96.993988 	7734013.7
103.40681 	7572043.8
106.61323 	7491179.9
116.23246 	7248925.9
123.44689 	7067462.3
125.05 	7027150
125.8517 	7006990.2
128.25651 	6946515.5
131.46293 	6865869.4
151.50301 	6361122.4
153.90782 	6300488
156.31263 	6239857.1
159.51904 	6159029.1
166.73347 	5977239.2
169.13828 	5916660.7
175.5511 	5755127.3
176.35271 	5734934.3
187.57515 	5452140.3
190.78156 	5371309.1
200.4008 	5128779.5
201.2024 	5108569.6
202.00401 	5088360.3
202.80561 	5068151.4
203.60721 	5047943.2
204.40882 	5027735.5
205.21042 	5007528.4
206.01202 	4987321.9
206.81363 	4967115.9
207.61523 	4946910.4
208.41683 	4926705.3
209.21844 	4906500.5
210.02004 	4886296
210.82164 	4866091.6
211.62325 	4845887.2
212.42485 	4825682.8
213.22645 	4805478.2
214.02806 	4785273.3
214.82966 	4765068
215.63126 	4744862.2
216.43287 	4724655.7
217.23447 	4704448.5
218.03607 	4684240.3
219.63928 	4643821.1
220.44088 	4623609.9
221.24248 	4603397.4
222.04409 	4583183.6
222.84569 	4562968.5
223.64729 	4542752
224.4489 	4522534.2
225.2505 	4502314.9
226.0521 	4482094.2
227.65531 	4441648.6
228.45691 	4421423.8
229.25852 	4401197.8
230.86172 	4360742.3
231.66333 	4340513
232.46493 	4320282.8
234.06814 	4279820.5
234.86974 	4259588.6
235.67134 	4239356.4
236.47295 	4219124.1
237.27455 	4198891.9
238.07615 	4178659.9
238.87776 	4158428.3
239.67936 	4138197.3
240.48096 	4117967.1
241.28257 	4097737.8
242.08417 	4077509.5
242.88577 	4057282.5
243.68737 	4037056.9
244.48898 	4016832.8
245.29058 	3996610.3
246.09218 	3976389.6
246.89379 	3956170.7
247.69539 	3935953.7
248.49699 	3915738.8
249.2986 	3895525.9
250.1002 	3875315.1
250.9018 	3855106.4
251.70341 	3834899.9
252.50501 	3814695.4
253.30661 	3794493.1
254.10822 	3774292.8
254.90982 	3754094.5
255.71142 	3733898.2
256.51303 	3713703.8
257.31463 	3693511.2
258.11623 	3673320.4
258.91784 	3653131.2
259.71944 	3632943.5
260.52104 	3612757.3
261.32265 	3592572.5
262.12425 	3572388.9
262.92585 	3552206.5
263.72745 	3532025.2
264.52906 	3511844.9
265.33066 	3491665.4
266.13226 	3471486.7
266.93387 	3451308.8
267.73547 	3431131.4
268.53707 	3410954.7
269.33868 	3390778.4
270.14028 	3370602.6
270.94188 	3350427.1
271.74349 	3330251.9
272.54509 	3310077
273.34669 	3289902.4
274.1483 	3269727.8
274.9499 	3249553.4
274.95 	3249550.9
275.7515 	3229379.2
276.55311 	3209204.9
277.35471 	3189030.7
278.95792 	3148682.3
279.75952 	3128508
280.56112 	3108333.7
281.36273 	3088159.2
282.16433 	3067984.7
282.96593 	3047810
283.76754 	3027635.1
284.56914 	3007460.1
285.37074 	2987284.9
286.17234 	2967109.4
286.97395 	2946933.8
288.57715 	2906581.7
289.37876 	2886405.2
290.18036 	2866228.5
290.98196 	2846051.4
291.78357 	2825874
292.58517 	2805696.3
293.38677 	2785518.2
294.18838 	2765339.8
294.98998 	2745161
295.79158 	2724981.8
296.59319 	2704802.2
297.39479 	2684622.2
298.19639 	2664441.8
298.998 	2644261
299.7996 	2624079.9
300.6012 	2603898.3
301.40281 	2583716.3
302.20441 	2563534
303.00601 	2543351.2
303.80762 	2523168.1
304.60922 	2502984.6
306.21242 	2462616.6
307.01403 	2442432.1
307.81563 	2422247.3
308.61723 	2402062.2
309.41884 	2381876.8
310.22044 	2361691.1
311.02204 	2341505.1
311.82365 	2321318.8
312.62525 	2301132.4
313.42685 	2280945.7
314.22846 	2260758.7
315.03006 	2240571.6
315.83166 	2220384.2
316.63327 	2200196.6
317.43487 	2180008.9
318.23647 	2159820.9
319.03808 	2139632.8
319.83968 	2119444.5
320.64128 	2099256.1
321.44289 	2079067.5
322.24449 	2058878.7
323.04609 	2038689.7
323.8477 	2018500.6
324.6493 	1998311.4
325.4509 	1978122
326.25251 	1957932.5
327.05411 	1937742.8
327.85571 	1917552.9
328.65731 	1897363
329.45892 	1877172.9
330.26052 	1856982.6
331.06212 	1836792.2
331.86373 	1816601.7
332.66533 	1796411.1
333.46693 	1776220.3
334.26854 	1756029.5
335.07014 	1735838.5
335.87174 	1715647.4
336.67335 	1695456.1
337.47495 	1675264.8
338.27655 	1655073.4
339.07816 	1634881.9
339.87976 	1614690.3
340.68136 	1594498.7
341.48297 	1574306.9
342.28457 	1554115.1
343.08617 	1533923.2
343.88778 	1513731.3
344.68938 	1493539.3
345.49098 	1473347.3
346.29259 	1453155.2
347.09419 	1432963.1
347.89579 	1412771
348.69739 	1392578.9
349.499 	1372386.8
350.3006 	1352194.6
351.1022 	1332002.4
351.90381 	1311810.3
352.70541 	1291618.1
353.50701 	1271425.9
354.30862 	1251233.8
355.11022 	1231041.6
355.91182 	1210849.4
356.71343 	1190657.3
357.51503 	1170465.1
358.31663 	1150272.9
359.11824 	1130080.7
359.91984 	1109888.4
360.72144 	1089696.1
361.52305 	1069503.7
362.32465 	1049311.3
363.12625 	1029118.8
363.92786 	1008926.2
364.72946 	988733.56
365.53106 	968540.75
366.33267 	948347.8
367.13427 	928154.71
367.93587 	907961.45
368.73747 	887768
369.53908 	867574.35
370.34068 	847380.49
371.14228 	827186.39
371.94389 	806992.05
372.74549 	786797.44
373.54709 	766602.56
374.3487 	746407.39
375.1503 	726211.91
375.9519 	706016.12
376.75351 	685820
377.55511 	665623.56
379.15832 	625229.63
379.95992 	605032.15
381.56313 	564636.11
382.36473 	544437.56
383.16633 	524238.66
383.96794 	504039.4
384.76954 	483839.81
385.57114 	463639.87
386.37275 	443439.6
387.17435 	423239.02
387.97595 	403038.12
388.77756 	382836.94
389.57916 	362635.47
390.38076 	342433.74
391.18236 	322231.77
391.98397 	302029.57
392.78557 	281827.16
393.58717 	261624.57
394.38878 	241421.81
395.19038 	221218.92
395.99198 	201015.9
396.79359 	180812.8
397.59519 	160609.64
399.1984 	120203.21
400 	100492.08
