0 	8426226
6.4128257 	8299719.5
34.468938 	7802344.7
37.675351 	7723955.8
40.881764 	7645596.9
50.501002 	7410236.6
53.707415 	7348088.4
62.52505 	7195153.6
65.731463 	7184507
68.937876 	7161581
69.739479 	7144719.1
96.993988 	6564287.8
103.40681 	6431753.1
106.61323 	6364976.7
116.23246 	6173102.9
123.44689 	5992962.4
125.05 	5948395.6
125.8517 	5923592.8
128.25651 	5854202.3
131.46293 	5765273.2
151.50301 	5590522
153.90782 	5589634.5
156.31263 	5589736.7
159.51904 	5590957.3
166.73347 	5587409.7
169.13828 	5586123.2
175.5511 	5583881.9
176.35271 	5583760.1
187.57515 	5580843.2
190.78156 	5579865.7
200.4008 	5562735.2
201.2024 	5546793.8
202.00401 	5526236.2
202.80561 	5504422.9
203.60721 	5482600.3
204.40882 	5460822.9
205.21042 	5439044.4
206.01202 	5417245.9
206.81363 	5395417.3
207.61523 	5373551.5
208.41683 	5351643.6
209.21844 	5329690.9
210.02004 	5307692.3
210.82164 	5285648.7
211.62325 	5263562
212.42485 	5241436
213.22645 	5219275.3
214.02806 	5197085.6
214.82966 	5174872.8
215.63126 	5152642.5
216.43287 	5130400
217.23447 	5108149.8
218.03607 	5085895.5
219.63928 	5041386.6
220.44088 	5019136.9
221.24248 	4996893.6
222.04409 	4974659.3
222.84569 	4952436.9
223.64729 	4930229.2
224.4489 	4908038.9
225.2505 	4885867.9
226.0521 	4863717.7
227.65531 	4819480.8
228.45691 	4797393.2
229.25852 	4775324.8
230.86172 	4731239.6
231.66333 	4709219.7
232.46493 	4687212.5
234.06814 	4643229.6
234.86974 	4621250.3
235.67134 	4599277.1
236.47295 	4577308.5
237.27455 	4555343.1
238.07615 	4533379.9
238.87776 	4511417.7
239.67936 	4489455.8
240.48096 	4467493.6
241.28257 	4445530.5
242.08417 	4423566.2
242.88577 	4401600.7
243.68737 	4379633.8
244.48898 	4357665.7
245.29058 	4335696.6
246.09218 	4313726.5
246.89379 	4291755.6
247.69539 	4269784.1
248.49699 	4247812.1
249.2986 	4225839.8
250.1002 	4203867.5
250.9018 	4181895.5
251.70341 	4159923.9
252.50501 	4137953.3
253.30661 	4115983.9
254.10822 	4094016
254.90982 	4072049.7
255.71142 	4050085.2
256.51303 	4028122.7
257.31463 	4006162.1
258.11623 	3984203.4
258.91784 	3962246.5
259.71944 	3940291.5
260.52104 	3918338.2
261.32265 	3896386.4
262.12425 	3874436.1
262.92585 	3852487.1
263.72745 	3830539.3
264.52906 	3808592.5
265.33066 	3786646.7
266.13226 	3764701.9
266.93387 	3742758
267.73547 	3720814.9
268.53707 	3698872.6
269.33868 	3676930.7
270.14028 	3654989
270.94188 	3633047
271.74349 	3611104.3
272.54509 	3589160.4
273.34669 	3567214.8
274.1483 	3545267.1
274.9499 	3523317.1
274.95 	3523314.3
275.7515 	3501364.7
276.55311 	3479409.9
277.35471 	3457453.1
278.95792 	3413534.1
279.75952 	3391572.8
280.56112 	3369610.8
281.36273 	3347648.5
282.16433 	3325686.4
282.96593 	3303724.5
283.76754 	3281763.2
284.56914 	3259802.5
285.37074 	3237842.5
286.17234 	3215883.1
286.97395 	3193924.2
288.57715 	3150006.8
289.37876 	3128047.9
290.18036 	3106088.5
290.98196 	3084128.3
291.78357 	3062167.3
292.58517 	3040205.2
293.38677 	3018242.1
294.18838 	2996278
294.98998 	2974312.9
295.79158 	2952347.1
296.59319 	2930380.7
297.39479 	2908413.9
298.19639 	2886446.8
298.998 	2864479.7
299.7996 	2842512.6
300.6012 	2820545.7
301.40281 	2798578.9
302.20441 	2776612.3
303.00601 	2754645.7
303.80762 	2732679.3
304.60922 	2710712.8
306.21242 	2666779.4
307.01403 	2644812.4
307.81563 	2622845.2
308.61723 	2600877.6
309.41884 	2578909.8
310.22044 	2556941.8
311.02204 	2534973.5
311.82365 	2513005.1
312.62525 	2491036.7
313.42685 	2469068.3
314.22846 	2447100
315.03006 	2425131.9
315.83166 	2403164.1
316.63327 	2381196.6
317.43487 	2359229.3
318.23647 	2337262.5
319.03808 	2315296
319.83968 	2293329.9
320.64128 	2271364.1
321.44289 	2249398.8
322.24449 	2227433.8
323.04609 	2205469.3
323.8477 	2183505.2
324.6493 	2161541.7
325.4509 	2139579
326.25251 	2117617
327.05411 	2095656.1
327.85571 	2073696.3
328.65731 	2051737.9
329.45892 	2029781
330.26052 	2007825.7
331.06212 	1985872.1
331.86373 	1963920.4
332.66533 	1941970.5
333.46693 	1920022.5
334.26854 	1898076.2
335.07014 	1876131.6
335.87174 	1854188.6
336.67335 	1832247
337.47495 	1810306.9
338.27655 	1788368.1
339.07816 	1766430.5
339.87976 	1744494.1
340.68136 	1722558.8
341.48297 	1700624.7
342.28457 	1678691.8
343.08617 	1656760
343.88778 	1634829.4
344.68938 	1612900
345.49098 	1590971.9
346.29259 	1569044.8
347.09419 	1547119
347.89579 	1525194.2
348.69739 	1503270.4
349.499 	1481347.6
350.3006 	1459425.6
351.1022 	1437504.2
351.90381 	1415583.5
352.70541 	1393663.3
353.50701 	1371743.5
354.30862 	1349823.9
355.11022 	1327904.5
355.91182 	1305985.1
356.71343 	1284065.7
357.51503 	1262146.2
358.31663 	1240226.4
359.11824 	1218306.4
359.91984 	1196386
360.72144 	1174465.2
361.52305 	1152543.9
362.32465 	1130622.1
363.12625 	1108699.8
363.92786 	1086776.9
364.72946 	1064853.4
365.53106 	1042929.4
366.33267 	1021004.9
367.13427 	999079.91
367.93587 	977154.44
368.73747 	955228.57
369.53908 	933302.35
370.34068 	911375.85
371.14228 	889449.11
371.94389 	867522.21
372.74549 	845595.2
373.54709 	823668.12
374.3487 	801741.01
375.1503 	779813.92
375.9519 	757886.85
376.75351 	735959.81
377.55511 	714032.79
379.15832 	670178.76
379.95992 	648251.67
381.56313 	604397.16
382.36473 	582469.63
383.16633 	560541.85
383.96794 	538613.78
384.76954 	516685.38
385.57114 	494756.63
386.37275 	472827.5
387.17435 	450898
387.97595 	428968.13
388.77756 	407037.92
389.57916 	385107.38
390.38076 	363176.57
391.18236 	341245.52
391.98397 	319314.29
392.78557 	297382.92
393.58717 	275451.45
394.38878 	253519.94
395.19038 	231588.41
395.99198 	209656.9
396.79359 	187725.42
397.59519 	165793.99
399.1984 	121931.29
400 	100534.17
