0 	9797332.1
6.4128257 	9667302.8
34.468938 	9127467.3
37.675351 	9048231.6
40.881764 	8968997.6
50.501002 	8731327.1
53.707415 	8652113.4
62.52505 	8434284.6
65.731463 	8355076.3
68.937876 	8275868.4
69.739479 	8256066.4
96.993988 	7582770.8
103.40681 	7424353.9
106.61323 	7345147.3
116.23246 	7107535.2
123.44689 	6929334.6
125.05 	6889738
125.8517 	6869936.2
128.25651 	6810538.5
131.46293 	6731343
151.50301 	6236391.1
153.90782 	6176998.3
156.31263 	6117605.8
159.51904 	6038416.5
166.73347 	5860242.7
169.13828 	5800851.9
175.5511 	5642476.4
176.35271 	5622679.3
187.57515 	5345516.6
190.78156 	5266325.4
200.4008 	5028747
201.2024 	5008948.5
202.00401 	4989149.9
202.80561 	4969351.4
203.60721 	4949552.8
204.40882 	4929754.1
205.21042 	4909955.5
206.01202 	4890156.8
206.81363 	4870358
207.61523 	4850559.3
208.41683 	4830760.5
209.21844 	4810961.7
210.02004 	4791162.9
210.82164 	4771364.1
211.62325 	4751565.2
212.42485 	4731766.3
213.22645 	4711967.4
214.02806 	4692168.5
214.82966 	4672369.6
215.63126 	4652570.6
216.43287 	4632771.7
217.23447 	4612972.7
218.03607 	4593173.8
219.63928 	4553575.9
220.44088 	4533776.9
221.24248 	4513977.9
222.04409 	4494179
222.84569 	4474380
223.64729 	4454581.1
224.4489 	4434782.1
225.2505 	4414983.2
226.0521 	4395184.3
227.65531 	4355586.5
228.45691 	4335787.6
229.25852 	4315988.7
230.86172 	4276391
231.66333 	4256592.2
232.46493 	4236793.5
234.06814 	4197196
234.86974 	4177397.3
235.67134 	4157598.6
236.47295 	4137800
237.27455 	4118001.3
238.07615 	4098202.8
238.87776 	4078404.2
239.67936 	4058605.7
240.48096 	4038807.2
241.28257 	4019008.7
242.08417 	3999210.3
242.88577 	3979411.9
243.68737 	3959613.6
244.48898 	3939815.3
245.29058 	3920017
246.09218 	3900218.8
246.89379 	3880420.6
247.69539 	3860622.4
248.49699 	3840824.3
249.2986 	3821026.2
250.1002 	3801228.2
250.9018 	3781430.2
251.70341 	3761632.2
252.50501 	3741834.3
253.30661 	3722036.4
254.10822 	3702238.6
254.90982 	3682440.8
255.71142 	3662643.1
256.51303 	3642845.4
257.31463 	3623047.8
258.11623 	3603250.2
258.91784 	3583452.6
259.71944 	3563655.2
260.52104 	3543857.7
261.32265 	3524060.3
262.12425 	3504263
262.92585 	3484465.7
263.72745 	3464668.5
264.52906 	3444871.3
265.33066 	3425074.2
266.13226 	3405277.1
266.93387 	3385480.1
267.73547 	3365683.2
268.53707 	3345886.3
269.33868 	3326089.4
270.14028 	3306292.7
270.94188 	3286495.9
271.74349 	3266699.3
272.54509 	3246902.7
273.34669 	3227106.1
274.1483 	3207309.6
274.9499 	3187513.2
274.95 	3187510.7
275.7515 	3167716.8
276.55311 	3147920.5
277.35471 	3128124.3
278.95792 	3088531.9
279.75952 	3068735.8
280.56112 	3048939.8
281.36273 	3029143.8
282.16433 	3009347.9
282.96593 	2989552
283.76754 	2969756.2
284.56914 	2949960.4
285.37074 	2930164.7
286.17234 	2910369
286.97395 	2890573.4
288.57715 	2850982.3
289.37876 	2831186.8
290.18036 	2811391.4
290.98196 	2791596
291.78357 	2771800.7
292.58517 	2752005.4
293.38677 	2732210.1
294.18838 	2712414.9
294.98998 	2692619.8
295.79158 	2672824.7
296.59319 	2653029.6
297.39479 	2633234.6
298.19639 	2613439.6
298.998 	2593644.7
299.7996 	2573849.8
300.6012 	2554055
301.40281 	2534260.2
302.20441 	2514465.4
303.00601 	2494670.7
303.80762 	2474876.1
304.60922 	2455081.4
306.21242 	2415492.4
307.01403 	2395697.9
307.81563 	2375903.4
308.61723 	2356109.1
309.41884 	2336314.7
310.22044 	2316520.4
311.02204 	2296726.2
311.82365 	2276932
312.62525 	2257137.8
313.42685 	2237343.7
314.22846 	2217549.6
315.03006 	2197755.6
315.83166 	2177961.6
316.63327 	2158167.7
317.43487 	2138373.9
318.23647 	2118580
319.03808 	2098786.3
319.83968 	2078992.5
320.64128 	2059198.9
321.44289 	2039405.2
322.24449 	2019611.6
323.04609 	1999818.1
323.8477 	1980024.7
324.6493 	1960231.2
325.4509 	1940437.9
326.25251 	1920644.5
327.05411 	1900851.3
327.85571 	1881058.1
328.65731 	1861264.9
329.45892 	1841471.8
330.26052 	1821678.8
331.06212 	1801885.8
331.86373 	1782092.9
332.66533 	1762300
333.46693 	1742507.2
334.26854 	1722714.5
335.07014 	1702921.8
335.87174 	1683129.2
336.67335 	1663336.7
337.47495 	1643544.2
338.27655 	1623751.7
339.07816 	1603959.4
339.87976 	1584167.1
340.68136 	1564374.9
341.48297 	1544582.8
342.28457 	1524790.7
343.08617 	1504998.7
343.88778 	1485206.8
344.68938 	1465414.9
345.49098 	1445623.2
346.29259 	1425831.5
347.09419 	1406039.9
347.89579 	1386248.3
348.69739 	1366456.9
349.499 	1346665.5
350.3006 	1326874.3
351.1022 	1307083.1
351.90381 	1287291.9
352.70541 	1267500.9
353.50701 	1247710
354.30862 	1227919.1
355.11022 	1208128.4
355.91182 	1188337.7
356.71343 	1168547.2
357.51503 	1148756.7
358.31663 	1128966.3
359.11824 	1109176
359.91984 	1089385.8
360.72144 	1069595.7
361.52305 	1049805.7
362.32465 	1030015.9
363.12625 	1010226.1
363.92786 	990436.37
364.72946 	970646.78
365.53106 	950857.29
366.33267 	931067.9
367.13427 	911278.61
367.93587 	891489.43
368.73747 	871700.35
369.53908 	851911.38
370.34068 	832122.51
371.14228 	812333.74
371.94389 	792545.08
372.74549 	772756.52
373.54709 	752968.06
374.3487 	733179.71
375.1503 	713391.46
375.9519 	693603.31
376.75351 	673815.27
377.55511 	654027.33
379.15832 	614451.74
379.95992 	594664.1
381.56313 	555089.1
382.36473 	535301.75
383.16633 	515514.48
383.96794 	495727.31
384.76954 	475940.23
385.57114 	456153.24
386.37275 	436366.34
387.17435 	416579.52
387.97595 	396792.78
388.77756 	377006.13
389.57916 	357219.55
390.38076 	337433.05
391.18236 	317646.62
391.98397 	297860.26
392.78557 	278073.98
393.58717 	258287.75
394.38878 	238501.59
395.19038 	218715.49
395.99198 	198929.45
396.79359 	179143.47
397.59519 	159357.53
399.1984 	119785.8
400 	100481.91
