0 	3988942.4
0.3317994 	3986170.2
3.6497934 	3934251.2
4.3133922 	3932934.3
4.6451916 	3932224.4
4.976991 	3932233.3
5.3087904 	3931121.5
5.9723892 	3927310.4
6.3041886 	3927206.8
6.635988 	3927068.1
7.2995868 	3925602
7.6313862 	3921432.3
7.9631856 	3914990
8.6267844 	3904337.6
8.9585838 	3901435.8
9.953982 	3892860
11.944778 	3890363.7
12.276578 	3888858
12.608377 	3888003.2
12.940177 	3886695.5
13.271976 	3885713.8
13.603775 	3883154.8
13.935575 	3877714.7
14.267374 	3872552.3
14.599174 	3868348.3
15.262772 	3856190.1
15.594572 	3851557.6
15.926371 	3848851.7
16.258171 	3846920
16.58997 	3844164.6
16.921769 	3840518.3
17.253569 	3835684.9
17.585368 	3829131.7
18.248967 	3819810.5
18.580766 	3819702.2
18.912566 	3819747.6
19.244365 	3820034.8
19.576165 	3820558.7
19.907964 	3820760.1
20.571563 	3818077.7
20.903362 	3810382.9
22.562359 	3794009.2
22.894159 	3790948.7
23.225958 	3786271.1
23.889557 	3776845.4
24.221356 	3776395.5
24.884955 	3776666.4
25.216754 	3776354.5
25.880353 	3775266.6
26.875751 	3760852.9
27.207551 	3754479.8
27.53935 	3747440.5
27.871149 	3743076.1
28.202949 	3737443
28.534748 	3729208
28.866548 	3720574.7
29.198347 	3712036.6
29.861946 	3694479.3
30.193745 	3685658.6
30.525545 	3676839
30.857344 	3668020.7
31.189143 	3659203.5
31.852742 	3641572
32.184542 	3632758.7
32.516341 	3623959.6
32.84814 	3615177.4
33.17994 	3606380.8
33.511739 	3597580.8
33.843539 	3588782
34.175338 	3579984.8
34.507137 	3571189.4
35.834335 	3536027.3
36.166134 	3527241.9
36.497934 	3518458.5
36.829733 	3509677.2
37.161533 	3500897.9
37.825131 	3483344.8
38.156931 	3474570.9
38.48873 	3465798.5
39.152329 	3448257.7
39.484128 	3439488.8
39.815928 	3430720.7
40.147727 	3421953.2
40.479527 	3413186
41.806724 	3378116
42.138524 	3369347.1
42.802122 	3351806
43.133922 	3343033.5
43.465721 	3334259.6
43.797521 	3325483.9
44.461119 	3307927.3
44.792919 	3299146.1
45.124718 	3290362.8
45.456518 	3281577.5
46.120116 	3264000.6
46.783715 	3246415.4
47.115515 	3237619.8
47.779113 	3220022.6
48.110913 	3211221.2
48.442712 	3202418.1
49.106311 	3184807
49.43811 	3175999.2
49.76991 	3167190
50.101709 	3158379.5
50.433509 	3149567.9
50.765308 	3140755.1
51.097107 	3131941.4
51.428907 	3123126.9
51.760706 	3114311.5
52.092506 	3105495.5
52.756104 	3087861.8
53.087904 	3079044.3
53.419703 	3070226.5
53.751503 	3061408.4
54.083302 	3052590.2
54.415101 	3043771.9
54.746901 	3034953.6
55.0787 	3026135.4
55.4105 	3017317.3
55.742299 	3008499.5
56.074098 	2999681.9
57.069497 	2973231.1
57.401296 	2964415.1
57.733095 	2955599.6
58.396694 	2937970.1
58.728494 	2929156.1
59.060293 	2920342.8
59.392092 	2911530.1
59.723892 	2902717.9
60.055691 	2893906.4
60.71929 	2876285
61.051089 	2867475.2
62.046488 	2841049
62.710086 	2823434.1
63.041886 	2814627.4
63.373685 	2805821.1
63.705485 	2797015.2
64.369083 	2779404.9
65.032682 	2761796.2
65.364482 	2752992.6
65.696281 	2744189.4
66.02808 	2735386.6
66.35988 	2726584.4
66.691679 	2717782.6
67.023479 	2708981.4
67.355278 	2700180.8
67.687077 	2691380.8
68.350676 	2673782.6
68.682476 	2664984.5
69.014275 	2656187.2
69.346074 	2647390.7
69.677874 	2638594.9
70.009673 	2629800
71.005071 	2603420.5
71.336871 	2594629.1
71.66867 	2585838.7
72.664068 	2559472.9
72.995868 	2550686.1
73.659467 	2533115.2
73.991266 	2524331
74.323065 	2515547.6
75.650263 	2480420.9
76.313862 	2462861.1
76.645661 	2454081.8
76.977461 	2445302.9
77.30926 	2436524.3
77.641059 	2427746
77.972859 	2418967.8
78.304658 	2410189.8
78.636458 	2401411.8
78.968257 	2392633.8
79.300056 	2383855.8
79.963655 	2366299.4
80.959053 	2339963.3
81.290853 	2331184
81.622652 	2322404.4
81.954452 	2313624.4
82.286251 	2304844
82.61805 	2296063.2
83.613448 	2269718
83.945248 	2260935.3
84.277047 	2252152.2
84.608847 	2243368.5
84.940646 	2234584.3
88.922239 	2129130.8
89.254038 	2120339.2
89.585838 	2111547
89.917637 	2102754.1
90.249436 	2093960.6
90.913035 	2076371.6
91.244835 	2067576.2
92.240233 	2041185.7
92.572032 	2032387.6
93.235631 	2014789.3
93.56743 	2005989.2
93.89923 	1997188.4
94.231029 	1988387
94.562829 	1979585
94.894628 	1970782.4
95.226427 	1961979.3
95.558227 	1953175.6
95.890026 	1944371.3
96.221826 	1935566.7
96.553625 	1926761.5
96.885424 	1917956
98.544421 	1873924.3
98.876221 	1865117.6
99.53982 	1847504.1
99.871619 	1838697.6
100.86702 	1812279.6
101.19882 	1803474.4
101.86242 	1785865.7
102.19421 	1777062.3
102.52601 	1768259.6
102.85781 	1759457.8
103.18961 	1750656.8
103.52141 	1741856.8
103.85321 	1733057.8
104.51681 	1715463.1
104.84861 	1706667.6
105.51221 	1689080.1
105.84401 	1680288.3
107.17121 	1645134.9
107.50301 	1636350
108.1666 	1618784.5
108.4984 	1610003.9
108.8302 	1601224.7
109.8256 	1574895
110.1574 	1566121.1
110.4892 	1557348.4
110.821 	1548576.9
111.1528 	1539806.6
111.4846 	1531037.3
112.48 	1504735.5
113.14359 	1487205.5
113.47539 	1478441.5
114.13899 	1460915.7
114.80259 	1443391.9
115.13439 	1434630.7
116.12979 	1408348.7
116.46159 	1399588.4
117.78879 	1364547.3
118.12059 	1355786.8
119.11598 	1329503.7
119.77958 	1311979.9
121.10678 	1276926.6
121.77038 	1259396.5
122.10218 	1250630.4
122.43398 	1241863.6
122.76578 	1233096.2
123.09758 	1224327.9
123.76118 	1206789.1
124.09298 	1198018.5
124.75657 	1180474.9
125.08837 	1171701.8
125.42017 	1162927.8
125.75197 	1154152.9
126.08377 	1145377.2
126.41557 	1136600.7
127.07917 	1119044.9
127.41097 	1110265.7
128.07457 	1092704.7
128.40637 	1083923
130.39716 	1031215.9
131.72436 	996064.09
132.05616 	987274.74
132.38796 	978484.92
132.71976 	969694.67
133.05156 	960904.06
133.38336 	952113.12
133.71516 	943321.91
134.04696 	934530.5
134.71056 	916947.29
135.04236 	908155.61
135.37415 	899363.97
135.70595 	890572.41
136.36955 	872989.84
136.70135 	864198.95
137.03315 	855408.4
137.36495 	846618.25
137.69675 	837828.56
138.02855 	829039.4
138.36035 	820250.8
139.02395 	802675.55
140.01935 	776318.17
140.68295 	758750.72
141.01474 	749968.33
141.67834 	732406.3
142.01014 	723626.7
143.00554 	697293.59
143.33734 	688517.77
144.00094 	670968.85
144.33274 	662195.71
144.66454 	653423.41
144.99634 	644651.9
145.32814 	635881.15
145.65994 	627111.1
145.99174 	618341.71
146.32353 	609572.91
146.65533 	600804.65
146.98713 	592036.87
147.31893 	583269.48
147.65073 	574502.43
147.98253 	565735.64
148.31433 	556969.03
148.64613 	548202.52
148.97793 	539436.04
149.30973 	530669.5
149.64153 	521902.82
150.30513 	504368.71
150.63693 	495601.12
150.96873 	486833.07
151.30053 	478064.47
151.63233 	469295.26
151.96412 	460525.34
153.29132 	425437.33
153.62312 	416662.91
154.28672 	399110.79
154.61852 	390332.98
154.95032 	381553.95
155.61392 	363992.11
155.94572 	355209.23
156.60932 	337639.45
156.94112 	328852.53
157.27292 	320064.24
157.93651 	302483.59
158.26831 	293691.23
158.60011 	284897.55
158.93191 	276102.55
159.26371 	267306.28
160.59091 	232109.07
160.92271 	223306.96
162.24991 	188088.85
162.58171 	179282.22
162.9135 	170474.89
163.2453 	161666.93
163.9089 	144049.41
164.2407 	135240.01
164.5725 	126430.28
164.9043 	117620.32
165.2361 	108810.2
165.5679 	100437.56
