0 	8777625.7
6.4128257 	8643852.4
34.468938 	8140621.9
37.675351 	8068368.5
40.881764 	8027419.3
50.501002 	7836331.2
53.707415 	7759479.5
62.52505 	7557970.9
65.731463 	7483095.5
68.937876 	7433180.2
69.739479 	7415156.7
96.993988 	6802469.8
103.40681 	6678519.3
106.61323 	6610488
116.23246 	6586459.7
123.44689 	6590507.9
125.05 	6591185.3
125.8517 	6591511.3
128.25651 	6592389.3
131.46293 	6593858.8
151.50301 	6600695.6
153.90782 	6590645.4
156.31263 	6540591.4
159.51904 	6454058.3
166.73347 	6258335.7
169.13828 	6193196.6
175.5511 	6020952.2
176.35271 	5999569.5
187.57515 	5701774.3
190.78156 	5616881.8
200.4008 	5362359.3
201.2024 	5341160.8
202.00401 	5319963.7
202.80561 	5298767.5
203.60721 	5277571.8
204.40882 	5256376.1
205.21042 	5235179.9
206.01202 	5213982.7
206.81363 	5192784.2
207.61523 	5171584.4
208.41683 	5150383.5
209.21844 	5129182
210.02004 	5107980.6
210.82164 	5086779.8
211.62325 	5065580.5
212.42485 	5044383
213.22645 	5023187.9
214.02806 	5001995.2
214.82966 	4980805.2
215.63126 	4959617.9
216.43287 	4938433.2
217.23447 	4917251.3
218.03607 	4896072.2
219.63928 	4853723.2
220.44088 	4832553.6
221.24248 	4811387.3
222.04409 	4790224.4
222.84569 	4769064.8
223.64729 	4747908.4
224.4489 	4726755
225.2505 	4705604.4
226.0521 	4684456.1
227.65531 	4642165.4
228.45691 	4621022.1
229.25852 	4599879.6
230.86172 	4557595
231.66333 	4536452
232.46493 	4515308.1
234.06814 	4473016.1
234.86974 	4451867.6
235.67134 	4430717.3
236.47295 	4409565.2
237.27455 	4388411.4
238.07615 	4367256.2
238.87776 	4346099.8
239.67936 	4324942.6
240.48096 	4303784.8
241.28257 	4282626.8
242.08417 	4261468.9
242.88577 	4240311.5
243.68737 	4219154.7
244.48898 	4197998.9
245.29058 	4176844.1
246.09218 	4155690.5
246.89379 	4134538.2
247.69539 	4113387.3
248.49699 	4092237.7
249.2986 	4071089.3
250.1002 	4049942.2
250.9018 	4028796.1
251.70341 	4007650.9
252.50501 	3986506.5
253.30661 	3965362.7
254.10822 	3944219.3
254.90982 	3923076.2
255.71142 	3901933.3
256.51303 	3880790.5
257.31463 	3859648
258.11623 	3838505.8
258.91784 	3817363.9
259.71944 	3796222.7
260.52104 	3775082.4
261.32265 	3753943.2
262.12425 	3732805.5
262.92585 	3711669.6
263.72745 	3690535.7
264.52906 	3669404.2
265.33066 	3648275.2
266.13226 	3627148.9
266.93387 	3606025.4
267.73547 	3584904.6
268.53707 	3563786.6
269.33868 	3542671.1
270.14028 	3521557.9
270.94188 	3500447
271.74349 	3479337.9
272.54509 	3458230.5
273.34669 	3437124.4
274.1483 	3416019.5
274.9499 	3394915.6
274.95 	3394912.9
275.7515 	3373812.4
276.55311 	3352710
277.35471 	3331608.2
278.95792 	3289406.4
279.75952 	3268306.4
280.56112 	3247207
281.36273 	3226108.4
282.16433 	3205010.4
282.96593 	3183913
283.76754 	3162816.2
284.56914 	3141719.9
285.37074 	3120624
286.17234 	3099528.4
286.97395 	3078432.8
288.57715 	3036241.3
289.37876 	3015145
290.18036 	2994048.1
290.98196 	2972950.5
291.78357 	2951852.2
292.58517 	2930752.8
293.38677 	2909652.5
294.18838 	2888551.1
294.98998 	2867448.7
295.79158 	2846345
296.59319 	2825240.2
297.39479 	2804134.3
298.19639 	2783027.2
298.998 	2761919
299.7996 	2740809.7
300.6012 	2719699.4
301.40281 	2698588.1
302.20441 	2677475.9
303.00601 	2656362.8
303.80762 	2635249.1
304.60922 	2614134.7
306.21242 	2571904.6
307.01403 	2550789.1
307.81563 	2529673.5
308.61723 	2508557.9
309.41884 	2487442.5
310.22044 	2466327.3
311.02204 	2445212.5
311.82365 	2424098.2
312.62525 	2402984.5
313.42685 	2381871.5
314.22846 	2360759.3
315.03006 	2339647.9
315.83166 	2318537.6
316.63327 	2297428.3
317.43487 	2276320.2
318.23647 	2255213.4
319.03808 	2234107.9
319.83968 	2213003.9
320.64128 	2191901.5
321.44289 	2170800.8
322.24449 	2149701.7
323.04609 	2128604.4
323.8477 	2107509
324.6493 	2086415.4
325.4509 	2065323.6
326.25251 	2044233.6
327.05411 	2023145.4
327.85571 	2002058.8
328.65731 	1980973.8
329.45892 	1959890.2
330.26052 	1938807.9
331.06212 	1917726.6
331.86373 	1896646.4
332.66533 	1875566.8
333.46693 	1854487.8
334.26854 	1833409.2
335.07014 	1812330.8
335.87174 	1791252.3
336.67335 	1770173.7
337.47495 	1749094.8
338.27655 	1728015.3
339.07816 	1706935.2
339.87976 	1685854.4
340.68136 	1664772.7
341.48297 	1643690
342.28457 	1622606.4
343.08617 	1601521.6
343.88778 	1580435.6
344.68938 	1559348.4
345.49098 	1538259.9
346.29259 	1517170.1
347.09419 	1496079
347.89579 	1474986.5
348.69739 	1453892.6
349.499 	1432797.4
350.3006 	1411700.7
351.1022 	1390602.6
351.90381 	1369503
352.70541 	1348402.1
353.50701 	1327299.6
354.30862 	1306195.7
355.11022 	1285090.3
355.91182 	1263983.5
356.71343 	1242875.1
357.51503 	1221765.2
358.31663 	1200653.7
359.11824 	1179540.7
359.91984 	1158426
360.72144 	1137309.6
361.52305 	1116191.6
362.32465 	1095071.7
363.12625 	1073950
363.92786 	1052826.5
364.72946 	1031700.9
365.53106 	1010573.4
366.33267 	989443.71
367.13427 	968311.9
367.93587 	947177.87
368.73747 	926041.58
369.53908 	904902.97
370.34068 	883762
371.14228 	862618.63
371.94389 	841472.84
372.74549 	820324.61
373.54709 	799173.91
374.3487 	778020.75
375.1503 	756865.12
375.9519 	735707.03
376.75351 	714546.47
377.55511 	693383.47
379.15832 	651050.21
379.95992 	629879.98
381.56313 	587532.48
382.36473 	566355.27
383.16633 	545175.78
383.96794 	523994.07
384.76954 	502810.17
385.57114 	481624.13
386.37275 	460436
387.17435 	439245.83
387.97595 	418053.69
388.77756 	396859.65
389.57916 	375663.78
390.38076 	354466.16
391.18236 	333266.88
391.98397 	312066.05
392.78557 	290863.77
393.58717 	269660.16
394.38878 	248455.35
395.19038 	227249.46
395.99198 	206042.64
396.79359 	184835.03
397.59519 	163626.81
399.1984 	121209.13
400 	100516.58
