0 	3836483.5
0.35183948 	3829258.8
0.70367896 	3821483.3
1.0555184 	3813698.3
1.4073579 	3806090.3
1.7591974 	3798544.6
2.1110369 	3790759.5
2.4628764 	3782961.7
2.8147158 	3775154.2
3.1665553 	3767366.5
3.5183948 	3759558.2
3.8702343 	3751844.3
4.2220737 	3744029.1
4.9257527 	3728441
5.6294317 	3712983.5
5.9812711 	3705175.1
6.3331106 	3697364
8.092308 	3660433.2
8.795987 	3644913.5
9.1478265 	3637152.8
10.203345 	3615267.5
10.907024 	3601119.2
11.258863 	3593308.9
11.610703 	3585498.8
11.962542 	3577688.6
12.666221 	3562068.3
13.018061 	3554258.1
13.3699 	3546448
13.72174 	3538637.9
14.777258 	3515207.7
15.480937 	3499587.8
15.832777 	3491777.8
16.536456 	3476158
17.591974 	3452728.6
18.647492 	3429299.6
19.351171 	3413680.5
19.703011 	3405871.1
20.05485 	3398061.7
20.40669 	3390252.3
20.758529 	3382443
21.462208 	3366824.6
22.165887 	3351206.4
22.869566 	3335588.4
23.573245 	3319970.5
23.925085 	3312161.6
24.276924 	3304352.7
24.628764 	3296543.7
25.332442 	3280925.8
25.684282 	3273116.8
26.387961 	3257498.7
26.7398 	3249689.7
27.09164 	3241880.6
27.443479 	3234071.5
27.795319 	3226262.5
28.147158 	3218453.6
28.850837 	3202836.3
29.202677 	3195027.9
29.554516 	3187219.8
29.906356 	3179412
30.258195 	3171604.5
30.610035 	3163794.4
30.961874 	3155956.5
31.665553 	3143333.2
32.017393 	3142705.6
32.369232 	3142646.7
32.721072 	3142611.6
33.072911 	3142576.9
33.424751 	3142542.2
33.77659 	3142507.3
34.128429 	3142472.3
34.480269 	3142437.2
34.832108 	3142402
35.183948 	3142366.8
35.535787 	3142331.6
35.887627 	3142296.2
36.239466 	3142260.9
36.591306 	3142225.4
37.294985 	3142152.7
37.646824 	3142121.6
37.998664 	3142082.2
38.702343 	3141753
39.406022 	3130050.5
39.757861 	3122234.3
41.165219 	3090909.6
41.517059 	3083078.2
41.868898 	3075246.8
42.220737 	3067415.4
42.924416 	3051752.6
43.276256 	3043921.2
43.628095 	3036089.8
43.979935 	3028258.5
44.683614 	3012595.7
45.035453 	3004764.4
45.387293 	2996933
46.090972 	2981270.4
46.442811 	2973439.2
47.14649 	2957776.7
47.49833 	2949945.5
48.202009 	2934283.2
48.553848 	2926452
49.257527 	2910789.7
49.609367 	2902958.5
49.961206 	2895127.4
50.313045 	2887296.2
50.664885 	2879465.1
51.016724 	2871633.9
51.720403 	2855971.6
52.072243 	2848140.4
52.424082 	2840309.3
52.775922 	2832478.1
53.127761 	2824646.9
54.18328 	2801153.4
54.535119 	2793322.2
54.886959 	2785491
55.238798 	2777659.9
55.590638 	2769828.7
55.942477 	2761997.5
56.997996 	2738504
57.349835 	2730672.8
57.701675 	2722841.7
58.053514 	2715010.5
58.405354 	2707179.4
58.757193 	2699348.2
59.109032 	2691517.1
59.460872 	2683685.9
60.164551 	2668023.6
60.51639 	2660192.5
60.86823 	2652361.3
61.220069 	2644530.1
61.571909 	2636699
61.923748 	2628867.8
62.275588 	2621036.7
62.627427 	2613205.5
62.979267 	2605374.4
63.331106 	2597543.2
63.682946 	2589712.1
64.034785 	2581880.9
64.386625 	2574049.8
64.738464 	2566218.6
65.442143 	2550556.3
65.793983 	2542725.2
66.497662 	2527062.9
67.55318 	2503569.5
68.256859 	2487907.3
68.608698 	2480076.2
69.312377 	2464414
70.016056 	2448751.9
70.367896 	2440920.8
70.719735 	2433089.8
71.071575 	2425258.8
71.423414 	2417427.8
72.830772 	2386103.9
73.182612 	2378273
73.534451 	2370442.1
73.886291 	2362611.3
74.941809 	2339118.8
75.293648 	2331288
75.645488 	2323457.2
75.997327 	2315626.5
77.052846 	2292134.4
77.404685 	2284303.8
77.756525 	2276473.2
78.460204 	2260812
78.812043 	2252981.5
79.163883 	2245151
80.219401 	2221659.6
81.27492 	2198168.5
81.626759 	2190338.2
81.978599 	2182507.9
82.330438 	2174677.7
82.682278 	2166847.5
83.034117 	2159017.3
83.385957 	2151187.1
83.737796 	2143357
84.089635 	2135526.9
84.441475 	2127696.8
85.496993 	2104206.7
86.552512 	2080716.9
86.904351 	2072887.1
89.015388 	2025908.4
89.367228 	2018078.8
90.070907 	2002419.5
90.422746 	1994590
90.774586 	1986760.4
91.126425 	1978930.9
91.478265 	1971101.4
91.830104 	1963271.9
92.533783 	1947613.1
93.237462 	1931954.3
93.589301 	1924125
93.941141 	1916295.7
94.29298 	1908466.4
96.052178 	1869320.5
96.404017 	1861491.4
96.755857 	1853662.3
97.459536 	1838004.2
97.811375 	1830175.2
98.163215 	1822346.2
98.515054 	1814517.2
99.922412 	1783201.5
100.27425 	1775372.7
100.62609 	1767543.8
101.32977 	1751886.2
102.03345 	1736228.7
102.38529 	1728399.9
103.79265 	1697085.1
104.14449 	1689256.4
104.49633 	1681427.7
105.2 	1665770.5
105.90368 	1650113.2
106.25552 	1642284.6
106.60736 	1634456.1
108.01472 	1603141.8
108.36656 	1595313.3
108.7184 	1587484.7
109.07024 	1579656.2
109.77392 	1563999.1
110.12576 	1556170.6
110.82944 	1540513.6
111.18128 	1532685
111.53311 	1524856.5
111.88495 	1517028
112.58863 	1501371
112.94047 	1493542.5
113.29231 	1485713.9
113.64415 	1477885.4
113.99599 	1470056.9
114.34783 	1462228.4
114.69967 	1454399.8
115.05151 	1446571.3
115.40335 	1438742.7
115.75519 	1430914.2
116.45887 	1415257.1
116.81071 	1407428.5
117.16255 	1399599.9
117.51439 	1391771.3
118.21806 	1376114.1
118.5699 	1368285.5
118.92174 	1360456.9
119.27358 	1352628.2
119.62542 	1344799.6
119.97726 	1336970.9
120.3291 	1329142.3
120.68094 	1321313.6
121.03278 	1313484.9
121.38462 	1305656.2
121.73646 	1297827.4
122.0883 	1289998.7
122.79198 	1274341.2
123.14382 	1266512.4
123.49566 	1258683.7
123.8475 	1250854.9
124.19934 	1243026.1
124.55118 	1235197.2
124.90302 	1227368.4
125.25485 	1219539.5
125.60669 	1211710.7
126.66221 	1188224
127.01405 	1180395.1
127.36589 	1172566.1
127.71773 	1164737.2
128.06957 	1156908.2
128.42141 	1149079.2
128.77325 	1141250.2
129.12509 	1133421.2
129.47693 	1125592.2
130.18061 	1109934.1
130.53245 	1102105.1
130.88429 	1094276
131.23613 	1086446.9
132.29164 	1062959.6
132.64348 	1055130.4
132.99532 	1047301.3
133.699 	1031642.9
134.05084 	1023813.8
134.40268 	1015984.6
134.75452 	1008155.4
135.4582 	992496.93
135.81004 	984667.7
136.16188 	976838.46
136.51372 	969009.21
136.86556 	961179.95
137.56924 	945521.4
137.92108 	937692.12
138.27292 	929862.83
138.97659 	914204.23
139.68027 	898545.6
140.03211 	890716.28
140.38395 	882886.96
140.73579 	875057.62
141.08763 	867228.29
141.43947 	859398.95
141.79131 	851569.61
142.14315 	843740.26
142.49499 	835910.91
142.84683 	828081.56
144.25419 	796764.14
145.3097 	773276.06
145.66154 	765446.71
146.01338 	757617.35
146.36522 	749787.99
146.71706 	741958.64
147.0689 	734129.29
147.42074 	726299.94
148.12442 	710641.24
148.8281 	694982.56
149.17994 	687153.23
149.88362 	671494.57
150.23546 	663665.25
150.5873 	655835.93
151.29098 	640177.32
151.99465 	624518.72
152.69833 	608860.15
153.05017 	601030.88
153.40201 	593201.61
153.75385 	585372.35
154.45753 	569713.85
154.80937 	561884.61
155.16121 	554055.38
155.51305 	546226.16
155.86489 	538396.95
156.21673 	530567.74
156.56857 	522738.55
157.62409 	499251.01
157.97593 	491421.85
158.32777 	483592.7
158.67961 	475763.56
159.03144 	467934.43
159.38328 	460105.3
159.73512 	452276.19
160.08696 	444447.09
160.4388 	436618
160.79064 	428788.91
161.14248 	420959.84
161.49432 	413130.78
161.84616 	405301.72
162.90168 	381814.63
163.25352 	373985.62
163.9572 	358327.62
164.30904 	350498.64
164.66088 	342669.67
165.01272 	334840.71
165.71639 	319182.82
166.06823 	311353.89
167.12375 	287867.16
167.47559 	280038.27
167.82743 	272209.39
168.17927 	264380.52
168.53111 	256551.66
169.23479 	240893.97
169.58663 	233065.14
169.93847 	225236.32
170.64215 	209578.7
170.99399 	201749.91
171.34583 	193921.12
171.69767 	186092.35
172.04951 	178263.58
172.40134 	170434.82
172.75318 	162606.07
173.10502 	154777.33
174.16054 	131291.17
174.51238 	123462.45
174.86422 	115633.73
