0 	9001916.2
6.4128257 	8898681.2
34.468938 	8330677.2
37.675351 	8295510.2
40.881764 	8223906.8
50.501002 	8007297.4
53.707415 	7930036.5
62.52505 	7730870.5
65.731463 	7637559.8
68.937876 	7557931.4
69.739479 	7540979.9
96.993988 	7116181
103.40681 	7115669.4
106.61323 	7115522.3
116.23246 	7111251.2
123.44689 	7109642
125.05 	7108984.2
125.8517 	7108347.8
128.25651 	7099088.1
131.46293 	7027841.3
151.50301 	6510386.3
153.90782 	6448246.1
156.31263 	6386101.1
159.51904 	6303241.7
166.73347 	6116922.2
169.13828 	6054887.3
175.5511 	5889688.4
176.35271 	5869061
187.57515 	5580588.3
190.78156 	5498189.6
200.4008 	5250673.7
201.2024 	5230016.3
202.00401 	5209353.5
202.80561 	5188685.4
203.60721 	5168012
204.40882 	5147333.4
205.21042 	5126649.7
206.01202 	5105961
206.81363 	5085267.5
207.61523 	5064569.4
208.41683 	5043867
209.21844 	5023160.5
210.02004 	5002450.2
210.82164 	4981736.3
211.62325 	4961019.3
212.42485 	4940299.3
213.22645 	4919576.6
214.02806 	4898851.7
214.82966 	4878124.8
215.63126 	4857396.2
216.43287 	4836666.1
217.23447 	4815935
218.03607 	4795203
219.63928 	4753737.5
220.44088 	4733004.5
221.24248 	4712271.7
222.04409 	4691539.2
222.84569 	4670807.3
223.64729 	4650076.2
224.4489 	4629346
225.2505 	4608617
226.0521 	4587889.2
227.65531 	4546438.3
228.45691 	4525715.3
229.25852 	4504994.2
230.86172 	4463557.9
231.66333 	4442843
232.46493 	4422130.2
234.06814 	4380711.6
234.86974 	4360005.7
235.67134 	4339302.1
236.47295 	4318600.9
237.27455 	4297902
238.07615 	4277205.4
238.87776 	4256510.9
239.67936 	4235818.7
240.48096 	4215128.6
241.28257 	4194440.6
242.08417 	4173754.6
242.88577 	4153070.5
243.68737 	4132388.2
244.48898 	4111707.7
245.29058 	4091028.8
246.09218 	4070351.5
246.89379 	4049675.7
247.69539 	4029001.4
248.49699 	4008328.3
249.2986 	3987656.4
250.1002 	3966985.7
250.9018 	3946316
251.70341 	3925647.2
252.50501 	3904979.2
253.30661 	3884311.9
254.10822 	3863645.3
254.90982 	3842979.1
255.71142 	3822313.4
256.51303 	3801647.8
257.31463 	3780982.5
258.11623 	3760317.1
258.91784 	3739651.7
259.71944 	3718986
260.52104 	3698320.1
261.32265 	3677653.7
262.12425 	3656986.9
262.92585 	3636319.4
263.72745 	3615651.2
264.52906 	3594982.2
265.33066 	3574312.4
266.13226 	3553641.6
266.93387 	3532969.8
267.73547 	3512296.9
268.53707 	3491622.8
269.33868 	3470947.6
270.14028 	3450271.2
270.94188 	3429593.4
271.74349 	3408914.3
272.54509 	3388233.9
273.34669 	3367552.1
274.1483 	3346868.9
274.9499 	3326184.3
274.95 	3326181.8
275.7515 	3305498.4
276.55311 	3284811
277.35471 	3264122.2
278.95792 	3222740.8
279.75952 	3202048.1
280.56112 	3181354.2
281.36273 	3160659.2
282.16433 	3139963
282.96593 	3119265.9
283.76754 	3098567.8
284.56914 	3077868.9
285.37074 	3057169.1
286.17234 	3036468.7
286.97395 	3015767.7
288.57715 	2974364.3
289.37876 	2953662
290.18036 	2932959.5
290.98196 	2912256.8
291.78357 	2891554.1
292.58517 	2870851.4
293.38677 	2850148.7
294.18838 	2829446.1
294.98998 	2808743.8
295.79158 	2788041.7
296.59319 	2767339.9
297.39479 	2746638.4
298.19639 	2725937.3
298.998 	2705236.6
299.7996 	2684536.3
300.6012 	2663836.5
301.40281 	2643137.2
302.20441 	2622438.4
303.00601 	2601740.1
303.80762 	2581042.3
304.60922 	2560345
306.21242 	2518952.2
307.01403 	2498256.6
307.81563 	2477561.6
308.61723 	2456867.1
309.41884 	2436173.3
310.22044 	2415480.1
311.02204 	2394787.4
311.82365 	2374095.4
312.62525 	2353404
313.42685 	2332713.2
314.22846 	2312023.1
315.03006 	2291333.6
315.83166 	2270644.8
316.63327 	2249956.6
317.43487 	2229269
318.23647 	2208582.1
319.03808 	2187895.8
319.83968 	2167210.2
320.64128 	2146525.1
321.44289 	2125840.6
322.24449 	2105156.8
323.04609 	2084473.4
323.8477 	2063790.6
324.6493 	2043108.3
325.4509 	2022426.4
326.25251 	2001745
327.05411 	1981064
327.85571 	1960383.3
328.65731 	1939703
329.45892 	1919022.9
330.26052 	1898343
331.06212 	1877663.3
331.86373 	1856983.8
332.66533 	1836304.3
333.46693 	1815624.8
334.26854 	1794945.4
335.07014 	1774265.8
335.87174 	1753586.2
336.67335 	1732906.3
337.47495 	1712226.3
338.27655 	1691546
339.07816 	1670865.4
339.87976 	1650184.5
340.68136 	1629503.2
341.48297 	1608821.5
342.28457 	1588139.4
343.08617 	1567456.8
343.88778 	1546773.9
344.68938 	1526090.4
345.49098 	1505406.5
346.29259 	1484722.1
347.09419 	1464037.3
347.89579 	1443352.1
348.69739 	1422666.5
349.499 	1401980.5
350.3006 	1381294.1
351.1022 	1360607.5
351.90381 	1339920.6
352.70541 	1319233.5
353.50701 	1298546.2
354.30862 	1277858.9
355.11022 	1257171.6
355.91182 	1236484.4
356.71343 	1215797.2
357.51503 	1195110.3
358.31663 	1174423.7
359.11824 	1153737.4
359.91984 	1133051.6
360.72144 	1112366.2
361.52305 	1091681.5
362.32465 	1070997.5
363.12625 	1050314.3
363.92786 	1029631.9
364.72946 	1008950.3
365.53106 	988269.83
366.33267 	967590.36
367.13427 	946912
367.93587 	926234.82
368.73747 	905558.86
369.53908 	884884.17
370.34068 	864210.78
371.14228 	843538.74
371.94389 	822868.06
372.74549 	802198.76
373.54709 	781530.85
374.3487 	760864.33
375.1503 	740199.19
375.9519 	719535.41
376.75351 	698872.96
377.55511 	678211.83
379.15832 	636893.31
379.95992 	616235.83
381.56313 	574924.15
382.36473 	554269.82
383.16633 	533616.4
383.96794 	512963.83
384.76954 	492312.04
385.57114 	471660.96
386.37275 	451010.51
387.17435 	430360.63
387.97595 	409711.25
388.77756 	389062.32
389.57916 	368413.78
390.38076 	347765.56
391.18236 	327117.63
391.98397 	306469.94
392.78557 	285822.45
393.58717 	265175.13
394.38878 	244527.94
395.19038 	223880.87
395.99198 	203233.9
396.79359 	182587
397.59519 	161940.18
399.1984 	120646.68
400 	100502.88
