0 	7433398
6.4128257 	7319948.1
34.468938 	6792642.9
37.675351 	6785368
40.881764 	6724262.5
50.501002 	6530676.2
53.707415 	6458029.1
62.52505 	6235672.7
65.731463 	6204537
68.937876 	6197675.2
69.739479 	6195718
96.993988 	5731206.8
103.40681 	5610563.1
106.61323 	5605834.7
116.23246 	5507616.8
123.44689 	5335987.5
125.05 	5297111.5
125.8517 	5276824.4
128.25651 	5217764.2
131.46293 	5142040.1
151.50301 	4676190.8
153.90782 	4655921.3
156.31263 	4639157.4
159.51904 	4563980.9
166.73347 	4385804.5
169.13828 	4326883.2
175.5511 	4185995
176.35271 	4178767.9
187.57515 	3898179.8
190.78156 	3794823.2
200.4008 	3672396.8
201.2024 	3671950.2
202.00401 	3671505.5
202.80561 	3671051.1
203.60721 	3670573.3
204.40882 	3670068.2
205.21042 	3669558
206.01202 	3669084.1
206.81363 	3668671.3
207.61523 	3668316.2
208.41683 	3667998.3
209.21844 	3667732.1
210.02004 	3667510.8
210.82164 	3667266
211.62325 	3667079.3
212.42485 	3666931
213.22645 	3666713.6
214.02806 	3666441.8
214.82966 	3666110.6
215.63126 	3665757.4
216.43287 	3665382.1
217.23447 	3664939.8
218.03607 	3664535.5
219.63928 	3663968.9
220.44088 	3663701.8
221.24248 	3663462.7
222.04409 	3663324.6
222.84569 	3663348.9
223.64729 	3663493.4
224.4489 	3663700.8
225.2505 	3663902.9
226.0521 	3664045
227.65531 	3664093.6
228.45691 	3664524.4
229.25852 	3665761
230.86172 	3667861.5
231.66333 	3668409.8
232.46493 	3668888.1
234.06814 	3669836.4
234.86974 	3670320.3
235.67134 	3670761.5
236.47295 	3671185.5
237.27455 	3671577.3
238.07615 	3671923.6
238.87776 	3672214.3
239.67936 	3672428.4
240.48096 	3672545.9
241.28257 	3672548.5
242.08417 	3672436.3
242.88577 	3672237.5
243.68737 	3671964.9
244.48898 	3671651.5
245.29058 	3671311
246.09218 	3670896.9
246.89379 	3670360.7
247.69539 	3669712.8
248.49699 	3669004.4
249.2986 	3668260.4
250.1002 	3667511.5
250.9018 	3666759.7
251.70341 	3665998.1
252.50501 	3665236.8
253.30661 	3664520.6
254.10822 	3663898.6
254.90982 	3663359.4
255.71142 	3662869.5
256.51303 	3662432.4
257.31463 	3662052.5
258.11623 	3661723.3
258.91784 	3661448.1
259.71944 	3661233.6
260.52104 	3661049.8
261.32265 	3660916.9
262.12425 	3660830.4
262.92585 	3660758.2
263.72745 	3660732.7
264.52906 	3660763.6
265.33066 	3660811.3
266.13226 	3660877.7
266.93387 	3660950.6
267.73547 	3661021
268.53707 	3661111
269.33868 	3661235.1
270.14028 	3661391.8
270.94188 	3661584.6
271.74349 	3661794.4
272.54509 	3662021.1
273.34669 	3662263.4
274.1483 	3662539.2
274.9499 	3662865.4
274.95 	3662865.5
275.7515 	3663251.9
276.55311 	3663709.5
277.35471 	3664233.1
278.95792 	3665456.6
279.75952 	3666159.3
280.56112 	3666870.1
281.36273 	3667554.7
282.16433 	3668172.6
282.96593 	3668689.3
283.76754 	3669049.6
284.56914 	3669181.7
285.37074 	3669066.9
286.17234 	3668732.8
286.97395 	3668273.1
288.57715 	3667352.7
289.37876 	3667019.3
290.18036 	3666790.7
290.98196 	3666633.6
291.78357 	3666496.7
292.58517 	3666316.7
293.38677 	3666060.6
294.18838 	3665747.8
294.98998 	3665438.9
295.79158 	3665055.4
296.59319 	3664420.8
297.39479 	3663257.6
298.19639 	3660839.1
298.998 	3655616.1
299.7996 	3644783.6
300.6012 	3626254.6
301.40281 	3600736.3
302.20441 	3572386.4
303.00601 	3543761.5
303.80762 	3515217.5
304.60922 	3486712.5
306.21242 	3429742.5
307.01403 	3401272
307.81563 	3372810.2
308.61723 	3344354.4
309.41884 	3315902.1
310.22044 	3287452.6
311.02204 	3259006.6
311.82365 	3230566.7
312.62525 	3202136.4
313.42685 	3173718.4
314.22846 	3145311.2
315.03006 	3116910.6
315.83166 	3088513.3
316.63327 	3060120.1
317.43487 	3031734.6
318.23647 	3003362.1
319.03808 	2975006.6
319.83968 	2946670.5
320.64128 	2918353.7
321.44289 	2890054.3
322.24449 	2861768.9
323.04609 	2833493.9
323.8477 	2805225.1
324.6493 	2776959.1
325.4509 	2748692.5
326.25251 	2720422.2
327.05411 	2692145.9
327.85571 	2663862.7
328.65731 	2635572.7
329.45892 	2607277.9
330.26052 	2578980.7
331.06212 	2550683.5
331.86373 	2522387.5
332.66533 	2494092.3
333.46693 	2465796.5
334.26854 	2437498
335.07014 	2409194.5
335.87174 	2380884.6
336.67335 	2352567
337.47495 	2324241.8
338.27655 	2295909.6
339.07816 	2267571.3
339.87976 	2239228.3
340.68136 	2210881.7
341.48297 	2182531.9
342.28457 	2154179
343.08617 	2125822.5
343.88778 	2097461.5
344.68938 	2069094.9
345.49098 	2040721.7
346.29259 	2012340.9
347.09419 	1983951.8
347.89579 	1955553.8
348.69739 	1927146.6
349.499 	1898730
350.3006 	1870304.1
351.1022 	1841868.7
351.90381 	1813424.1
352.70541 	1784970.7
353.50701 	1756509.3
354.30862 	1728041
355.11022 	1699567.6
355.91182 	1671090.7
356.71343 	1642612.2
357.51503 	1614133.9
358.31663 	1585656.7
359.11824 	1557181.4
359.91984 	1528707.9
360.72144 	1500235.3
361.52305 	1471762.3
362.32465 	1443287.1
363.12625 	1414807.7
363.92786 	1386322.2
364.72946 	1357828.8
365.53106 	1329326.1
366.33267 	1300813.1
367.13427 	1272289.4
367.93587 	1243754.7
368.73747 	1215209.4
369.53908 	1186653.8
370.34068 	1158088.7
371.14228 	1129514.7
371.94389 	1100932.6
372.74549 	1072343.4
373.54709 	1043747.9
374.3487 	1015147
375.1503 	986541.8
375.9519 	957933.07
376.75351 	929321.71
377.55511 	900708.46
379.15832 	843478.63
379.95992 	814862.85
381.56313 	757630.63
382.36473 	729014.36
383.16633 	700398.01
383.96794 	671781.62
384.76954 	643165.24
385.57114 	614549.02
386.37275 	585933.14
387.17435 	557317.9
387.97595 	528703.7
388.77756 	500091.07
389.57916 	471480.61
390.38076 	442873.07
391.18236 	414269.21
391.98397 	385669.87
392.78557 	357075.83
393.58717 	328487.77
394.38878 	299906.22
395.19038 	271331.43
395.99198 	242763.41
396.79359 	214201.77
397.59519 	185645.82
399.1984 	128546.4
400 	100695.29
