0 	9791761.2
6.4128257 	9669382.1
34.468938 	9130353.7
37.675351 	9051100.3
40.881764 	8971846.2
50.501002 	8734096.4
53.707415 	8654851
62.52505 	8436928.5
65.731463 	8357685.5
68.937876 	8278444.2
69.739479 	8258634.1
96.993988 	7585098.2
103.40681 	7426624.3
106.61323 	7347389
116.23246 	7109688.4
123.44689 	6931417.7
125.05 	6891805
125.8517 	6871995
128.25651 	6812572.6
131.46293 	6733343.1
151.50301 	6238163.1
153.90782 	6178742.3
156.31263 	6119321.8
159.51904 	6040095
166.73347 	5861837.3
169.13828 	5802418.9
175.5511 	5643971.7
176.35271 	5624166
187.57515 	5346890.8
190.78156 	5267670.9
200.4008 	5030015.5
201.2024 	5010211.1
202.00401 	4990406.8
202.80561 	4970602.6
203.60721 	4950798.4
204.40882 	4930994.2
205.21042 	4911190.1
206.01202 	4891386.1
206.81363 	4871582.1
207.61523 	4851778.1
208.41683 	4831974.2
209.21844 	4812170.4
210.02004 	4792366.6
210.82164 	4772562.8
211.62325 	4752759.1
212.42485 	4732955.5
213.22645 	4713151.9
214.02806 	4693348.4
214.82966 	4673544.9
215.63126 	4653741.5
216.43287 	4633938.2
217.23447 	4614134.9
218.03607 	4594331.6
219.63928 	4554725.3
220.44088 	4534922.2
221.24248 	4515119.2
222.04409 	4495316.2
222.84569 	4475513.3
223.64729 	4455710.4
224.4489 	4435907.5
225.2505 	4416104.8
226.0521 	4396302
227.65531 	4356696.7
228.45691 	4336894.1
229.25852 	4317091.6
230.86172 	4277486.6
231.66333 	4257684.2
232.46493 	4237881.8
234.06814 	4198277.2
234.86974 	4178474.9
235.67134 	4158672.7
236.47295 	4138870.5
237.27455 	4119068.4
238.07615 	4099266.2
238.87776 	4079464.1
239.67936 	4059662.1
240.48096 	4039860.1
241.28257 	4020058.1
242.08417 	4000256.1
242.88577 	3980454.2
243.68737 	3960652.3
244.48898 	3940850.4
245.29058 	3921048.5
246.09218 	3901246.7
246.89379 	3881444.9
247.69539 	3861643.2
248.49699 	3841841.4
249.2986 	3822039.7
250.1002 	3802238
250.9018 	3782436.4
251.70341 	3762634.7
252.50501 	3742833.1
253.30661 	3723031.6
254.10822 	3703230
254.90982 	3683428.5
255.71142 	3663627
256.51303 	3643825.5
257.31463 	3624024.1
258.11623 	3604222.7
258.91784 	3584421.3
259.71944 	3564620
260.52104 	3544818.7
261.32265 	3525017.4
262.12425 	3505216.2
262.92585 	3485415
263.72745 	3465613.8
264.52906 	3445812.7
265.33066 	3426011.6
266.13226 	3406210.5
266.93387 	3386409.5
267.73547 	3366608.5
268.53707 	3346807.6
269.33868 	3327006.7
270.14028 	3307205.8
270.94188 	3287405
271.74349 	3267604.2
272.54509 	3247803.5
273.34669 	3228002.8
274.1483 	3208202.2
274.9499 	3188401.6
274.95 	3188399.1
275.7515 	3168601
276.55311 	3148800.5
277.35471 	3129000
278.95792 	3089399.2
279.75952 	3069598.9
280.56112 	3049798.6
281.36273 	3029998.3
282.16433 	3010198.1
282.96593 	2990398
283.76754 	2970597.9
284.56914 	2950797.8
285.37074 	2930997.8
286.17234 	2911197.8
286.97395 	2891397.9
288.57715 	2851798.1
289.37876 	2831998.3
290.18036 	2812198.6
290.98196 	2792398.8
291.78357 	2772599.2
292.58517 	2752799.5
293.38677 	2732999.9
294.18838 	2713200.4
294.98998 	2693400.9
295.79158 	2673601.4
296.59319 	2653802
297.39479 	2634002.6
298.19639 	2614203.2
298.998 	2594403.9
299.7996 	2574604.6
300.6012 	2554805.4
301.40281 	2535006.2
302.20441 	2515207
303.00601 	2495407.9
303.80762 	2475608.8
304.60922 	2455809.8
306.21242 	2416211.8
307.01403 	2396412.9
307.81563 	2376614
308.61723 	2356815.2
309.41884 	2337016.4
310.22044 	2317217.6
311.02204 	2297418.9
311.82365 	2277620.2
312.62525 	2257821.5
313.42685 	2238022.9
314.22846 	2218224.3
315.03006 	2198425.8
315.83166 	2178627.3
316.63327 	2158828.8
317.43487 	2139030.4
318.23647 	2119232
319.03808 	2099433.7
319.83968 	2079635.4
320.64128 	2059837.2
321.44289 	2040039
322.24449 	2020240.8
323.04609 	2000442.7
323.8477 	1980644.6
324.6493 	1960846.6
325.4509 	1941048.6
326.25251 	1921250.6
327.05411 	1901452.7
327.85571 	1881654.9
328.65731 	1861857.1
329.45892 	1842059.3
330.26052 	1822261.6
331.06212 	1802463.9
331.86373 	1782666.3
332.66533 	1762868.7
333.46693 	1743071.1
334.26854 	1723273.6
335.07014 	1703476.1
335.87174 	1683678.7
336.67335 	1663881.4
337.47495 	1644084
338.27655 	1624286.7
339.07816 	1604489.5
339.87976 	1584692.3
340.68136 	1564895.1
341.48297 	1545098
342.28457 	1525300.9
343.08617 	1505503.9
343.88778 	1485706.8
344.68938 	1465909.9
345.49098 	1446113
346.29259 	1426316.1
347.09419 	1406519.2
347.89579 	1386722.4
348.69739 	1366925.6
349.499 	1347128.9
350.3006 	1327332.2
351.1022 	1307535.5
351.90381 	1287738.9
352.70541 	1267942.2
353.50701 	1248145.7
354.30862 	1228349.1
355.11022 	1208552.6
355.91182 	1188756.2
356.71343 	1168959.7
357.51503 	1149163.3
358.31663 	1129366.9
359.11824 	1109570.6
359.91984 	1089774.3
360.72144 	1069978
361.52305 	1050181.7
362.32465 	1030385.5
363.12625 	1010589.3
363.92786 	990793.17
364.72946 	970997.03
365.53106 	951200.93
366.33267 	931404.86
367.13427 	911608.82
367.93587 	891812.81
368.73747 	872016.84
369.53908 	852220.89
370.34068 	832424.97
371.14228 	812629.08
371.94389 	792833.23
372.74549 	773037.41
373.54709 	753241.61
374.3487 	733445.85
375.1503 	713650.13
375.9519 	693854.43
376.75351 	674058.77
377.55511 	654263.14
379.15832 	614671.98
379.95992 	594876.45
381.56313 	555285.49
382.36473 	535490.07
383.16633 	515694.68
383.96794 	495899.32
384.76954 	476104
385.57114 	456308.72
386.37275 	436513.47
387.17435 	416718.26
387.97595 	396923.08
388.77756 	377127.94
389.57916 	357332.84
390.38076 	337537.78
391.18236 	317742.75
391.98397 	297947.76
392.78557 	278152.81
393.58717 	258357.9
394.38878 	238563.02
395.19038 	218768.19
395.99198 	198973.39
396.79359 	179178.64
397.59519 	159383.92
399.1984 	119794.6
400 	100482.12
