0 	9266991
6.4128257 	9130975.8
34.468938 	8627264.6
37.675351 	8548351.4
40.881764 	8476643.9
50.501002 	8242031.5
53.707415 	8152994.2
62.52505 	7974238.2
65.731463 	7893644.1
68.937876 	7871709.3
69.739479 	7871129.1
96.993988 	7766739.5
103.40681 	7604433.2
106.61323 	7523244
116.23246 	7279543.2
123.44689 	7096746.2
125.05 	7056121.8
125.8517 	7035805.4
128.25651 	6974863.2
131.46293 	6893608.9
151.50301 	6386051.4
153.90782 	6325181.5
156.31263 	6264317.9
159.51904 	6183175.3
166.73347 	6000632.8
169.13828 	5939792
175.5511 	5777567.9
176.35271 	5757292.2
187.57515 	5473481
190.78156 	5392400.2
200.4008 	5149135.3
201.2024 	5128860.8
202.00401 	5108586
202.80561 	5088311
203.60721 	5068035.7
204.40882 	5047760.2
205.21042 	5027484.6
206.01202 	5007208.9
206.81363 	4986933.1
207.61523 	4966657.4
208.41683 	4946381.7
209.21844 	4926106.1
210.02004 	4905830.6
210.82164 	4885555.2
211.62325 	4865280
212.42485 	4845004.9
213.22645 	4824730
214.02806 	4804455.3
214.82966 	4784180.8
215.63126 	4763906.5
216.43287 	4743632.4
217.23447 	4723358.4
218.03607 	4703084.5
219.63928 	4662537.3
220.44088 	4642263.8
221.24248 	4621990.3
222.04409 	4601716.9
222.84569 	4581443.5
223.64729 	4561170
224.4489 	4540896.4
225.2505 	4520622.6
226.0521 	4500348.6
227.65531 	4459799.5
228.45691 	4439524.3
229.25852 	4419248.6
230.86172 	4378695.2
231.66333 	4358417.4
232.46493 	4338138.7
234.06814 	4297578.6
234.86974 	4277297.1
235.67134 	4257014.5
236.47295 	4236730.8
237.27455 	4216446.1
238.07615 	4196160.3
238.87776 	4175873.6
239.67936 	4155585.8
240.48096 	4135297.1
241.28257 	4115007.6
242.08417 	4094717.4
242.88577 	4074426.6
243.68737 	4054135.3
244.48898 	4033843.7
245.29058 	4013552
246.09218 	3993260.2
246.89379 	3972968.6
247.69539 	3952677.4
248.49699 	3932386.6
249.2986 	3912096.4
250.1002 	3891807.1
250.9018 	3871518.7
251.70341 	3851231.3
252.50501 	3830945
253.30661 	3810660
254.10822 	3790376.3
254.90982 	3770093.9
255.71142 	3749812.8
256.51303 	3729533.1
257.31463 	3709254.8
258.11623 	3688977.7
258.91784 	3668701.9
259.71944 	3648427.3
260.52104 	3628153.7
261.32265 	3607881.1
262.12425 	3587609.4
262.92585 	3567338.4
263.72745 	3547068.1
264.52906 	3526798.3
265.33066 	3506528.8
266.13226 	3486259.6
266.93387 	3465990.5
267.73547 	3445721.4
268.53707 	3425452.1
269.33868 	3405182.6
270.14028 	3384912.8
270.94188 	3364642.4
271.74349 	3344371.6
272.54509 	3324100.1
273.34669 	3303827.9
274.1483 	3283555
274.9499 	3263281.4
274.95 	3263278.8
275.7515 	3243006.9
276.55311 	3222731.6
277.35471 	3202455.5
278.95792 	3161900.8
279.75952 	3141622.4
280.56112 	3121343.3
281.36273 	3101063.6
282.16433 	3080783.4
282.96593 	3060502.7
283.76754 	3040221.7
284.56914 	3019940.5
285.37074 	2999659.1
286.17234 	2979377.7
286.97395 	2959096.4
288.57715 	2918534.6
289.37876 	2898254.3
290.18036 	2877974.7
290.98196 	2857695.7
291.78357 	2837417.5
292.58517 	2817140.3
293.38677 	2796864
294.18838 	2776588.9
294.98998 	2756314.9
295.79158 	2736042.2
296.59319 	2715770.7
297.39479 	2695500.6
298.19639 	2675231.8
298.998 	2654964.4
299.7996 	2634698.5
300.6012 	2614433.9
301.40281 	2594170.8
302.20441 	2573909
303.00601 	2553648.6
303.80762 	2533389.6
304.60922 	2513131.8
306.21242 	2472619.9
307.01403 	2452365.6
307.81563 	2432112.4
308.61723 	2411860.2
309.41884 	2391608.8
310.22044 	2371358.2
311.02204 	2351108.4
311.82365 	2330859.1
312.62525 	2310610.4
313.42685 	2290362.1
314.22846 	2270114.1
315.03006 	2249866.4
315.83166 	2229618.8
316.63327 	2209371.1
317.43487 	2189123.5
318.23647 	2168875.6
319.03808 	2148627.5
319.83968 	2128378.9
320.64128 	2108129.9
321.44289 	2087880.4
322.24449 	2067630.1
323.04609 	2047379.1
323.8477 	2027127.3
324.6493 	2006874.6
325.4509 	1986620.8
326.25251 	1966366
327.05411 	1946110.1
327.85571 	1925853
328.65731 	1905594.6
329.45892 	1885334.9
330.26052 	1865073.9
331.06212 	1844811.4
331.86373 	1824547.5
332.66533 	1804282.2
333.46693 	1784015.4
334.26854 	1763747
335.07014 	1743477.2
335.87174 	1723205.9
336.67335 	1702933
337.47495 	1682658.6
338.27655 	1662382.8
339.07816 	1642105.5
339.87976 	1621826.7
340.68136 	1601546.5
341.48297 	1581264.9
342.28457 	1560981.9
343.08617 	1540697.7
343.88778 	1520412.2
344.68938 	1500125.4
345.49098 	1479837.6
346.29259 	1459548.6
347.09419 	1439258.6
347.89579 	1418967.6
348.69739 	1398675.8
349.499 	1378383
350.3006 	1358089.5
351.1022 	1337795.3
351.90381 	1317500.5
352.70541 	1297205.1
353.50701 	1276909.1
354.30862 	1256612.8
355.11022 	1236316
355.91182 	1216019
356.71343 	1195721.7
357.51503 	1175424.2
358.31663 	1155126.6
359.11824 	1134828.9
359.91984 	1114531.2
360.72144 	1094233.6
361.52305 	1073936
362.32465 	1053638.6
363.12625 	1033341.3
363.92786 	1013044.2
364.72946 	992747.43
365.53106 	972450.88
366.33267 	952154.64
367.13427 	931858.73
367.93587 	911563.17
368.73747 	891267.98
369.53908 	870973.16
370.34068 	850678.74
371.14228 	830384.73
371.94389 	810091.12
372.74549 	789797.92
373.54709 	769505.13
374.3487 	749212.75
375.1503 	728920.77
375.9519 	708629.2
376.75351 	688338.01
377.55511 	668047.19
379.15832 	627466.66
379.95992 	607176.91
381.56313 	566598.37
382.36473 	546309.55
383.16633 	526021
383.96794 	505732.72
384.76954 	485444.68
385.57114 	465156.86
386.37275 	444869.26
387.17435 	424581.85
387.97595 	404294.63
388.77756 	384007.57
389.57916 	363720.66
390.38076 	343433.9
391.18236 	323147.26
391.98397 	302860.73
392.78557 	282574.32
393.58717 	262288
394.38878 	242001.76
395.19038 	221715.61
395.99198 	201429.53
396.79359 	181143.51
397.59519 	160857.56
399.1984 	120285.81
400 	100494.09
