0 	9519528.8
6.4128257 	9456509.5
34.468938 	8867684.9
37.675351 	8859433
40.881764 	8858787.9
50.501002 	8816858.7
53.707415 	8736819
62.52505 	8516808.6
65.731463 	8436800.9
68.937876 	8356795.7
69.739479 	8336795.3
96.993988 	7656808.1
103.40681 	7496806.2
106.61323 	7416815.1
116.23246 	7176869.7
123.44689 	6996909.2
125.05 	6956920.4
125.8517 	6936922.3
128.25651 	6876935.6
131.46293 	6796953.9
151.50301 	6297079.6
153.90782 	6237096.3
156.31263 	6177113.2
159.51904 	6097135.1
166.73347 	5917177.8
169.13828 	5857188.9
175.5511 	5697208.6
176.35271 	5677210
187.57515 	5397213.7
190.78156 	5317214.3
200.4008 	5077237.5
201.2024 	5057241.2
202.00401 	5037245.2
202.80561 	5017249.4
203.60721 	4997253.9
204.40882 	4977258.6
205.21042 	4957263.5
206.01202 	4937268.7
206.81363 	4917274
207.61523 	4897279.6
208.41683 	4877285.3
209.21844 	4857291.3
210.02004 	4837297.4
210.82164 	4817303.6
211.62325 	4797310.1
212.42485 	4777316.7
213.22645 	4757323.4
214.02806 	4737330.4
214.82966 	4717337.5
215.63126 	4697344.7
216.43287 	4677352.2
217.23447 	4657359.8
218.03607 	4637367.5
219.63928 	4597383.6
220.44088 	4577391.8
221.24248 	4557400.3
222.04409 	4537408.9
222.84569 	4517417.6
223.64729 	4497426.6
224.4489 	4477435.6
225.2505 	4457444.9
226.0521 	4437454.3
227.65531 	4397473.6
228.45691 	4377483.5
229.25852 	4357493.5
230.86172 	4317514
231.66333 	4297524.5
232.46493 	4277535.1
234.06814 	4237556.8
234.86974 	4217567.8
235.67134 	4197579
236.47295 	4177590.3
237.27455 	4157601.6
238.07615 	4137613.1
238.87776 	4117624.8
239.67936 	4097636.5
240.48096 	4077648.2
241.28257 	4057660.1
242.08417 	4037672
242.88577 	4017684
243.68737 	3997696.1
244.48898 	3977708.1
245.29058 	3957720.2
246.09218 	3937732.3
246.89379 	3917744.4
247.69539 	3897756.5
248.49699 	3877768.6
249.2986 	3857780.6
250.1002 	3837792.6
250.9018 	3817804.5
251.70341 	3797816.4
252.50501 	3777828.1
253.30661 	3757839.8
254.10822 	3737851.4
254.90982 	3717862.8
255.71142 	3697874.1
256.51303 	3677885.4
257.31463 	3657896.4
258.11623 	3637907.3
258.91784 	3617918.1
259.71944 	3597928.7
260.52104 	3577939.2
261.32265 	3557949.5
262.12425 	3537959.6
262.92585 	3517969.6
263.72745 	3497979.4
264.52906 	3477988.9
265.33066 	3457998.4
266.13226 	3438007.6
266.93387 	3418016.6
267.73547 	3398025.5
268.53707 	3378034.2
269.33868 	3358042.6
270.14028 	3338050.9
270.94188 	3318059
271.74349 	3298066.9
272.54509 	3278074.7
273.34669 	3258082.2
274.1483 	3238089.6
274.9499 	3218096.8
274.95 	3218094.3
275.7515 	3198103.8
276.55311 	3178110.7
277.35471 	3158117.4
278.95792 	3118130.3
279.75952 	3098136.5
280.56112 	3078142.6
281.36273 	3058148.6
282.16433 	3038154.4
282.96593 	3018160.2
283.76754 	2998165.8
284.56914 	2978171.3
285.37074 	2958176.8
286.17234 	2938182.2
286.97395 	2918187.5
288.57715 	2878197.9
289.37876 	2858203.1
290.18036 	2838208.2
290.98196 	2818213.4
291.78357 	2798218.5
292.58517 	2778223.6
293.38677 	2758228.8
294.18838 	2738233.9
294.98998 	2718239.2
295.79158 	2698244.4
296.59319 	2678249.7
297.39479 	2658255.1
298.19639 	2638260.6
298.998 	2618266.1
299.7996 	2598271.7
300.6012 	2578277.5
301.40281 	2558283.3
302.20441 	2538289.3
303.00601 	2518295.3
303.80762 	2498301.5
304.60922 	2478307.8
306.21242 	2438320.9
307.01403 	2418327.7
307.81563 	2398334.6
308.61723 	2378341.7
309.41884 	2358348.9
310.22044 	2338356.3
311.02204 	2318363.8
311.82365 	2298371.5
312.62525 	2278379.4
313.42685 	2258387.4
314.22846 	2238395.6
315.03006 	2218404
315.83166 	2198412.5
316.63327 	2178421.2
317.43487 	2158430.1
318.23647 	2138439.1
319.03808 	2118448.3
319.83968 	2098457.7
320.64128 	2078467.2
321.44289 	2058476.9
322.24449 	2038486.7
323.04609 	2018496.7
323.8477 	1998506.8
324.6493 	1978517.1
325.4509 	1958527.5
326.25251 	1938538.1
327.05411 	1918548.8
327.85571 	1898559.7
328.65731 	1878570.7
329.45892 	1858581.8
330.26052 	1838593.1
331.06212 	1818604.5
331.86373 	1798616
332.66533 	1778627.6
333.46693 	1758639.4
334.26854 	1738651.3
335.07014 	1718663.3
335.87174 	1698675.4
336.67335 	1678687.6
337.47495 	1658699.9
338.27655 	1638712.3
339.07816 	1618724.8
339.87976 	1598737.4
340.68136 	1578750.1
341.48297 	1558762.9
342.28457 	1538775.8
343.08617 	1518788.8
343.88778 	1498801.8
344.68938 	1478815
345.49098 	1458828.2
346.29259 	1438841.6
347.09419 	1418855
347.89579 	1398868.5
348.69739 	1378882
349.499 	1358895.7
350.3006 	1338909.5
351.1022 	1318923.3
351.90381 	1298937.2
352.70541 	1278951.3
353.50701 	1258965.4
354.30862 	1238979.6
355.11022 	1218993.9
355.91182 	1199008.4
356.71343 	1179022.9
357.51503 	1159037.5
358.31663 	1139052.3
359.11824 	1119067.1
359.91984 	1099082.1
360.72144 	1079097.1
361.52305 	1059112.3
362.32465 	1039127.7
363.12625 	1019143.1
363.92786 	999158.67
364.72946 	979174.37
365.53106 	959190.21
366.33267 	939206.18
367.13427 	919222.28
367.93587 	899238.52
368.73747 	879254.91
369.53908 	859271.44
370.34068 	839288.11
371.14228 	819304.93
371.94389 	799321.89
372.74549 	779339
373.54709 	759356.27
374.3487 	739373.68
375.1503 	719391.24
375.9519 	699408.95
376.75351 	679426.81
377.55511 	659444.83
379.15832 	619481.29
379.95992 	599499.75
381.56313 	559537.09
382.36473 	539555.97
383.16633 	519574.99
383.96794 	499594.15
384.76954 	479613.44
385.57114 	459632.87
386.37275 	439652.41
387.17435 	419672.09
387.97595 	399691.88
388.77756 	379711.78
389.57916 	359731.8
390.38076 	339751.93
391.18236 	319772.16
391.98397 	299792.48
392.78557 	279812.9
393.58717 	259833.41
394.38878 	239854
395.19038 	219874.66
395.99198 	199895.4
396.79359 	179916.21
397.59519 	159937.08
399.1984 	119978.98
400 	100486.61
