0 	8287292.3
6.4128257 	8172198.2
34.468938 	7806169.7
37.675351 	7731327.4
40.881764 	7647907.5
50.501002 	7400313.5
53.707415 	7318576.8
62.52505 	7093677.8
65.731463 	7012704.6
68.937876 	6982902.1
69.739479 	6978648.6
96.993988 	6496596.1
103.40681 	6402893.4
106.61323 	6323823.8
116.23246 	6096434.4
123.44689 	5947595.2
125.05 	5905128.3
125.8517 	5884004.3
128.25651 	5822715.3
131.46293 	5745005.2
151.50301 	5384965.2
153.90782 	5384136.8
156.31263 	5383118.5
159.51904 	5381944.1
166.73347 	5381250.3
169.13828 	5380916.3
175.5511 	5376893.7
176.35271 	5375891.4
187.57515 	5372515
190.78156 	5372546.4
200.4008 	5369878
201.2024 	5369487
202.00401 	5369262.8
202.80561 	5369302.5
203.60721 	5369285.2
204.40882 	5369079.3
205.21042 	5368898.9
206.01202 	5368663.7
206.81363 	5368559.3
207.61523 	5368451.2
208.41683 	5368221.9
209.21844 	5367853.6
210.02004 	5367161.3
210.82164 	5365831.4
211.62325 	5363743.7
212.42485 	5359159.8
213.22645 	5349822.4
214.02806 	5334133.1
214.82966 	5313679.1
215.63126 	5291230.4
216.43287 	5268566.7
217.23447 	5245962.9
218.03607 	5223380.2
219.63928 	5178207.1
220.44088 	5155612
221.24248 	5133011.5
222.04409 	5110406.8
222.84569 	5087799.7
223.64729 	5065192.5
224.4489 	5042586.8
225.2505 	5019984.4
226.0521 	4997387
227.65531 	4952215.3
228.45691 	4929642.4
229.25852 	4907077.3
230.86172 	4861966.7
231.66333 	4839419.8
232.46493 	4816877.7
234.06814 	4771805.4
234.86974 	4749273.7
235.67134 	4726743.7
236.47295 	4704215.1
237.27455 	4681687.7
238.07615 	4659161.9
238.87776 	4636638.1
239.67936 	4614116.5
240.48096 	4591597.3
241.28257 	4569080.5
242.08417 	4546565.7
242.88577 	4524053
243.68737 	4501542.1
244.48898 	4479033
245.29058 	4456525.4
246.09218 	4434019.2
246.89379 	4411514.1
247.69539 	4389010.1
248.49699 	4366507.1
249.2986 	4344005.1
250.1002 	4321503.7
250.9018 	4299002.1
251.70341 	4276498.9
252.50501 	4253992.5
253.30661 	4231481.3
254.10822 	4208964.2
254.90982 	4186440.8
255.71142 	4163911.8
256.51303 	4141378.5
257.31463 	4118842.4
258.11623 	4096305
258.91784 	4073767.1
259.71944 	4051228.9
260.52104 	4028689.7
261.32265 	4006148.7
262.12425 	3983604.9
262.92585 	3961057.6
263.72745 	3938506.2
264.52906 	3915950.6
265.33066 	3893391
266.13226 	3870827.7
266.93387 	3848261.3
267.73547 	3825692.2
268.53707 	3803120.8
269.33868 	3780547.5
270.14028 	3757972.5
270.94188 	3735395.7
271.74349 	3712817.2
272.54509 	3690236.9
273.34669 	3667654.5
274.1483 	3645070.1
274.9499 	3622483.6
274.95 	3622480.7
275.7515 	3599895
276.55311 	3577304.4
277.35471 	3554712.2
278.95792 	3509523.7
279.75952 	3486928.1
280.56112 	3464332
281.36273 	3441735.8
282.16433 	3419139.5
282.96593 	3396543.5
283.76754 	3373947.7
284.56914 	3351352.4
285.37074 	3328757.6
286.17234 	3306163.4
286.97395 	3283569.9
288.57715 	3238385.6
289.37876 	3215794.8
290.18036 	3193205.1
290.98196 	3170616.1
291.78357 	3148027.9
292.58517 	3125440.1
293.38677 	3102852.7
294.18838 	3080265.6
294.98998 	3057678.5
295.79158 	3035091.8
296.59319 	3012505.5
297.39479 	2989920
298.19639 	2967335.7
298.998 	2944752.9
299.7996 	2922172.1
300.6012 	2899593.3
301.40281 	2877016.8
302.20441 	2854442.3
303.00601 	2831869.8
303.80762 	2809298.9
304.60922 	2786729.3
306.21242 	2741592.3
307.01403 	2719024.4
307.81563 	2696456.7
308.61723 	2673889.3
309.41884 	2651322.3
310.22044 	2628756.1
311.02204 	2606191.3
311.82365 	2583628.7
312.62525 	2561068.9
313.42685 	2538513
314.22846 	2515962
315.03006 	2493416.9
315.83166 	2470878.4
316.63327 	2448347.6
317.43487 	2425825.1
318.23647 	2403311.2
319.03808 	2380806.3
319.83968 	2358310.1
320.64128 	2335822.4
321.44289 	2313342.5
322.24449 	2290869.4
323.04609 	2268402
323.8477 	2245938.9
324.6493 	2223478.8
325.4509 	2201020.2
326.25251 	2178561.8
327.05411 	2156102.4
327.85571 	2133641.1
328.65731 	2111177
329.45892 	2088709.7
330.26052 	2066239
331.06212 	2043764.6
331.86373 	2021286.8
332.66533 	1998805.6
333.46693 	1976321.1
334.26854 	1953833.5
335.07014 	1931342.8
335.87174 	1908848.9
336.67335 	1886351.7
337.47495 	1863850.9
338.27655 	1841346.1
339.07816 	1818836.8
339.87976 	1796322.5
340.68136 	1773802.8
341.48297 	1751277.2
342.28457 	1728745.1
343.08617 	1706206.2
343.88778 	1683660
344.68938 	1661106.4
345.49098 	1638545
346.29259 	1615975.8
347.09419 	1593398.7
347.89579 	1570813.7
348.69739 	1548220.9
349.499 	1525620.5
350.3006 	1503012.7
351.1022 	1480397.8
351.90381 	1457776.1
352.70541 	1435147.9
353.50701 	1412513.8
354.30862 	1389874
355.11022 	1367229
355.91182 	1344579.4
356.71343 	1321925.6
357.51503 	1299268
358.31663 	1276607.2
359.11824 	1253943.6
359.91984 	1231277.7
360.72144 	1208609.9
361.52305 	1185940.6
362.32465 	1163270.2
363.12625 	1140599
363.92786 	1117927.5
364.72946 	1095255.9
365.53106 	1072584.5
366.33267 	1049913.6
367.13427 	1027243.3
367.93587 	1004574.1
368.73747 	981905.92
369.53908 	959239.11
370.34068 	936573.8
371.14228 	913910.14
371.94389 	891248.29
372.74549 	868588.36
373.54709 	845930.5
374.3487 	823274.82
375.1503 	800621.45
375.9519 	777970.5
376.75351 	755322.1
377.55511 	732676.36
379.15832 	687393.41
379.95992 	664756.47
381.56313 	619492.34
382.36473 	596865.43
383.16633 	574242.14
383.96794 	551622.6
384.76954 	529006.92
385.57114 	506395.21
386.37275 	483787.53
387.17435 	461183.96
387.97595 	438584.5
388.77756 	415989.17
389.57916 	393397.92
390.38076 	370810.68
391.18236 	348227.34
391.98397 	325647.75
392.78557 	303071.72
393.58717 	280499.04
394.38878 	257929.43
395.19038 	235362.61
395.99198 	212798.24
396.79359 	190235.98
397.59519 	167675.43
399.1984 	122557.87
400 	100549.43
