0 	3836477.5
0.35183948 	3828945.7
0.70367896 	3821016.9
1.0555184 	3813115.5
1.4073579 	3805192.9
1.7591974 	3797287.1
2.1110369 	3789365
2.4628764 	3781451.4
2.8147158 	3773473.1
3.1665553 	3765651.9
3.5183948 	3757730.2
3.8702343 	3749804.1
4.2220737 	3741873.1
4.9257527 	3726145.6
5.6294317 	3710379
5.9812711 	3702452.6
6.3331106 	3694526.7
8.092308 	3654897.7
8.795987 	3639045.1
9.1478265 	3631123.6
10.203345 	3607556.6
10.907024 	3591694.5
11.258863 	3583797.4
11.610703 	3575870.7
11.962542 	3567947.9
12.666221 	3552104.6
13.018061 	3544178.8
13.3699 	3536253.3
13.72174 	3528327.7
14.777258 	3504551.1
15.480937 	3488700
15.832777 	3480774.6
16.536456 	3464912.9
17.591974 	3444386.9
18.647492 	3420593.3
19.351171 	3406931.6
19.703011 	3399542.2
20.05485 	3391615.7
20.40669 	3383689.6
20.758529 	3375763.5
21.462208 	3359911.4
22.165887 	3344059.3
22.869566 	3328207.3
23.573245 	3312355.3
23.925085 	3304429.3
24.276924 	3296503.3
24.628764 	3288577.3
25.332442 	3272725.3
25.684282 	3264799.3
26.387961 	3248947.3
26.7398 	3241021.4
27.09164 	3233095.4
27.443479 	3225169.4
27.795319 	3217243.4
28.147158 	3209317.4
28.850837 	3193465.5
29.202677 	3185539.5
29.554516 	3177613.5
29.906356 	3169687.5
30.258195 	3161761.5
30.610035 	3153835.5
30.961874 	3145909.5
31.665553 	3130057.4
32.017393 	3122131.4
32.369232 	3114205.3
32.721072 	3106279.3
33.072911 	3098353.2
33.424751 	3090427.2
33.77659 	3082501.1
34.128429 	3074575
34.480269 	3066648.9
34.832108 	3058722.7
35.183948 	3050796.6
35.535787 	3042870.4
35.887627 	3034944.2
36.239466 	3027018
36.591306 	3019091.8
37.294985 	3003239.3
37.646824 	2995313
37.998664 	2987386.7
38.702343 	2971534
39.406022 	2955681.1
39.757861 	2947754.7
41.165219 	2916048.5
41.517059 	2908121.8
41.868898 	2900195.2
42.220737 	2892268.5
42.924416 	2876415
43.276256 	2868488.2
43.628095 	2860561.3
43.979935 	2852634.4
44.683614 	2836780.6
45.035453 	2828853.6
45.387293 	2820926.6
46.090972 	2805072.6
46.442811 	2797145.5
47.14649 	2781291.3
47.49833 	2773364.2
48.202009 	2757510
48.553848 	2749582.9
49.257527 	2733728.7
49.609367 	2725801.6
49.961206 	2717874.5
50.313045 	2709947.5
50.664885 	2702020.5
51.016724 	2694093.5
51.720403 	2678239.7
52.072243 	2670312.9
52.424082 	2662386.2
52.775922 	2654459.5
53.127761 	2646532.9
54.18328 	2622753.8
54.535119 	2614827.6
54.886959 	2606901.5
55.238798 	2598975.5
55.590638 	2591049.7
55.942477 	2583123.9
56.997996 	2559347.4
57.349835 	2551422.2
57.701675 	2543497
58.053514 	2535572
58.405354 	2527647.1
58.757193 	2519722.3
59.109032 	2511797.6
59.460872 	2503873
60.164551 	2488024.1
60.51639 	2480099.8
60.86823 	2472175.6
61.220069 	2464251.5
61.571909 	2456327.4
61.923748 	2448403.5
62.275588 	2440479.6
62.627427 	2432555.9
62.979267 	2424632.2
63.331106 	2416708.7
63.682946 	2408785.3
64.034785 	2400862
64.386625 	2392938.9
64.738464 	2385016
65.442143 	2369170.9
65.793983 	2361248.7
66.497662 	2345405.4
67.55318 	2321643.7
68.256859 	2305805.4
68.608698 	2297887.1
69.312377 	2282051.5
70.016056 	2266111.1
70.367896 	2258492.1
70.719735 	2255019.6
71.071575 	2254698.8
71.423414 	2254649.4
72.830772 	2254533.5
73.182612 	2254508.9
73.534451 	2254482.1
73.886291 	2254457.3
74.941809 	2254385.8
75.293648 	2254359.8
75.645488 	2254333.4
75.997327 	2254307.8
77.052846 	2254239.1
77.404685 	2254216.6
77.756525 	2254196.5
78.460204 	2254163.2
78.812043 	2254145.2
79.163883 	2254120.7
80.219401 	2254016.9
81.27492 	2239066.2
81.626759 	2231087.2
81.978599 	2223101.7
82.330438 	2215115.6
82.682278 	2207129.4
83.034117 	2199143
83.385957 	2191156.5
83.737796 	2183169.8
84.089635 	2175183
84.441475 	2167196
85.496993 	2143233.6
86.552512 	2119269.3
86.904351 	2111280.9
89.015388 	2063350.5
89.367228 	2055362.4
90.070907 	2039386.9
90.422746 	2031399.4
90.774586 	2023412.2
91.126425 	2015425.3
91.478265 	2007438.6
91.830104 	1999452.2
92.533783 	1983480.2
93.237462 	1967509.2
93.589301 	1959524.1
93.941141 	1951539.2
94.29298 	1943554.6
96.052178 	1903633.6
96.404017 	1895649.8
96.755857 	1887666.1
97.459536 	1871698.8
97.811375 	1863715.2
98.163215 	1855731.6
98.515054 	1847748.1
99.922412 	1815813.7
100.27425 	1807830.1
100.62609 	1799846.4
101.32977 	1783879
102.03345 	1767911.4
102.38529 	1759927.5
103.79265 	1727991.7
104.14449 	1720007.7
104.49633 	1712023.6
105.2 	1696055.4
105.90368 	1680087.1
106.25552 	1672103
106.60736 	1664118.8
108.01472 	1632182.2
108.36656 	1624198
108.7184 	1616213.9
109.07024 	1608229.8
109.77392 	1592261.7
110.12576 	1584277.7
110.82944 	1568309.7
111.18128 	1560325.8
111.53311 	1552341.9
111.88495 	1544358.1
112.58863 	1528390.6
112.94047 	1520406.9
113.29231 	1512423.3
113.64415 	1504439.7
113.99599 	1496456.2
114.34783 	1488472.7
114.69967 	1480489.3
115.05151 	1472505.9
115.40335 	1464522.6
115.75519 	1456539.4
116.45887 	1440573.1
116.81071 	1432590
117.16255 	1424607
117.51439 	1416624.1
118.21806 	1400658.4
118.5699 	1392675.7
118.92174 	1384693
119.27358 	1376710.3
119.62542 	1368727.8
119.97726 	1360745.2
120.3291 	1352762.8
120.68094 	1344780.4
121.03278 	1336798.1
121.38462 	1328815.8
121.73646 	1320833.6
122.0883 	1312851.4
122.79198 	1296887.2
123.14382 	1288905.2
123.49566 	1280923.3
123.8475 	1272941.4
124.19934 	1264959.5
124.55118 	1256977.8
124.90302 	1248996
125.25485 	1241014.3
125.60669 	1233032.7
126.66221 	1209088
127.01405 	1201106.6
127.36589 	1193125.2
127.71773 	1185143.8
128.06957 	1177162.5
128.42141 	1169181.2
128.77325 	1161200
129.12509 	1153218.8
129.47693 	1145237.7
130.18061 	1129275.5
130.53245 	1121294.5
130.88429 	1113313.5
131.23613 	1105332.6
132.29164 	1081390
132.64348 	1073409.2
132.99532 	1065428.5
133.699 	1049467.1
134.05084 	1041486.5
134.40268 	1033505.9
134.75452 	1025525.3
135.4582 	1009564.2
135.81004 	1001583.8
136.16188 	993603.33
136.51372 	985622.91
136.86556 	977642.53
137.56924 	961681.86
137.92108 	953701.56
138.27292 	945721.3
138.97659 	929760.85
139.68027 	913800.51
140.03211 	905820.38
140.38395 	897840.27
140.73579 	889860.2
141.08763 	881880.14
141.43947 	873900.12
141.79131 	865920.11
142.14315 	857940.14
142.49499 	849960.19
142.84683 	841980.26
144.25419 	810060.82
145.3097 	786121.52
145.66154 	778141.81
146.01338 	770162.12
146.36522 	762182.46
146.71706 	754202.83
147.0689 	746223.23
147.42074 	738243.65
148.12442 	722284.59
148.8281 	706325.66
149.17994 	698346.24
149.88362 	682387.49
150.23546 	674408.17
150.5873 	666428.88
151.29098 	650470.4
151.99465 	634512.07
152.69833 	618553.89
153.05017 	610574.85
153.40201 	602595.85
153.75385 	594616.9
154.45753 	578659.1
154.80937 	570680.26
155.16121 	562701.47
155.51305 	554722.72
155.86489 	546744.01
156.21673 	538765.34
156.56857 	530786.72
157.62409 	506851.11
157.97593 	498872.66
158.32777 	490894.26
158.67961 	482915.9
159.03144 	474937.59
159.38328 	466959.32
159.73512 	458981.1
160.08696 	451002.92
160.4388 	443024.79
160.79064 	435046.7
161.14248 	427068.66
161.49432 	419090.66
161.84616 	411112.71
162.90168 	387179.11
163.25352 	379201.33
163.9572 	363245.9
164.30904 	355268.25
164.66088 	347290.63
165.01272 	339313.06
165.71639 	323358.03
166.06823 	315380.58
167.12375 	291448.42
167.47559 	283471.11
167.82743 	275493.83
168.17927 	267516.58
168.53111 	259539.36
169.23479 	243585.02
169.58663 	235607.89
169.93847 	227630.79
170.64215 	211676.67
170.99399 	203699.64
171.34583 	195722.64
171.69767 	187745.66
172.04951 	179768.7
172.40134 	171791.76
172.75318 	163814.84
173.10502 	155837.94
174.16054 	131907.32
174.51238 	123930.47
174.86422 	115953.64
