0 	9019477.6
6.4128257 	8909491
34.468938 	8372087
37.675351 	8298832.2
40.881764 	8247894.2
50.501002 	8024920
53.707415 	7949260.6
62.52505 	7747489.2
65.731463 	7667737.3
68.937876 	7611933.2
69.739479 	7608267.9
96.993988 	7223328.7
103.40681 	7221140.9
106.61323 	7220493.2
116.23246 	7217275.6
123.44689 	7210231
125.05 	7187749.2
125.8517 	7168093.4
128.25651 	7105455.7
131.46293 	7022484.1
151.50301 	6508116.4
153.90782 	6446200.5
156.31263 	6384216.2
159.51904 	6301497.3
166.73347 	6115272.5
169.13828 	6053207.2
175.5511 	5887776
176.35271 	5867105.7
187.57515 	5577895.4
190.78156 	5495286.5
200.4008 	5247359.6
201.2024 	5226690.4
202.00401 	5206019.9
202.80561 	5185348.2
203.60721 	5164675.2
204.40882 	5144001
205.21042 	5123325.4
206.01202 	5102648.5
206.81363 	5081970.1
207.61523 	5061290.3
208.41683 	5040608.9
209.21844 	5019925.9
210.02004 	4999241.1
210.82164 	4978554.6
211.62325 	4957866.4
212.42485 	4937176.4
213.22645 	4916484.7
214.02806 	4895791.5
214.82966 	4875096.8
215.63126 	4854400.7
216.43287 	4833703.6
217.23447 	4813005.5
218.03607 	4792306.7
219.63928 	4750907.5
220.44088 	4730207.5
221.24248 	4709507.4
222.04409 	4688807.3
222.84569 	4668107.4
223.64729 	4647407.6
224.4489 	4626708.1
225.2505 	4606008.9
226.0521 	4585310
227.65531 	4543913.6
228.45691 	4523216.1
229.25852 	4502519.1
230.86172 	4461126.8
231.66333 	4440431.6
232.46493 	4419737.1
234.06814 	4378350.3
234.86974 	4357658.1
235.67134 	4336966.6
236.47295 	4316276
237.27455 	4295586.3
238.07615 	4274897.4
238.87776 	4254209.4
239.67936 	4233522.4
240.48096 	4212836.2
241.28257 	4192151.1
242.08417 	4171466.8
242.88577 	4150783.6
243.68737 	4130101.2
244.48898 	4109419.8
245.29058 	4088739.4
246.09218 	4068059.8
246.89379 	4047381.1
247.69539 	4026703.3
248.49699 	4006026.3
249.2986 	3985350
250.1002 	3964674.5
250.9018 	3943999.7
251.70341 	3923325.6
252.50501 	3902652.1
253.30661 	3881979.1
254.10822 	3861306.6
254.90982 	3840634.5
255.71142 	3819962.8
256.51303 	3799291.5
257.31463 	3778620.3
258.11623 	3757949.4
258.91784 	3737278.5
259.71944 	3716607.7
260.52104 	3695936.9
261.32265 	3675266.1
262.12425 	3654595.1
262.92585 	3633923.9
263.72745 	3613252.6
264.52906 	3592580.9
265.33066 	3571909
266.13226 	3551236.7
266.93387 	3530564.2
267.73547 	3509891.2
268.53707 	3489217.9
269.33868 	3468544.2
270.14028 	3447870.1
270.94188 	3427195.6
271.74349 	3406520.6
272.54509 	3385845.3
273.34669 	3365169.5
274.1483 	3344493.3
274.9499 	3323816.7
274.95 	3323814.1
275.7515 	3303139.5
276.55311 	3282461.8
277.35471 	3261783.7
278.95792 	3220425.6
279.75952 	3199745.6
280.56112 	3179065
281.36273 	3158383.7
282.16433 	3137701.7
282.96593 	3117018.9
283.76754 	3096335.4
284.56914 	3075651
285.37074 	3054965.7
286.17234 	3034279.5
286.97395 	3013592.5
288.57715 	2972215.4
289.37876 	2951525.4
290.18036 	2930834.3
290.98196 	2910142.2
291.78357 	2889449
292.58517 	2868754.7
293.38677 	2848059.2
294.18838 	2827362.5
294.98998 	2806664.7
295.79158 	2785965.7
296.59319 	2765265.5
297.39479 	2744564.1
298.19639 	2723861.6
298.998 	2703157.8
299.7996 	2682453
300.6012 	2661747
301.40281 	2641040
302.20441 	2620332
303.00601 	2599623
303.80762 	2578913.3
304.60922 	2558202.7
306.21242 	2516779.8
307.01403 	2496067.6
307.81563 	2475355.2
308.61723 	2454642.5
309.41884 	2433929.7
310.22044 	2413216.9
311.02204 	2392504.3
311.82365 	2371792
312.62525 	2351080.1
313.42685 	2330368.7
314.22846 	2309657.9
315.03006 	2288947.9
315.83166 	2268238.6
316.63327 	2247530.4
317.43487 	2226823.1
318.23647 	2206116.9
319.03808 	2185412
319.83968 	2164708.3
320.64128 	2144006
321.44289 	2123305.2
322.24449 	2102605.8
323.04609 	2081908.1
323.8477 	2061212.1
324.6493 	2040517.8
325.4509 	2019825.4
326.25251 	1999134.8
327.05411 	1978446.2
327.85571 	1957759.7
328.65731 	1937075.2
329.45892 	1916392.9
330.26052 	1895712.8
331.06212 	1875035
331.86373 	1854359.4
332.66533 	1833686.2
333.46693 	1813015.3
334.26854 	1792346.7
335.07014 	1771680.4
335.87174 	1751016.4
336.67335 	1730354.7
337.47495 	1709695.1
338.27655 	1689037.7
339.07816 	1668382.4
339.87976 	1647729
340.68136 	1627077.5
341.48297 	1606427.8
342.28457 	1585779.7
343.08617 	1565133.2
343.88778 	1544488.1
344.68938 	1523844.3
345.49098 	1503201.8
346.29259 	1482560.3
347.09419 	1461919.8
347.89579 	1441280.3
348.69739 	1420641.5
349.499 	1400003.5
350.3006 	1379366.1
351.1022 	1358729.3
351.90381 	1338093.1
352.70541 	1317457.5
353.50701 	1296822.4
354.30862 	1276187.7
355.11022 	1255553.6
355.91182 	1234920
356.71343 	1214286.9
357.51503 	1193654.4
358.31663 	1173022.3
359.11824 	1152390.9
359.91984 	1131760
360.72144 	1111129.6
361.52305 	1090499.9
362.32465 	1069870.7
363.12625 	1049242.1
363.92786 	1028614
364.72946 	1007986.5
365.53106 	987359.42
366.33267 	966732.77
367.13427 	946106.48
367.93587 	925480.49
368.73747 	904854.72
369.53908 	884229.08
370.34068 	863603.48
371.14228 	842977.82
371.94389 	822352.01
372.74549 	801725.94
373.54709 	781099.51
374.3487 	760472.62
375.1503 	739845.17
375.9519 	719217.09
376.75351 	698588.27
377.55511 	677958.65
379.15832 	636696.75
379.95992 	616064.38
381.56313 	574796.61
382.36473 	554161.19
383.16633 	533524.75
383.96794 	512887.3
384.76954 	492248.86
385.57114 	471609.47
386.37275 	450969.17
387.17435 	430328.01
387.97595 	409686.04
388.77756 	389043.32
389.57916 	368399.91
390.38076 	347755.88
391.18236 	327111.28
391.98397 	306466.18
392.78557 	285820.65
393.58717 	265174.73
394.38878 	244528.49
395.19038 	223881.99
395.99198 	203235.27
396.79359 	182588.38
397.59519 	161941.36
399.1984 	120647.14
400 	100502.89
