0 	7949461.2
6.4128257 	7819243
34.468938 	7407486.8
37.675351 	7331925.7
40.881764 	7262937.2
50.501002 	7024023.9
53.707415 	6942936.2
62.52505 	6888074.8
65.731463 	6885409.5
68.937876 	6856121
69.739479 	6837048.2
96.993988 	6155970.3
103.40681 	5999230.7
106.61323 	5952691.6
116.23246 	5743699.3
123.44689 	5655318.8
125.05 	5627493.3
125.8517 	5606912.9
128.25651 	5545572.7
131.46293 	5465815.1
151.50301 	5020195.9
153.90782 	4955570.4
156.31263 	4890523.8
159.51904 	4803446.5
166.73347 	4691533.4
169.13828 	4691004.2
175.5511 	4690422.1
176.35271 	4690319.3
187.57515 	4690453.3
190.78156 	4690588.1
200.4008 	4687768.2
201.2024 	4687392.7
202.00401 	4686924.6
202.80561 	4686517.9
203.60721 	4686147
204.40882 	4685776
205.21042 	4685412.2
206.01202 	4685255.3
206.81363 	4685266.2
207.61523 	4685157.6
208.41683 	4684947.9
209.21844 	4684887.7
210.02004 	4684878.5
210.82164 	4684835.4
211.62325 	4684757.8
212.42485 	4684572.9
213.22645 	4684350.2
214.02806 	4684028.4
214.82966 	4683647.1
215.63126 	4683199.5
216.43287 	4682687.1
217.23447 	4682163
218.03607 	4681644.7
219.63928 	4680731.9
220.44088 	4680291
221.24248 	4679806.6
222.04409 	4679367.9
222.84569 	4678916
223.64729 	4678437
224.4489 	4678051.9
225.2505 	4677658.6
226.0521 	4677135.3
227.65531 	4676375.5
228.45691 	4676023
229.25852 	4675678.9
230.86172 	4674963.7
231.66333 	4674613
232.46493 	4674376.1
234.06814 	4675445.9
234.86974 	4675771.3
235.67134 	4675719.3
236.47295 	4675457.2
237.27455 	4675101.9
238.07615 	4674745.3
238.87776 	4674338.3
239.67936 	4673957.5
240.48096 	4673693.4
241.28257 	4673501.4
242.08417 	4673334.6
242.88577 	4673165.1
243.68737 	4672968
244.48898 	4672661.9
245.29058 	4672237.6
246.09218 	4671622.7
246.89379 	4670430.2
247.69539 	4668140.6
248.49699 	4663635.3
249.2986 	4654240.4
250.1002 	4637202.7
250.9018 	4614313.6
251.70341 	4589851.7
252.50501 	4565396.8
253.30661 	4541010.3
254.10822 	4516641
254.90982 	4492274.8
255.71142 	4467909.8
256.51303 	4443546.2
257.31463 	4419185
258.11623 	4394827.3
258.91784 	4370474.7
259.71944 	4346128
260.52104 	4321788
261.32265 	4297454.2
262.12425 	4273126.1
262.92585 	4248802.9
263.72745 	4224484
264.52906 	4200169.5
265.33066 	4175859.6
266.13226 	4151555.1
266.93387 	4127256.2
267.73547 	4102963.2
268.53707 	4078676.3
269.33868 	4054395.7
270.14028 	4030121.6
270.94188 	4005853.9
271.74349 	3981592.7
272.54509 	3957337.5
273.34669 	3933087.5
274.1483 	3908841.8
274.9499 	3884599.5
274.95 	3884596.5
275.7515 	3860359.9
276.55311 	3836122.8
277.35471 	3811888.3
278.95792 	3763429.5
279.75952 	3739206
280.56112 	3714986.6
281.36273 	3690770.9
282.16433 	3666558.3
282.96593 	3642348.2
283.76754 	3618140
284.56914 	3593933.2
285.37074 	3569727.7
286.17234 	3545523.4
286.97395 	3521320.3
288.57715 	3472917.2
289.37876 	3448716.8
290.18036 	3424516.8
290.98196 	3400316.5
291.78357 	3376115.7
292.58517 	3351913.8
293.38677 	3327710.3
294.18838 	3303505
294.98998 	3279297.6
295.79158 	3255088.1
296.59319 	3230876.1
297.39479 	3206661.9
298.19639 	3182445.4
298.998 	3158226.6
299.7996 	3134005.7
300.6012 	3109782.8
301.40281 	3085557.9
302.20441 	3061331.1
303.00601 	3037102.6
303.80762 	3012872.2
304.60922 	2988640.1
306.21242 	2940170.6
307.01403 	2915933.4
307.81563 	2891694.4
308.61723 	2867453.9
309.41884 	2843211.9
310.22044 	2818968.5
311.02204 	2794723.9
311.82365 	2770478
312.62525 	2746231.2
313.42685 	2721983.6
314.22846 	2697735.3
315.03006 	2673486.5
315.83166 	2649237.4
316.63327 	2624988.1
317.43487 	2600738.8
318.23647 	2576489.4
319.03808 	2552240
319.83968 	2527990.6
320.64128 	2503741
321.44289 	2479491.2
322.24449 	2455241.1
323.04609 	2430990.4
323.8477 	2406739.3
324.6493 	2382487.6
325.4509 	2358235.2
326.25251 	2333982.3
327.05411 	2309728.7
327.85571 	2285474.3
328.65731 	2261219.1
329.45892 	2236963
330.26052 	2212705.8
331.06212 	2188447.3
331.86373 	2164187.3
332.66533 	2139925.7
333.46693 	2115662.2
334.26854 	2091397
335.07014 	2067129.8
335.87174 	2042860.7
336.67335 	2018589.8
337.47495 	1994317.2
338.27655 	1970043.1
339.07816 	1945767.7
339.87976 	1921491.2
340.68136 	1897213.8
341.48297 	1872935.6
342.28457 	1848656.8
343.08617 	1824377.6
343.88778 	1800098.1
344.68938 	1775818.4
345.49098 	1751538.7
346.29259 	1727258.9
347.09419 	1702979.3
347.89579 	1678699.8
348.69739 	1654420.6
349.499 	1630141.8
350.3006 	1605863.3
351.1022 	1581585.4
351.90381 	1557307.9
352.70541 	1533031
353.50701 	1508754.7
354.30862 	1484479
355.11022 	1460204.1
355.91182 	1435929.8
356.71343 	1411656.2
357.51503 	1387383.3
358.31663 	1363111.1
359.11824 	1338839.5
359.91984 	1314568.5
360.72144 	1290297.9
361.52305 	1266027.7
362.32465 	1241757.8
363.12625 	1217488.1
363.92786 	1193218.4
364.72946 	1168948.6
365.53106 	1144678.6
366.33267 	1120408.2
367.13427 	1096137.4
367.93587 	1071866.1
368.73747 	1047594.1
369.53908 	1023321.5
370.34068 	999048.03
371.14228 	974773.74
371.94389 	950498.54
372.74549 	926222.36
373.54709 	901945.15
374.3487 	877666.82
375.1503 	853387.32
375.9519 	829106.57
376.75351 	804824.51
377.55511 	780541.06
379.15832 	731969.72
379.95992 	707681.71
381.56313 	659100.81
382.36473 	634807.86
383.16633 	610513.23
383.96794 	586216.91
384.76954 	561918.93
385.57114 	537619.3
386.37275 	513318.05
387.17435 	489015.21
387.97595 	464710.82
388.77756 	440404.91
389.57916 	416097.51
390.38076 	391788.69
391.18236 	367478.49
391.98397 	343166.96
392.78557 	318854.18
393.58717 	294540.23
394.38878 	270225.2
395.19038 	245909.19
395.99198 	221592.33
396.79359 	197274.74
397.59519 	172956.56
399.1984 	124319.04
400 	100592.32
