0 	9622016.6
6.4128257 	9482791.1
34.468938 	8939318.4
37.675351 	8938480.3
40.881764 	8936769.5
50.501002 	8806072.2
53.707415 	8726158.5
62.52505 	8506415.4
65.731463 	8426522.8
68.937876 	8346633.6
69.739479 	8326661.1
96.993988 	7647370.1
103.40681 	7487526.1
106.61323 	7407609.4
116.23246 	7167892.4
123.44689 	6988136
125.05 	6948195.1
125.8517 	6928221.3
128.25651 	6868308.2
131.46293 	6788426.3
151.50301 	6289176.8
153.90782 	6229265.4
156.31263 	6169353.3
159.51904 	6089469.5
166.73347 	5909726
169.13828 	5849810.2
175.5511 	5690033.3
176.35271 	5670061.3
187.57515 	5390461.8
190.78156 	5310580.8
200.4008 	5070952.5
201.2024 	5050984.4
202.00401 	5031016.4
202.80561 	5011048.5
203.60721 	4991080.7
204.40882 	4971112.9
205.21042 	4951145.3
206.01202 	4931177.8
206.81363 	4911210.3
207.61523 	4891242.9
208.41683 	4871275.6
209.21844 	4851308.3
210.02004 	4831341
210.82164 	4811373.8
211.62325 	4791406.6
212.42485 	4771439.4
213.22645 	4751472.2
214.02806 	4731505.1
214.82966 	4711537.9
215.63126 	4691570.8
216.43287 	4671603.6
217.23447 	4651636.4
218.03607 	4631669.2
219.63928 	4591734.7
220.44088 	4571767.4
221.24248 	4551800.1
222.04409 	4531832.8
222.84569 	4511865.4
223.64729 	4491898
224.4489 	4471930.5
225.2505 	4451963.1
226.0521 	4431995.6
227.65531 	4392060.4
228.45691 	4372092.8
229.25852 	4352125.1
230.86172 	4312189.8
231.66333 	4292222
232.46493 	4272254.3
234.06814 	4232318.7
234.86974 	4212350.8
235.67134 	4192383
236.47295 	4172415.2
237.27455 	4152447.3
238.07615 	4132479.5
238.87776 	4112511.6
239.67936 	4092543.8
240.48096 	4072575.9
241.28257 	4052608.1
242.08417 	4032640.3
242.88577 	4012672.5
243.68737 	3992704.7
244.48898 	3972737
245.29058 	3952769.3
246.09218 	3932801.6
246.89379 	3912833.9
247.69539 	3892866.3
248.49699 	3872898.8
249.2986 	3852931.2
250.1002 	3832963.7
250.9018 	3812996.3
251.70341 	3793028.9
252.50501 	3773061.5
253.30661 	3753094.2
254.10822 	3733127
254.90982 	3713159.8
255.71142 	3693192.7
256.51303 	3673225.6
257.31463 	3653258.5
258.11623 	3633291.5
258.91784 	3613324.6
259.71944 	3593357.7
260.52104 	3573390.9
261.32265 	3553424.2
262.12425 	3533457.5
262.92585 	3513490.9
263.72745 	3493524.3
264.52906 	3473557.8
265.33066 	3453591.4
266.13226 	3433625.1
266.93387 	3413658.8
267.73547 	3393692.6
268.53707 	3373726.5
269.33868 	3353760.5
270.14028 	3333794.6
270.94188 	3313828.7
271.74349 	3293862.9
272.54509 	3273897.3
273.34669 	3253931.7
274.1483 	3233966.2
274.9499 	3214000.8
274.95 	3213998.3
275.7515 	3194035.5
276.55311 	3174070.3
277.35471 	3154105.2
278.95792 	3114175.3
279.75952 	3094210.5
280.56112 	3074245.9
281.36273 	3054281.3
282.16433 	3034316.8
282.96593 	3014352.4
283.76754 	2994388.1
284.56914 	2974423.9
285.37074 	2954459.8
286.17234 	2934495.8
286.97395 	2914531.8
288.57715 	2874604.2
289.37876 	2854640.5
290.18036 	2834676.9
290.98196 	2814713.4
291.78357 	2794749.9
292.58517 	2774786.5
293.38677 	2754823.2
294.18838 	2734859.9
294.98998 	2714896.6
295.79158 	2694933.4
296.59319 	2674970.2
297.39479 	2655007.1
298.19639 	2635044
298.998 	2615080.9
299.7996 	2595117.9
300.6012 	2575154.9
301.40281 	2555191.8
302.20441 	2535228.9
303.00601 	2515265.9
303.80762 	2495302.9
304.60922 	2475339.9
306.21242 	2435414
307.01403 	2415451
307.81563 	2395488
308.61723 	2375525
309.41884 	2355562.1
310.22044 	2335599.1
311.02204 	2315636.1
311.82365 	2295673.1
312.62525 	2275710.1
313.42685 	2255747.1
314.22846 	2235784.1
315.03006 	2215821.1
315.83166 	2195858.1
316.63327 	2175895.1
317.43487 	2155932.1
318.23647 	2135969.2
319.03808 	2116006.2
319.83968 	2096043.2
320.64128 	2076080.3
321.44289 	2056117.3
322.24449 	2036154.4
323.04609 	2016191.5
323.8477 	1996228.6
324.6493 	1976265.8
325.4509 	1956302.9
326.25251 	1936340.1
327.05411 	1916377.4
327.85571 	1896414.6
328.65731 	1876452
329.45892 	1856489.3
330.26052 	1836526.7
331.06212 	1816564.1
331.86373 	1796601.6
332.66533 	1776639.1
333.46693 	1756676.7
334.26854 	1736714.3
335.07014 	1716752
335.87174 	1696789.7
336.67335 	1676827.5
337.47495 	1656865.3
338.27655 	1636903.2
339.07816 	1616941.2
339.87976 	1596979.3
340.68136 	1577017.4
341.48297 	1557055.5
342.28457 	1537093.8
343.08617 	1517132.1
343.88778 	1497170.5
344.68938 	1477208.9
345.49098 	1457247.4
346.29259 	1437286
347.09419 	1417324.7
347.89579 	1397363.4
348.69739 	1377402.2
349.499 	1357441.1
350.3006 	1337480
351.1022 	1317519.1
351.90381 	1297558.2
352.70541 	1277597.3
353.50701 	1257636.6
354.30862 	1237675.9
355.11022 	1217715.3
355.91182 	1197754.7
356.71343 	1177794.3
357.51503 	1157833.9
358.31663 	1137873.5
359.11824 	1117913.3
359.91984 	1097953.1
360.72144 	1077992.9
361.52305 	1058032.9
362.32465 	1038072.8
363.12625 	1018112.9
363.92786 	998153.01
364.72946 	978193.17
365.53106 	958233.39
366.33267 	938273.67
367.13427 	918314
367.93587 	898354.38
368.73747 	878394.81
369.53908 	858435.29
370.34068 	838475.82
371.14228 	818516.39
371.94389 	798557.01
372.74549 	778597.67
373.54709 	758638.36
374.3487 	738679.1
375.1503 	718719.88
375.9519 	698760.69
376.75351 	678801.54
377.55511 	658842.43
379.15832 	618924.3
379.95992 	598965.29
381.56313 	559047.35
382.36473 	539088.43
383.16633 	519129.54
383.96794 	499170.68
384.76954 	479211.85
385.57114 	459253.05
386.37275 	439294.27
387.17435 	419335.53
387.97595 	399376.82
388.77756 	379418.14
389.57916 	359459.48
390.38076 	339500.86
391.18236 	319542.27
391.98397 	299583.71
392.78557 	279625.19
393.58717 	259666.69
394.38878 	239708.23
395.19038 	219749.8
395.99198 	199791.41
396.79359 	179833.06
397.59519 	159874.74
399.1984 	119958.21
400 	100486.11
