0 	9219247.4
6.4128257 	9098636.8
34.468938 	8596063.5
37.675351 	8520833.5
40.881764 	8454005.7
50.501002 	8236606.1
53.707415 	8165204.2
62.52505 	7946100.5
65.731463 	7871948.6
68.937876 	7798935.9
69.739479 	7780267.6
96.993988 	7697221.1
103.40681 	7621374.4
106.61323 	7539570.8
116.23246 	7296877
123.44689 	7116208.6
125.05 	7075892.2
125.8517 	7055692.9
128.25651 	6994952.3
131.46293 	6913652.7
151.50301 	6403248.2
153.90782 	6342089.6
156.31263 	6280969.4
159.51904 	6199532.5
166.73347 	6016479.6
169.13828 	5955491.3
175.5511 	5792847.3
176.35271 	5772513.2
187.57515 	5487763.6
190.78156 	5406388.1
200.4008 	5162185.3
201.2024 	5141828.4
202.00401 	5121470.4
202.80561 	5101111.4
203.60721 	5080751.3
204.40882 	5060390.1
205.21042 	5040028
206.01202 	5019665
206.81363 	4999301.1
207.61523 	4978936.4
208.41683 	4958571
209.21844 	4938204.9
210.02004 	4917838.2
210.82164 	4897471
211.62325 	4877103.5
212.42485 	4856735.7
213.22645 	4836367.7
214.02806 	4815999.7
214.82966 	4795631.7
215.63126 	4775264
216.43287 	4754896.6
217.23447 	4734529.6
218.03607 	4714163.3
219.63928 	4673433
220.44088 	4653069.3
221.24248 	4632706.9
222.04409 	4612345.7
222.84569 	4591986
223.64729 	4571627.9
224.4489 	4551271.5
225.2505 	4530916.9
226.0521 	4510564.3
227.65531 	4469865.3
228.45691 	4449519.1
229.25852 	4429175.2
230.86172 	4388494.5
231.66333 	4368157.8
232.46493 	4347823.4
234.06814 	4307162
234.86974 	4286834.9
235.67134 	4266510
236.47295 	4246187.4
237.27455 	4225866.9
238.07615 	4205548.5
238.87776 	4185231.9
239.67936 	4164917.2
240.48096 	4144604
241.28257 	4124292.4
242.08417 	4103982
242.88577 	4083672.8
243.68737 	4063364.5
244.48898 	4043057
245.29058 	4022750.1
246.09218 	4002443.5
246.89379 	3982137.1
247.69539 	3961830.8
248.49699 	3941524.2
249.2986 	3921217.3
250.1002 	3900909.8
250.9018 	3880601.7
251.70341 	3860292.7
252.50501 	3839982.8
253.30661 	3819671.7
254.10822 	3799359.5
254.90982 	3779045.9
255.71142 	3758731
256.51303 	3738414.7
257.31463 	3718096.9
258.11623 	3697777.6
258.91784 	3677456.7
259.71944 	3657134.4
260.52104 	3636810.5
261.32265 	3616485.2
262.12425 	3596158.4
262.92585 	3575830.2
263.72745 	3555500.8
264.52906 	3535170
265.33066 	3514838.1
266.13226 	3494505.1
266.93387 	3474171.1
267.73547 	3453836.2
268.53707 	3433500.6
269.33868 	3413164.2
270.14028 	3392827.2
270.94188 	3372489.7
271.74349 	3352151.9
272.54509 	3331813.8
273.34669 	3311475.5
274.1483 	3291137.1
274.9499 	3270798.7
274.95 	3270796.1
275.7515 	3250460.4
276.55311 	3230122.3
277.35471 	3209784.4
278.95792 	3169109.8
279.75952 	3148773.1
280.56112 	3128436.9
281.36273 	3108101.3
282.16433 	3087766.3
282.96593 	3067432
283.76754 	3047098.3
284.56914 	3026765.4
285.37074 	3006433.1
286.17234 	2986101.6
286.97395 	2965770.9
288.57715 	2925111.7
289.37876 	2904783.3
290.18036 	2884455.7
290.98196 	2864128.8
291.78357 	2843802.7
292.58517 	2823477.4
293.38677 	2803152.8
294.18838 	2782828.9
294.98998 	2762505.8
295.79158 	2742183.4
296.59319 	2721861.7
297.39479 	2701540.6
298.19639 	2681220.3
298.998 	2660900.5
299.7996 	2640581.4
300.6012 	2620262.8
301.40281 	2599944.8
302.20441 	2579627.3
303.00601 	2559310.4
303.80762 	2538993.9
304.60922 	2518677.9
306.21242 	2478047
307.01403 	2457732.1
307.81563 	2437417.6
308.61723 	2417103.3
309.41884 	2396789.2
310.22044 	2376475.3
311.02204 	2356161.6
311.82365 	2335848
312.62525 	2315534.4
313.42685 	2295220.9
314.22846 	2274907.4
315.03006 	2254593.8
315.83166 	2234280.1
316.63327 	2213966.3
317.43487 	2193652.3
318.23647 	2173338.1
319.03808 	2153023.6
319.83968 	2132708.8
320.64128 	2112393.6
321.44289 	2092078.1
322.24449 	2071762.2
323.04609 	2051445.8
323.8477 	2031129
324.6493 	2010811.8
325.4509 	1990494
326.25251 	1970175.7
327.05411 	1949856.8
327.85571 	1929537.4
328.65731 	1909217.4
329.45892 	1888896.9
330.26052 	1868575.7
331.06212 	1848254
331.86373 	1827931.8
332.66533 	1807608.9
333.46693 	1787285.5
334.26854 	1766961.5
335.07014 	1746636.9
335.87174 	1726311.8
336.67335 	1705986.1
337.47495 	1685660
338.27655 	1665333.3
339.07816 	1645006.1
339.87976 	1624678.5
340.68136 	1604350.4
341.48297 	1584021.9
342.28457 	1563693
343.08617 	1543363.7
343.88778 	1523034.1
344.68938 	1502704.1
345.49098 	1482373.9
346.29259 	1462043.4
347.09419 	1441712.6
347.89579 	1421381.7
348.69739 	1401050.6
349.499 	1380719.4
350.3006 	1360388.1
351.1022 	1340056.7
351.90381 	1319725.3
352.70541 	1299393.9
353.50701 	1279062.6
354.30862 	1258731.4
355.11022 	1238400.2
355.91182 	1218069.3
356.71343 	1197738.5
357.51503 	1177407.9
358.31663 	1157077.5
359.11824 	1136747.5
359.91984 	1116417.7
360.72144 	1096088.2
361.52305 	1075759
362.32465 	1055430.2
363.12625 	1035101.8
363.92786 	1014773.6
364.72946 	994445.9
365.53106 	974118.51
366.33267 	953791.48
367.13427 	933464.79
367.93587 	913138.42
368.73747 	892812.37
369.53908 	872486.6
370.34068 	852161.1
371.14228 	831835.82
371.94389 	811510.75
372.74549 	791185.83
373.54709 	770861.04
374.3487 	750536.32
375.1503 	730211.65
375.9519 	709886.97
376.75351 	689562.23
377.55511 	669237.4
379.15832 	628587.27
379.95992 	608261.87
381.56313 	567610.24
382.36473 	547283.92
383.16633 	526957.22
383.96794 	506630.11
384.76954 	486302.57
385.57114 	465974.58
386.37275 	445646.12
387.17435 	425317.18
387.97595 	404987.75
388.77756 	384657.85
389.57916 	364327.46
390.38076 	343996.6
391.18236 	323665.3
391.98397 	303333.55
392.78557 	283001.41
393.58717 	262668.88
394.38878 	242336.02
395.19038 	222002.85
395.99198 	201669.42
396.79359 	181335.77
397.59519 	161001.95
399.1984 	120334.02
400 	100495.26
