0 	9553473.1
6.4128257 	9411151.5
34.468938 	8842417.4
37.675351 	8767020.3
40.881764 	8740715
50.501002 	8737166.1
53.707415 	8728153.4
62.52505 	8519462.1
65.731463 	8439435
68.937876 	8359405.8
69.739479 	8339398.7
96.993988 	7659172
103.40681 	7499123.2
106.61323 	7419099.2
116.23246 	7179020.9
123.44689 	6998962.7
125.05 	6958952.8
125.8517 	6938944.1
128.25651 	6878926.2
131.46293 	6798903.4
151.50301 	6298810.7
153.90782 	6238805.5
156.31263 	6178801.2
159.51904 	6098796.9
166.73347 	5918791.2
169.13828 	5858790.3
175.5511 	5698789.3
176.35271 	5678789.2
187.57515 	5398789.4
190.78156 	5318789.4
200.4008 	5078788.3
201.2024 	5058788.1
202.00401 	5038787.9
202.80561 	5018787.8
203.60721 	4998787.6
204.40882 	4978787.4
205.21042 	4958787.2
206.01202 	4938787
206.81363 	4918786.8
207.61523 	4898786.6
208.41683 	4878786.4
209.21844 	4858786.2
210.02004 	4838786
210.82164 	4818785.7
211.62325 	4798785.5
212.42485 	4778785.3
213.22645 	4758785
214.02806 	4738784.8
214.82966 	4718784.6
215.63126 	4698784.4
216.43287 	4678784.2
217.23447 	4658784
218.03607 	4638783.8
219.63928 	4598783.4
220.44088 	4578783.2
221.24248 	4558783.1
222.04409 	4538782.9
222.84569 	4518782.8
223.64729 	4498782.7
224.4489 	4478782.6
225.2505 	4458782.5
226.0521 	4438782.5
227.65531 	4398782.4
228.45691 	4378782.5
229.25852 	4358782.5
230.86172 	4318782.8
231.66333 	4298783
232.46493 	4278783.2
234.06814 	4238783.8
234.86974 	4218784.2
235.67134 	4198784.7
236.47295 	4178785.2
237.27455 	4158785.8
238.07615 	4138786.4
238.87776 	4118787.1
239.67936 	4098787.9
240.48096 	4078788.8
241.28257 	4058789.8
242.08417 	4038790.8
242.88577 	4018791.9
243.68737 	3998793.2
244.48898 	3978794.5
245.29058 	3958795.9
246.09218 	3938797.4
246.89379 	3918799
247.69539 	3898800.7
248.49699 	3878802.5
249.2986 	3858804.4
250.1002 	3838806.4
250.9018 	3818808.4
251.70341 	3798810.6
252.50501 	3778812.9
253.30661 	3758815.3
254.10822 	3738817.7
254.90982 	3718820.3
255.71142 	3698822.9
256.51303 	3678825.7
257.31463 	3658828.5
258.11623 	3638831.4
258.91784 	3618834.3
259.71944 	3598837.4
260.52104 	3578840.5
261.32265 	3558843.7
262.12425 	3538847
262.92585 	3518850.3
263.72745 	3498853.7
264.52906 	3478857.2
265.33066 	3458860.7
266.13226 	3438864.3
266.93387 	3418867.9
267.73547 	3398871.6
268.53707 	3378875.3
269.33868 	3358879
270.14028 	3338882.8
270.94188 	3318886.7
271.74349 	3298890.5
272.54509 	3278894.5
273.34669 	3258898.4
274.1483 	3238902.4
274.9499 	3218906.4
274.95 	3218903.9
275.7515 	3198910.4
276.55311 	3178914.5
277.35471 	3158918.6
278.95792 	3118926.8
279.75952 	3098931
280.56112 	3078935.2
281.36273 	3058939.4
282.16433 	3038943.7
282.96593 	3018947.9
283.76754 	2998952.2
284.56914 	2978956.5
285.37074 	2958960.9
286.17234 	2938965.3
286.97395 	2918969.7
288.57715 	2878978.6
289.37876 	2858983.1
290.18036 	2838987.6
290.98196 	2818992.1
291.78357 	2798996.7
292.58517 	2779001.3
293.38677 	2759006
294.18838 	2739010.6
294.98998 	2719015.4
295.79158 	2699020.1
296.59319 	2679024.9
297.39479 	2659029.7
298.19639 	2639034.6
298.998 	2619039.4
299.7996 	2599044.4
300.6012 	2579049.3
301.40281 	2559054.3
302.20441 	2539059.4
303.00601 	2519064.5
303.80762 	2499069.6
304.60922 	2479074.7
306.21242 	2439085.1
307.01403 	2419090.4
307.81563 	2399095.7
308.61723 	2379101
309.41884 	2359106.4
310.22044 	2339111.8
311.02204 	2319117.3
311.82365 	2299122.8
312.62525 	2279128.3
313.42685 	2259133.9
314.22846 	2239139.4
315.03006 	2219145.1
315.83166 	2199150.7
316.63327 	2179156.4
317.43487 	2159162.2
318.23647 	2139167.9
319.03808 	2119173.7
319.83968 	2099179.6
320.64128 	2079185.4
321.44289 	2059191.4
322.24449 	2039197.3
323.04609 	2019203.3
323.8477 	1999209.3
324.6493 	1979215.3
325.4509 	1959221.4
326.25251 	1939227.5
327.05411 	1919233.6
327.85571 	1899239.8
328.65731 	1879246.1
329.45892 	1859252.3
330.26052 	1839258.6
331.06212 	1819265
331.86373 	1799271.3
332.66533 	1779277.8
333.46693 	1759284.2
334.26854 	1739290.7
335.07014 	1719297.3
335.87174 	1699303.9
336.67335 	1679310.5
337.47495 	1659317.2
338.27655 	1639324
339.07816 	1619330.7
339.87976 	1599337.6
340.68136 	1579344.5
341.48297 	1559351.4
342.28457 	1539358.4
343.08617 	1519365.5
343.88778 	1499372.6
344.68938 	1479379.8
345.49098 	1459387
346.29259 	1439394.3
347.09419 	1419401.6
347.89579 	1399409
348.69739 	1379416.5
349.499 	1359424
350.3006 	1339431.6
351.1022 	1319439.3
351.90381 	1299447
352.70541 	1279454.8
353.50701 	1259462.6
354.30862 	1239470.5
355.11022 	1219478.5
355.91182 	1199486.5
356.71343 	1179494.6
357.51503 	1159502.8
358.31663 	1139511
359.11824 	1119519.3
359.91984 	1099527.6
360.72144 	1079536
361.52305 	1059544.5
362.32465 	1039553
363.12625 	1019561.6
363.92786 	999570.18
364.72946 	979578.86
365.53106 	959587.6
366.33267 	939596.39
367.13427 	919605.23
367.93587 	899614.12
368.73747 	879623.06
369.53908 	859632.05
370.34068 	839641.09
371.14228 	819650.16
371.94389 	799659.29
372.74549 	779668.45
373.54709 	759677.66
374.3487 	739686.91
375.1503 	719696.19
375.9519 	699705.52
376.75351 	679714.88
377.55511 	659724.27
379.15832 	619743.17
379.95992 	599752.66
381.56313 	559771.75
382.36473 	539781.34
383.16633 	519790.96
383.96794 	499800.61
384.76954 	479810.29
385.57114 	459820
386.37275 	439829.73
387.17435 	419839.5
387.97595 	399849.3
388.77756 	379859.12
389.57916 	359868.97
390.38076 	339878.86
391.18236 	319888.77
391.98397 	299898.72
392.78557 	279908.69
393.58717 	259918.7
394.38878 	239928.74
395.19038 	219938.81
395.99198 	199948.92
396.79359 	179959.06
397.59519 	159969.24
399.1984 	119989.71
400 	100486.88
