0 	3893326
0.3317994 	3892162.5
3.6497934 	3883081.8
4.3133922 	3881262.2
4.6451916 	3876141
4.976991 	3868591.4
5.3087904 	3859654.7
5.9723892 	3843371.4
6.3041886 	3841616.6
6.635988 	3840502.1
7.2995868 	3831725.1
7.6313862 	3828871.3
7.9631856 	3826894.5
8.6267844 	3826563.3
8.9585838 	3824624.7
9.953982 	3819696.9
11.944778 	3818607.1
12.276578 	3818806.4
12.608377 	3818843.9
12.940177 	3818671.4
13.271976 	3816909.6
13.603775 	3812340.1
13.935575 	3807695.8
14.267374 	3799865.8
14.599174 	3790666.1
15.262772 	3779833.7
15.594572 	3775636.4
15.926371 	3775306.1
16.258171 	3774867.1
16.58997 	3768833.1
16.921769 	3762545.4
17.253569 	3762071
17.585368 	3761737.6
18.248967 	3761381.1
18.580766 	3761049.4
18.912566 	3758625.9
19.244365 	3750884.5
19.576165 	3739909.8
19.907964 	3730123.8
20.571563 	3724299.4
20.903362 	3721860.4
22.562359 	3692405.9
22.894159 	3690983.9
23.225958 	3687683.7
23.889557 	3680710
24.221356 	3679823.8
24.884955 	3678998.2
25.216754 	3678589.7
25.880353 	3675825.3
26.875751 	3665083.1
27.207551 	3663448.3
27.53935 	3662989.3
27.871149 	3661402.9
28.202949 	3659110.9
28.534748 	3656148.7
28.866548 	3653202.8
29.198347 	3649641.3
29.861946 	3636395.9
30.193745 	3635201.6
30.525545 	3634100.8
30.857344 	3630728.6
31.189143 	3624655.5
31.852742 	3603278
32.184542 	3600926.4
32.516341 	3600453.8
32.84814 	3599991.8
33.17994 	3596548.5
33.511739 	3590135.5
33.843539 	3583287.8
34.175338 	3575912.7
34.507137 	3568269
35.834335 	3534768
36.166134 	3526265
36.497934 	3517737.3
36.829733 	3509184.1
37.161533 	3500604.4
37.825131 	3483363
38.156931 	3474700.4
38.48873 	3466009.8
39.152329 	3448544.1
39.484128 	3439769.5
39.815928 	3430967.1
40.147727 	3422135.4
40.479527 	3413249.1
41.806724 	3377025.6
42.138524 	3367916.3
42.802122 	3349663.8
43.133922 	3340525.4
43.465721 	3331382
43.797521 	3322235.9
44.461119 	3303944
44.792919 	3294802.4
45.124718 	3285666.4
45.456518 	3276537.5
46.120116 	3258308.3
46.783715 	3240126.6
47.115515 	3231056.5
47.779113 	3212963
48.110913 	3203940.9
48.442712 	3194936.2
49.106311 	3176979.9
49.43811 	3168028.8
49.76991 	3159095.9
50.101709 	3150181.1
50.433509 	3141284.2
50.765308 	3132405
51.097107 	3123543.2
51.428907 	3114698.2
51.760706 	3105869.7
52.092506 	3097057
52.756104 	3079476.7
53.087904 	3070707.7
53.419703 	3061951.9
53.751503 	3053208.5
54.083302 	3044476.6
54.415101 	3035755.7
54.746901 	3027044.8
55.0787 	3018343.2
55.4105 	3009650.1
55.742299 	3000964.7
56.074098 	2992286.4
57.069497 	2966286
57.401296 	2957628.3
57.733095 	2948974
58.396694 	2931672.9
58.728494 	2923024.6
59.060293 	2914377
59.392092 	2905729.2
59.723892 	2897080.7
60.055691 	2888430.8
60.71929 	2871123.7
61.051089 	2862465.2
62.046488 	2836461.8
62.710086 	2819096.6
63.041886 	2810403.3
63.373685 	2801702.1
63.705485 	2792992.4
64.369083 	2775546
65.032682 	2758060.7
65.364482 	2749302.6
65.696281 	2740534
66.02808 	2731754.7
66.35988 	2722964.6
66.691679 	2714163.6
67.023479 	2705351.8
67.355278 	2696529.2
67.687077 	2687696.2
68.350676 	2669999.7
68.682476 	2661136.9
69.014275 	2652264.9
69.346074 	2643384.5
69.677874 	2634496
70.009673 	2625600.1
71.005071 	2598875.6
71.336871 	2589957.6
71.66867 	2581036.2
72.664068 	2554259.4
72.995868 	2545332.5
73.659467 	2527482.3
73.991266 	2518560.6
74.323065 	2509642.1
75.650263 	2474016.2
76.313862 	2456240.8
76.645661 	2447364.2
76.977461 	2438495.6
77.30926 	2429635.3
77.641059 	2420783.5
77.972859 	2411940.4
78.304658 	2403106
78.636458 	2394280.5
78.968257 	2385463.8
79.300056 	2376655.8
79.963655 	2359065.3
80.959053 	2332740
81.290853 	2323979.7
81.622652 	2315226.2
81.954452 	2306479.1
82.286251 	2297738
82.61805 	2289002.4
83.613448 	2262824
83.945248 	2254105.8
84.277047 	2245390.7
84.608847 	2236678.4
84.940646 	2227968.4
88.922239 	2123482.7
89.254038 	2114768.3
89.585838 	2106051.5
89.917637 	2097332.1
90.249436 	2088609.8
90.913035 	2071155.8
91.244835 	2062423.7
92.240233 	2036204.6
92.572032 	2027456.6
93.235631 	2009947.4
93.56743 	2001185.8
93.89923 	1992419.3
94.231029 	1983647.7
94.562829 	1974871
94.894628 	1966089
95.226427 	1957301.6
95.558227 	1948508.6
95.890026 	1939710.1
96.221826 	1930905.8
96.553625 	1922095.9
96.885424 	1913280.1
98.544421 	1869115.4
98.876221 	1860265.6
99.53982 	1842550.4
99.871619 	1833685.3
100.86702 	1807063
101.19882 	1798180.9
101.86242 	1780407.1
102.19421 	1771516.1
102.52601 	1762623.1
102.85781 	1753728.4
103.18961 	1744832.6
103.52141 	1735936.3
103.85321 	1727039.9
104.51681 	1709249.3
104.84861 	1700356.2
105.51221 	1682577.4
105.84401 	1673692.9
107.17121 	1638200.6
107.50301 	1629341.7
108.1666 	1611644.3
108.4984 	1602806.8
108.8302 	1593977.1
109.8256 	1567539.2
110.1574 	1558744.4
110.4892 	1549958.8
110.821 	1541182.6
111.1528 	1532415.9
111.4846 	1523658.6
112.48 	1497442.9
113.14359 	1480011.2
113.47539 	1471308.3
114.13899 	1453926.9
114.80259 	1436575.4
115.13439 	1427909.9
116.12979 	1401948.1
116.46159 	1393304.1
117.78879 	1358763.2
118.12059 	1350134
119.11598 	1324252
119.77958 	1306996.9
121.10678 	1272468.8
121.77038 	1255189
122.10218 	1246543.9
122.43398 	1237895
122.76578 	1229241.9
123.09758 	1220584.3
123.76118 	1203254.9
124.09298 	1194582.6
124.75657 	1177221.9
125.08837 	1168533.2
125.42017 	1159838.6
125.75197 	1151138.1
126.08377 	1142431.6
126.41557 	1133718.8
127.07917 	1116274.3
127.41097 	1107542.3
128.07457 	1090058.4
128.40637 	1081306.4
130.39716 	1028649.2
131.72436 	993404.87
132.05616 	984576.66
132.38796 	975741.75
132.71976 	966900.34
133.05156 	958052.58
133.38336 	949198.66
133.71516 	940338.85
134.04696 	931473.4
134.71056 	913726.93
135.04236 	904846.61
135.37415 	895962.15
135.70595 	887073.99
136.36955 	869288.61
136.70135 	860392.5
137.03315 	851494.91
137.36495 	842596.46
137.69675 	833697.82
138.02855 	824799.67
138.36035 	815902.75
139.02395 	798115.45
140.01935 	771462.21
140.68295 	753720.68
141.01474 	744860.37
141.67834 	727164.12
142.01014 	718329.58
143.00554 	691887.47
143.33734 	683095.72
144.00094 	665548.37
144.33274 	656793.45
144.66454 	648051.35
144.99634 	639322.23
145.32814 	630606.29
145.65994 	621903.44
145.99174 	613213.68
146.32353 	604536.91
146.65533 	595872.85
146.98713 	587221.33
147.31893 	578581.91
147.65073 	569954.17
147.98253 	561337.65
148.31433 	552731.7
148.64613 	544135.74
148.97793 	535549.02
149.30973 	526970.76
149.64153 	518400.17
150.30513 	501278.29
150.63693 	492725.11
150.96873 	484175.75
151.30053 	475629.19
151.63233 	467084.34
151.96412 	458540.12
153.29132 	424347.45
153.62312 	415789.87
154.28672 	398655.95
154.61852 	390077.6
154.95032 	381490.37
155.61392 	364285.76
155.94572 	355666.74
156.60932 	338391.61
156.94112 	329734.32
157.27292 	321063.09
157.93651 	303677.45
158.26831 	294962.36
158.60011 	286232.24
158.93191 	277486.92
159.26371 	268726.45
160.59091 	233536.14
160.92271 	224702.98
162.24991 	189243.61
162.58171 	180350.56
162.9135 	171447.91
163.2453 	162536.52
163.9089 	144691.61
164.2407 	135760.13
164.5725 	126824.11
164.9043 	117884.65
165.2361 	108942.9
165.5679 	100444.16
