0 	8648862.9
6.4128257 	8525952.5
34.468938 	8070166.1
37.675351 	7992474.9
40.881764 	7915128
50.501002 	7737286.8
53.707415 	7701223.1
62.52505 	7523481.4
65.731463 	7451212
68.937876 	7385110
69.739479 	7367677.4
96.993988 	6763361.7
103.40681 	6602018.8
106.61323 	6519487.4
116.23246 	6305779.2
123.44689 	6301778.6
125.05 	6300944.2
125.8517 	6300538.7
128.25651 	6299645.1
131.46293 	6299172.3
151.50301 	6294688.6
153.90782 	6294259.4
156.31263 	6293995.3
159.51904 	6293407.6
166.73347 	6286061.9
169.13828 	6244604.4
175.5511 	6074189.4
176.35271 	6052906
187.57515 	5754710
190.78156 	5669492.2
200.4008 	5413660.8
201.2024 	5392327.4
202.00401 	5370992.8
202.80561 	5349657.1
203.60721 	5328320.7
204.40882 	5306983.9
205.21042 	5285646.9
206.01202 	5264310
206.81363 	5242973.1
207.61523 	5221636.3
208.41683 	5200299.2
209.21844 	5178961.4
210.02004 	5157622.3
210.82164 	5136281.1
211.62325 	5114936.8
212.42485 	5093588.6
213.22645 	5072235.6
214.02806 	5050877
214.82966 	5029512.3
215.63126 	5008141.3
216.43287 	4986763.6
217.23447 	4965379.5
218.03607 	4943989.1
219.63928 	4901190.7
220.44088 	4879783.5
221.24248 	4858371.6
222.04409 	4836955.5
222.84569 	4815535.6
223.64729 	4794112.6
224.4489 	4772687.2
225.2505 	4751260
226.0521 	4729831.9
227.65531 	4686976.9
228.45691 	4665552.3
229.25852 	4644131.2
230.86172 	4601305.2
231.66333 	4579902.9
232.46493 	4558509.7
234.06814 	4515755.3
234.86974 	4494396.3
235.67134 	4473050.5
236.47295 	4451718.4
237.27455 	4430400.2
238.07615 	4409095.7
238.87776 	4387804.2
239.67936 	4366524.9
240.48096 	4345256.4
241.28257 	4323996.9
242.08417 	4302744.6
242.88577 	4281497.3
243.68737 	4260252.5
244.48898 	4239007.9
245.29058 	4217761.1
246.09218 	4196509.7
246.89379 	4175251.6
247.69539 	4153984.7
248.49699 	4132707.5
249.2986 	4111418.5
250.1002 	4090116.8
250.9018 	4068801.6
251.70341 	4047472.8
252.50501 	4026130.3
253.30661 	4004774.6
254.10822 	3983406.4
254.90982 	3962026.7
255.71142 	3940636.6
256.51303 	3919237.6
257.31463 	3897831.2
258.11623 	3876419.1
258.91784 	3855002.9
259.71944 	3833584.2
260.52104 	3812164.7
261.32265 	3790745.9
262.12425 	3769329.2
262.92585 	3747916.1
263.72745 	3726507.5
264.52906 	3705104.6
265.33066 	3683708
266.13226 	3662318.4
266.93387 	3640936.4
267.73547 	3619562
268.53707 	3598195.4
269.33868 	3576836.7
270.14028 	3555485.5
270.94188 	3534141.7
271.74349 	3512804.8
272.54509 	3491474.4
273.34669 	3470150.1
274.1483 	3448831.3
274.9499 	3427517.5
274.95 	3427514.8
275.7515 	3406208.3
276.55311 	3384903.1
277.35471 	3363601.6
278.95792 	3321008
279.75952 	3299715.1
280.56112 	3278424.5
281.36273 	3257135.9
282.16433 	3235849.1
282.96593 	3214563.9
283.76754 	3193280.1
284.56914 	3171997.6
285.37074 	3150716.3
286.17234 	3129436.1
286.97395 	3108156.9
288.57715 	3065601.2
289.37876 	3044324.5
290.18036 	3023048.5
290.98196 	3001773.1
291.78357 	2980498.2
292.58517 	2959223.8
293.38677 	2937949.7
294.18838 	2916675.8
294.98998 	2895402
295.79158 	2874128.2
296.59319 	2852854.3
297.39479 	2831580
298.19639 	2810305.4
298.998 	2789030.1
299.7996 	2767754.2
300.6012 	2746477.5
301.40281 	2725199.9
302.20441 	2703921.3
303.00601 	2682641.6
303.80762 	2661360.9
304.60922 	2640078.9
306.21242 	2597511.5
307.01403 	2576226
307.81563 	2554939.3
308.61723 	2533651.4
309.41884 	2512362.4
310.22044 	2491072.3
311.02204 	2469781.1
311.82365 	2448488.8
312.62525 	2427195.4
313.42685 	2405900.9
314.22846 	2384605.4
315.03006 	2363308.7
315.83166 	2342011
316.63327 	2320712
317.43487 	2299411.9
318.23647 	2278110.5
319.03808 	2256807.9
319.83968 	2235503.9
320.64128 	2214198.5
321.44289 	2192891.8
322.24449 	2171583.5
323.04609 	2150273.8
323.8477 	2128962.6
324.6493 	2107649.9
325.4509 	2086335.6
326.25251 	2065019.7
327.05411 	2043702.4
327.85571 	2022383.5
328.65731 	2001063.2
329.45892 	1979741.3
330.26052 	1958418.1
331.06212 	1937093.4
331.86373 	1915767.4
332.66533 	1894440.1
333.46693 	1873111.5
334.26854 	1851781.6
335.07014 	1830450.5
335.87174 	1809118.2
336.67335 	1787784.7
337.47495 	1766450.2
338.27655 	1745114.4
339.07816 	1723777.6
339.87976 	1702439.7
340.68136 	1681100.8
341.48297 	1659760.8
342.28457 	1638419.7
343.08617 	1617077.6
343.88778 	1595734.5
344.68938 	1574390.3
345.49098 	1553045.2
346.29259 	1531699.2
347.09419 	1510352.2
347.89579 	1489004.3
348.69739 	1467655.5
349.499 	1446305.9
350.3006 	1424955.5
351.1022 	1403604.4
351.90381 	1382252.5
352.70541 	1360899.9
353.50701 	1339546.6
354.30862 	1318192.8
355.11022 	1296838.3
355.91182 	1275483.2
356.71343 	1254127.6
357.51503 	1232771.5
358.31663 	1211414.8
359.11824 	1190057.6
359.91984 	1168699.9
360.72144 	1147341.7
361.52305 	1125982.9
362.32465 	1104623.6
363.12625 	1083263.7
363.92786 	1061903.3
364.72946 	1040542.3
365.53106 	1019180.7
366.33267 	997818.54
367.13427 	976455.72
367.93587 	955092.26
368.73747 	933728.13
369.53908 	912363.33
370.34068 	890997.84
371.14228 	869631.64
371.94389 	848264.72
372.74549 	826897.07
373.54709 	805528.67
374.3487 	784159.52
375.1503 	762789.61
375.9519 	741418.93
376.75351 	720047.47
377.55511 	698675.23
379.15832 	655928.42
379.95992 	634553.85
381.56313 	591802.42
382.36473 	570425.57
383.16633 	549047.99
383.96794 	527669.7
384.76954 	506290.71
385.57114 	484911.05
386.37275 	463530.74
387.17435 	442149.82
387.97595 	420768.3
388.77756 	399386.23
389.57916 	378003.64
390.38076 	356620.56
391.18236 	335237.04
391.98397 	313853.1
392.78557 	292468.79
393.58717 	271084.15
394.38878 	249699.22
395.19038 	228314.04
395.99198 	206928.65
396.79359 	185543.1
397.59519 	164157.41
399.1984 	121385.83
400 	100520.88
