0 	8950126.9
6.4128257 	8841907.2
34.468938 	8301696
37.675351 	8221805.7
40.881764 	8147295.8
50.501002 	7976089.2
53.707415 	7906387.2
62.52505 	7697157.7
65.731463 	7630765.4
68.937876 	7560689.2
69.739479 	7543347.2
96.993988 	7033704.9
103.40681 	7030772.9
106.61323 	7029849.2
116.23246 	7028184.8
123.44689 	7026763.5
125.05 	7026160.2
125.8517 	7025868.5
128.25651 	7024880.6
131.46293 	7019248
151.50301 	6526564.3
153.90782 	6464490.2
156.31263 	6402447
159.51904 	6319743.1
166.73347 	6133664.9
169.13828 	6071615.5
175.5511 	5906047.8
176.35271 	5885338.5
187.57515 	5595022.7
190.78156 	5512037.2
200.4008 	5262977
201.2024 	5242211.3
202.00401 	5221443.4
202.80561 	5200673.5
203.60721 	5179901.4
204.40882 	5159127.3
205.21042 	5138351.3
206.01202 	5117573.5
206.81363 	5096794.2
207.61523 	5076013.7
208.41683 	5055232.3
209.21844 	5034450.2
210.02004 	5013667.8
210.82164 	4992885.5
211.62325 	4972103.4
212.42485 	4951322
213.22645 	4930541.4
214.02806 	4909762
214.82966 	4888983.9
215.63126 	4868207.2
216.43287 	4847432.2
217.23447 	4826658.9
218.03607 	4805887.5
219.63928 	4764350.3
220.44088 	4743584.6
221.24248 	4722820.7
222.04409 	4702058.7
222.84569 	4681298.4
223.64729 	4660539.8
224.4489 	4639782.9
225.2505 	4619027.6
226.0521 	4598273.8
227.65531 	4556771.1
228.45691 	4536022.2
229.25852 	4515275
230.86172 	4473786.4
231.66333 	4453045.3
232.46493 	4432306.3
234.06814 	4390835.7
234.86974 	4370104.2
235.67134 	4349375.3
236.47295 	4328648.9
237.27455 	4307925.1
238.07615 	4287203.8
238.87776 	4266484.8
239.67936 	4245768
240.48096 	4225053.2
241.28257 	4204340.2
242.08417 	4183628.9
242.88577 	4162919.1
243.68737 	4142210.4
244.48898 	4121502.9
245.29058 	4100796.2
246.09218 	4080090.2
246.89379 	4059384.7
247.69539 	4038679.7
248.49699 	4017974.9
249.2986 	3997270.3
250.1002 	3976565.8
250.9018 	3955861.2
251.70341 	3935156.4
252.50501 	3914451.3
253.30661 	3893745.8
254.10822 	3873039.8
254.90982 	3852333
255.71142 	3831625.3
256.51303 	3810916.6
257.31463 	3790206.6
258.11623 	3769495.2
258.91784 	3748782.2
259.71944 	3728067.4
260.52104 	3707350.6
261.32265 	3686631.7
262.12425 	3665910.4
262.92585 	3645186.6
263.72745 	3624460.3
264.52906 	3603731.2
265.33066 	3582999.3
266.13226 	3562264.6
266.93387 	3541527.1
267.73547 	3520786.6
268.53707 	3500043.3
269.33868 	3479297.1
270.14028 	3458548.2
270.94188 	3437796.6
271.74349 	3417042.4
272.54509 	3396285.8
273.34669 	3375526.7
274.1483 	3354765.5
274.9499 	3334002.1
274.95 	3333999.5
275.7515 	3313236.8
276.55311 	3292469.7
277.35471 	3271700.9
278.95792 	3230159
279.75952 	3209386.1
280.56112 	3188612.2
281.36273 	3167837.2
282.16433 	3147061.4
282.96593 	3126285
283.76754 	3105507.9
284.56914 	3084730.5
285.37074 	3063952.7
286.17234 	3043174.8
286.97395 	3022396.8
288.57715 	2980841.7
289.37876 	2960064.9
290.18036 	2939288.8
290.98196 	2918513.7
291.78357 	2897739.9
292.58517 	2876967.6
293.38677 	2856197.1
294.18838 	2835428.6
294.98998 	2814662.5
295.79158 	2793899
296.59319 	2773138.5
297.39479 	2752381.2
298.19639 	2731627.4
298.998 	2710877.3
299.7996 	2690131.3
300.6012 	2669389.4
301.40281 	2648652
302.20441 	2627919
303.00601 	2607190.8
303.80762 	2586467.2
304.60922 	2565748.4
306.21242 	2524325
307.01403 	2503620.3
307.81563 	2482920.1
308.61723 	2462224.2
309.41884 	2441532.4
310.22044 	2420844.5
311.02204 	2400160.2
311.82365 	2379479.2
312.62525 	2358801.3
313.42685 	2338126
314.22846 	2317453
315.03006 	2296782
315.83166 	2276112.5
316.63327 	2255444.3
317.43487 	2234776.9
318.23647 	2214109.9
319.03808 	2193443
319.83968 	2172775.8
320.64128 	2152108
321.44289 	2131439.1
322.24449 	2110769
323.04609 	2090097.2
323.8477 	2069423.5
324.6493 	2048747.7
325.4509 	2028069.4
326.25251 	2007388.5
327.05411 	1986704.8
327.85571 	1966018.1
328.65731 	1945328.3
329.45892 	1924635.2
330.26052 	1903938.8
331.06212 	1883239
331.86373 	1862535.8
332.66533 	1841829.1
333.46693 	1821119
334.26854 	1800405.5
335.07014 	1779688.6
335.87174 	1758968.4
336.67335 	1738245
337.47495 	1717518.5
338.27655 	1696789
339.07816 	1676056.7
339.87976 	1655321.5
340.68136 	1634583.8
341.48297 	1613843.6
342.28457 	1593101.1
343.08617 	1572356.4
343.88778 	1551609.8
344.68938 	1530861.3
345.49098 	1510111.2
346.29259 	1489359.6
347.09419 	1468606.7
347.89579 	1447852.6
348.69739 	1427097.5
349.499 	1406341.6
350.3006 	1385585
351.1022 	1364827.8
351.90381 	1344070.3
352.70541 	1323312.5
353.50701 	1302554.6
354.30862 	1281796.7
355.11022 	1261039
355.91182 	1240281.5
356.71343 	1219524.3
357.51503 	1198767.7
358.31663 	1178011.5
359.11824 	1157256
359.91984 	1136501.3
360.72144 	1115747.3
361.52305 	1094994.1
362.32465 	1074241.9
363.12625 	1053490.7
363.92786 	1032740.4
364.72946 	1011991.2
365.53106 	991243.14
366.33267 	970496.17
367.13427 	949750.35
367.93587 	929005.69
368.73747 	908262.23
369.53908 	887519.96
370.34068 	866778.9
371.14228 	846039.05
371.94389 	825300.4
372.74549 	804562.96
373.54709 	783826.72
374.3487 	763091.66
375.1503 	742357.76
375.9519 	721625.02
376.75351 	700893.4
377.55511 	680162.88
379.15832 	638705.04
379.95992 	617977.64
381.56313 	576525.74
382.36473 	555801.15
383.16633 	535077.42
383.96794 	514354.5
384.76954 	493632.35
385.57114 	472910.92
386.37275 	452190.17
387.17435 	431470.05
387.97595 	410750.52
388.77756 	390031.53
389.57916 	369313.03
390.38076 	348594.98
391.18236 	327877.35
391.98397 	307160.08
392.78557 	286443.14
393.58717 	265726.49
394.38878 	245010.1
395.19038 	224293.93
395.99198 	203577.95
396.79359 	182862.14
397.59519 	162146.47
399.1984 	120715.42
400 	100504.55
