0 	3836472
0.35183948 	3828856.4
0.70367896 	3820852.3
1.0555184 	3812841
1.4073579 	3804865.9
1.7591974 	3796862.5
2.1110369 	3788861.6
2.4628764 	3780858
2.8147158 	3772854.3
3.1665553 	3764848.2
3.5183948 	3756941
3.8702343 	3748867.7
4.2220737 	3740864.2
4.9257527 	3724892.1
5.6294317 	3708893.2
5.9812711 	3700905.9
6.3331106 	3693082.5
8.092308 	3653183.2
8.795987 	3637172.4
9.1478265 	3629160.4
10.203345 	3605151.7
10.907024 	3589148.4
11.258863 	3581126.3
11.610703 	3573402.5
11.962542 	3565378.6
12.666221 	3549368.3
13.018061 	3541386.9
13.3699 	3533379.1
13.72174 	3525372.6
14.777258 	3501353.7
15.480937 	3485341.6
15.832777 	3477335.7
16.536456 	3461324.2
17.591974 	3437308
18.647492 	3413292.8
19.351171 	3397283.2
19.703011 	3389278.6
20.05485 	3381274
20.40669 	3373269.4
20.758529 	3365265
21.462208 	3349256.5
22.165887 	3333210.6
22.869566 	3320767.9
23.573245 	3304771.1
23.925085 	3296752.9
24.276924 	3288811.1
24.628764 	3283315.5
25.332442 	3267642.1
25.684282 	3259634.5
26.387961 	3243619.1
26.7398 	3235611.4
27.09164 	3227603.6
27.443479 	3219595.7
27.795319 	3211587.9
28.147158 	3203580
28.850837 	3187564.3
29.202677 	3179556.5
29.554516 	3171548.6
29.906356 	3163540.9
30.258195 	3155533.1
30.610035 	3147525.4
30.961874 	3139517.8
31.665553 	3123502.6
32.017393 	3115495.1
32.369232 	3107487.6
32.721072 	3099480.2
33.072911 	3091472.8
33.424751 	3083465.5
33.77659 	3075458.2
34.128429 	3067451
34.480269 	3059443.8
34.832108 	3051436.7
35.183948 	3043429.6
35.535787 	3035422.6
35.887627 	3027415.6
36.239466 	3019408.8
36.591306 	3011401.9
37.294985 	2995388.5
37.646824 	2987381.8
37.998664 	2979375.3
38.702343 	2963362.4
39.406022 	2947349.9
39.757861 	2939343.7
41.165219 	2907320.1
41.517059 	2899314.5
41.868898 	2891308.9
42.220737 	2883303.5
42.924416 	2867293
43.276256 	2859288
43.628095 	2851283
43.979935 	2843278.2
44.683614 	2827269.1
45.035453 	2819264.7
45.387293 	2811260.4
46.090972 	2795252.4
46.442811 	2787248.7
47.14649 	2771241.6
47.49833 	2763238.3
48.202009 	2747232.2
48.553848 	2739229.5
49.257527 	2723224.5
49.609367 	2715222.2
49.961206 	2707220.2
50.313045 	2699218.3
50.664885 	2691216.6
51.016724 	2683215.1
51.720403 	2667212.7
52.072243 	2659211.8
52.424082 	2651211
52.775922 	2643210.5
53.127761 	2635210.1
54.18328 	2611210.1
54.535119 	2603210.4
54.886959 	2595210.9
55.238798 	2587211.5
55.590638 	2579212.3
55.942477 	2571213.2
56.997996 	2547216.8
57.349835 	2539218.2
57.701675 	2531219.7
58.053514 	2523221.2
58.405354 	2515222.9
58.757193 	2507224.6
59.109032 	2499226.3
59.460872 	2491228
60.164551 	2475231.5
60.51639 	2467233.2
60.86823 	2459234.9
61.220069 	2451236.5
61.571909 	2443238
61.923748 	2435239.5
62.275588 	2427240.8
62.627427 	2419242.1
62.979267 	2411243.1
63.331106 	2403244.1
63.682946 	2395244.9
64.034785 	2387245.5
64.386625 	2379245.9
64.738464 	2371246.2
65.442143 	2355246.1
65.793983 	2347245.7
66.497662 	2331244.3
67.55318 	2307240.6
68.256859 	2291237.1
68.608698 	2283235
69.312377 	2267230.3
70.016056 	2251224.9
70.367896 	2243222
70.719735 	2235218.9
71.071575 	2227215.6
71.423414 	2219212.2
72.830772 	2187197.6
73.182612 	2179193.6
73.534451 	2171189.6
73.886291 	2163185.4
74.941809 	2139172.4
75.293648 	2131167.8
75.645488 	2123163.2
75.997327 	2115158.4
77.052846 	2091143.7
77.404685 	2083138.6
77.756525 	2075133.5
78.460204 	2059123.1
78.812043 	2051117.9
79.163883 	2043112.6
80.219401 	2019096.8
81.27492 	1995080.8
81.626759 	1987075.4
81.978599 	1979069.9
82.330438 	1971064.2
82.682278 	1963058.3
83.034117 	1955052.2
83.385957 	1947045.8
83.737796 	1939039.2
84.089635 	1931032.4
84.441475 	1923025.3
85.496993 	1898870.7
86.552512 	1886800.2
86.904351 	1886744.7
89.015388 	1886647.5
89.367228 	1886637.8
90.070907 	1886619.8
90.422746 	1886611.7
90.774586 	1886602.1
91.126425 	1886589.8
91.478265 	1886576.1
91.830104 	1886562.1
92.533783 	1886527.4
93.237462 	1886478.6
93.589301 	1886452.4
93.941141 	1886424.9
94.29298 	1886394.8
96.052178 	1886243.6
96.404017 	1886208.1
96.755857 	1886167.2
97.459536 	1886067.9
97.811375 	1885723.5
98.163215 	1881422.7
98.515054 	1873724.7
99.922412 	1841345.8
100.27425 	1833242.8
100.62609 	1825139.6
101.32977 	1808933.5
102.03345 	1792727.9
102.38529 	1784625.4
103.79265 	1752216.9
104.14449 	1744115.2
104.49633 	1736013.6
105.2 	1719810.6
105.90368 	1703608
106.25552 	1695506.8
106.60736 	1687405.6
108.01472 	1655001.2
108.36656 	1646900.1
108.7184 	1638799.1
109.07024 	1630698.1
109.77392 	1614496.2
110.12576 	1606395.3
110.82944 	1590193.6
111.18128 	1582092.7
111.53311 	1573991.9
111.88495 	1565891.2
112.58863 	1549689.7
112.94047 	1541589.1
113.29231 	1533488.4
113.64415 	1525387.8
113.99599 	1517287.2
114.34783 	1509186.6
114.69967 	1501086.1
115.05151 	1492985.5
115.40335 	1484885
115.75519 	1476784.4
116.45887 	1460583.4
116.81071 	1452482.9
117.16255 	1444382.5
117.51439 	1436282
118.21806 	1420081.1
118.5699 	1411980.6
118.92174 	1403880.2
119.27358 	1395779.8
119.62542 	1387679.4
119.97726 	1379579
120.3291 	1371478.6
120.68094 	1363378.3
121.03278 	1355278
121.38462 	1347177.8
121.73646 	1339077.6
122.0883 	1330977.4
122.79198 	1314777.3
123.14382 	1306677.3
123.49566 	1298577.4
123.8475 	1290477.6
124.19934 	1282377.8
124.55118 	1274278.1
124.90302 	1266178.6
125.25485 	1258079.1
125.60669 	1249979.7
126.66221 	1225682.1
127.01405 	1217583.2
127.36589 	1209484.3
127.71773 	1201385.6
128.06957 	1193287
128.42141 	1185188.5
128.77325 	1177090.2
129.12509 	1168991.9
129.47693 	1160893.8
130.18061 	1144698
130.53245 	1136600.2
130.88429 	1128502.6
131.23613 	1120405.1
132.29164 	1096113.3
132.64348 	1088016.3
132.99532 	1079919.4
133.699 	1063725.8
134.05084 	1055629.2
134.40268 	1047532.7
134.75452 	1039436.2
135.4582 	1023243.6
135.81004 	1015147.4
136.16188 	1007051.3
136.51372 	998955.24
136.86556 	990859.25
137.56924 	974667.43
137.92108 	966571.6
138.27292 	958475.81
138.97659 	942284.34
139.68027 	926092.99
140.03211 	917997.34
140.38395 	909901.71
140.73579 	901806.1
141.08763 	893710.48
141.43947 	885614.87
141.79131 	877519.26
142.14315 	869423.64
142.49499 	861328
142.84683 	853232.36
144.25419 	820849.54
145.3097 	796562.09
145.66154 	788466.19
146.01338 	780370.24
146.36522 	772274.25
146.71706 	764178.2
147.0689 	756082.09
147.42074 	747985.93
148.12442 	731793.41
148.8281 	715600.63
149.17994 	707504.14
149.88362 	691310.92
150.23546 	683214.2
150.5873 	675117.39
151.29098 	658923.54
151.99465 	642729.33
152.69833 	626534.77
153.05017 	618437.35
153.40201 	610339.84
153.75385 	602242.22
154.45753 	586046.71
154.80937 	577948.8
155.16121 	569850.79
155.51305 	561752.67
155.86489 	553654.45
156.21673 	545556.13
156.56857 	537457.7
157.62409 	513161.76
157.97593 	505062.9
158.32777 	496963.93
158.67961 	488864.85
159.03144 	480765.65
159.38328 	472666.35
159.73512 	464566.93
160.08696 	456467.41
160.4388 	448367.77
160.79064 	440268.02
161.14248 	432168.17
161.49432 	424068.2
161.84616 	415968.12
162.90168 	391667.24
163.25352 	383566.74
163.9572 	367365.41
164.30904 	359264.6
164.66088 	351163.69
165.01272 	343062.67
165.71639 	326860.36
166.06823 	318759.06
167.12375 	294454.64
167.47559 	286352.99
167.82743 	278251.27
168.17927 	270149.47
168.53111 	262047.6
169.23479 	245843.64
169.58663 	237741.56
169.93847 	229639.42
170.64215 	213434.97
170.99399 	205332.67
171.34583 	197230.33
171.69767 	189127.94
172.04951 	181025.51
172.40134 	172923.05
172.75318 	164820.55
173.10502 	156718.03
174.16054 	132410.35
174.51238 	124307.77
174.86422 	116205.18
