0 	9543475.2
6.4128257 	9406915.7
34.468938 	8848648.4
37.675351 	8776687.4
40.881764 	8761910.6
50.501002 	8758502.8
53.707415 	8739394.6
62.52505 	8522009.2
65.731463 	8441947
68.937876 	8361877.4
69.739479 	8341858.9
96.993988 	7661313.2
103.40681 	7501218.9
106.61323 	7421174.2
116.23246 	7181055.1
123.44689 	7000983.2
125.05 	6960970.7
125.8517 	6940960.6
128.25651 	6880937.8
131.46293 	6800906
151.50301 	6300644.6
153.90782 	6240608
156.31263 	6180571.7
159.51904 	6100524.2
166.73347 	5920424.2
169.13828 	5860393.7
175.5511 	5700319.6
176.35271 	5680310.9
187.57515 	5400199.2
190.78156 	5320168.9
200.4008 	5080084.2
201.2024 	5060077.8
202.00401 	5040071.5
202.80561 	5020065.3
203.60721 	5000059.4
204.40882 	4980053.5
205.21042 	4960047.8
206.01202 	4940042.3
206.81363 	4920037
207.61523 	4900031.8
208.41683 	4880026.8
209.21844 	4860021.9
210.02004 	4840017.2
210.82164 	4820012.7
211.62325 	4800008.4
212.42485 	4780004.2
213.22645 	4760000.2
214.02806 	4739996.3
214.82966 	4719992.6
215.63126 	4699989.1
216.43287 	4679985.7
217.23447 	4659982.4
218.03607 	4639979.2
219.63928 	4599973.3
220.44088 	4579970.4
221.24248 	4559967.7
222.04409 	4539965.1
222.84569 	4519962.5
223.64729 	4499960
224.4489 	4479957.5
225.2505 	4459955.1
226.0521 	4439952.7
227.65531 	4399948.1
228.45691 	4379945.8
229.25852 	4359943.4
230.86172 	4319938.8
231.66333 	4299936.5
232.46493 	4279934.1
234.06814 	4239929.3
234.86974 	4219926.8
235.67134 	4199924.3
236.47295 	4179921.7
237.27455 	4159919.1
238.07615 	4139916.5
238.87776 	4119913.8
239.67936 	4099911
240.48096 	4079908.2
241.28257 	4059905.3
242.08417 	4039902.4
242.88577 	4019899.4
243.68737 	3999896.4
244.48898 	3979893.3
245.29058 	3959890.2
246.09218 	3939887
246.89379 	3919883.8
247.69539 	3899880.5
248.49699 	3879877.2
249.2986 	3859873.8
250.1002 	3839870.4
250.9018 	3819866.9
251.70341 	3799863.4
252.50501 	3779859.9
253.30661 	3759856.4
254.10822 	3739852.8
254.90982 	3719849.2
255.71142 	3699845.6
256.51303 	3679842
257.31463 	3659838.4
258.11623 	3639834.8
258.91784 	3619831.1
259.71944 	3599827.5
260.52104 	3579823.9
261.32265 	3559820.4
262.12425 	3539816.8
262.92585 	3519813.3
263.72745 	3499809.8
264.52906 	3479806.4
265.33066 	3459803
266.13226 	3439799.7
266.93387 	3419796.4
267.73547 	3399793.2
268.53707 	3379790
269.33868 	3359786.9
270.14028 	3339783.9
270.94188 	3319781
271.74349 	3299778.1
272.54509 	3279775.3
273.34669 	3259772.6
274.1483 	3239770
274.9499 	3219767.4
274.95 	3219764.9
275.7515 	3199765
276.55311 	3179762.6
277.35471 	3159760.2
278.95792 	3119755.8
279.75952 	3099753.7
280.56112 	3079751.6
281.36273 	3059749.6
282.16433 	3039747.7
282.96593 	3019745.8
283.76754 	2999744
284.56914 	2979742.2
285.37074 	2959740.5
286.17234 	2939738.8
286.97395 	2919737.1
288.57715 	2879734
289.37876 	2859732.5
290.18036 	2839731.1
290.98196 	2819729.7
291.78357 	2799728.3
292.58517 	2779727
293.38677 	2759725.7
294.18838 	2739724.5
294.98998 	2719723.3
295.79158 	2699722.1
296.59319 	2679721
297.39479 	2659720
298.19639 	2639719
298.998 	2619718.1
299.7996 	2599717.3
300.6012 	2579716.5
301.40281 	2559715.7
302.20441 	2539715.1
303.00601 	2519714.5
303.80762 	2499714
304.60922 	2479713.5
306.21242 	2439712.9
307.01403 	2419712.7
307.81563 	2399712.6
308.61723 	2379712.6
309.41884 	2359712.6
310.22044 	2339712.8
311.02204 	2319713
311.82365 	2299713.3
312.62525 	2279713.7
313.42685 	2259714.2
314.22846 	2239714.8
315.03006 	2219715.5
315.83166 	2199716.3
316.63327 	2179717.1
317.43487 	2159718
318.23647 	2139719
319.03808 	2119720.1
319.83968 	2099721.3
320.64128 	2079722.5
321.44289 	2059723.8
322.24449 	2039725.2
323.04609 	2019726.7
323.8477 	1999728.2
324.6493 	1979729.8
325.4509 	1959731.4
326.25251 	1939733.1
327.05411 	1919734.8
327.85571 	1899736.6
328.65731 	1879738.4
329.45892 	1859740.3
330.26052 	1839742.2
331.06212 	1819744.2
331.86373 	1799746.1
332.66533 	1779748.1
333.46693 	1759750.2
334.26854 	1739752.2
335.07014 	1719754.3
335.87174 	1699756.4
336.67335 	1679758.6
337.47495 	1659760.7
338.27655 	1639762.8
339.07816 	1619765
339.87976 	1599767.2
340.68136 	1579769.3
341.48297 	1559771.5
342.28457 	1539773.7
343.08617 	1519775.9
343.88778 	1499778.1
344.68938 	1479780.3
345.49098 	1459782.5
346.29259 	1439784.8
347.09419 	1419787
347.89579 	1399789.2
348.69739 	1379791.4
349.499 	1359793.7
350.3006 	1339795.9
351.1022 	1319798.1
351.90381 	1299800.4
352.70541 	1279802.7
353.50701 	1259804.9
354.30862 	1239807.2
355.11022 	1219809.5
355.91182 	1199811.8
356.71343 	1179814.2
357.51503 	1159816.5
358.31663 	1139818.9
359.11824 	1119821.3
359.91984 	1099823.8
360.72144 	1079826.2
361.52305 	1059828.7
362.32465 	1039831.2
363.12625 	1019833.8
363.92786 	999836.38
364.72946 	979839
365.53106 	959841.67
366.33267 	939844.38
367.13427 	919847.12
367.93587 	899849.92
368.73747 	879852.75
369.53908 	859855.63
370.34068 	839858.55
371.14228 	819861.52
371.94389 	799864.54
372.74549 	779867.61
373.54709 	759870.72
374.3487 	739873.89
375.1503 	719877.1
375.9519 	699880.36
376.75351 	679883.67
377.55511 	659887.02
379.15832 	619893.89
379.95992 	599897.39
381.56313 	559904.55
382.36473 	539908.2
383.16633 	519911.9
383.96794 	499915.64
384.76954 	479919.44
385.57114 	459923.28
386.37275 	439927.16
387.17435 	419931.1
387.97595 	399935.08
388.77756 	379939.1
389.57916 	359943.17
390.38076 	339947.29
391.18236 	319951.44
391.98397 	299955.65
392.78557 	279959.89
393.58717 	259964.18
394.38878 	239968.51
395.19038 	219972.89
395.99198 	199977.31
396.79359 	179981.76
397.59519 	159986.26
399.1984 	119995.38
400 	100487.01
