0 	8631596.3
6.4128257 	8513320
34.468938 	8040121.8
37.675351 	7978768.6
40.881764 	7900143.5
50.501002 	7722400.7
53.707415 	7690989.2
62.52505 	7529769.2
65.731463 	7459455.9
68.937876 	7389965.3
69.739479 	7371438.6
96.993988 	6746707
103.40681 	6581376.7
106.61323 	6498036.7
116.23246 	6289398.6
123.44689 	6283777.5
125.05 	6282881.5
125.8517 	6282496.2
128.25651 	6281805.6
131.46293 	6281413.5
151.50301 	6277487.7
153.90782 	6276275.7
156.31263 	6275283.1
159.51904 	6273935.8
166.73347 	6269112.2
169.13828 	6244728.1
175.5511 	6075262.5
176.35271 	6053863.5
187.57515 	5754444.7
190.78156 	5669022.4
200.4008 	5412995
201.2024 	5391667.4
202.00401 	5370341.6
202.80561 	5349017.9
203.60721 	5327696.6
204.40882 	5306377.9
205.21042 	5285061.7
206.01202 	5263748.2
206.81363 	5242437.4
207.61523 	5221129.1
208.41683 	5199823.4
209.21844 	5178519.9
210.02004 	5157218.4
210.82164 	5135918.7
211.62325 	5114620.5
212.42485 	5093323.4
213.22645 	5072027.4
214.02806 	5050731.9
214.82966 	5029436.8
215.63126 	5008141.7
216.43287 	4986846.2
217.23447 	4965550.1
218.03607 	4944252.9
219.63928 	4901654
220.44088 	4880351.8
221.24248 	4859047.6
222.04409 	4837741.5
222.84569 	4816433.5
223.64729 	4795123.9
224.4489 	4773813.2
225.2505 	4752501.7
226.0521 	4731189.9
227.65531 	4688566.7
228.45691 	4667256
229.25852 	4645946
230.86172 	4603328.7
231.66333 	4582021.3
232.46493 	4560714.7
234.06814 	4518103.2
234.86974 	4496798.2
235.67134 	4475493.6
236.47295 	4454189.3
237.27455 	4432885.4
238.07615 	4411581.7
238.87776 	4390278.2
239.67936 	4368974.8
240.48096 	4347671.6
241.28257 	4326368.4
242.08417 	4305065.2
242.88577 	4283761.8
243.68737 	4262458.3
244.48898 	4241154.4
245.29058 	4219850.1
246.09218 	4198545.3
246.89379 	4177239.8
247.69539 	4155933.6
248.49699 	4134626.6
249.2986 	4113318.6
250.1002 	4092009.6
250.9018 	4070699.4
251.70341 	4049388.1
252.50501 	4028075.6
253.30661 	4006761.7
254.10822 	3985446.6
254.90982 	3964130.3
255.71142 	3942812.7
256.51303 	3921493.9
257.31463 	3900174
258.11623 	3878853
258.91784 	3857531.1
259.71944 	3836208.4
260.52104 	3814884.8
261.32265 	3793560.6
262.12425 	3772235.9
262.92585 	3750910.7
263.72745 	3729585.1
264.52906 	3708259.2
265.33066 	3686933.1
266.13226 	3665606.7
266.93387 	3644280.3
267.73547 	3622953.7
268.53707 	3601626.9
269.33868 	3580300
270.14028 	3558973
270.94188 	3537645.7
271.74349 	3516318
272.54509 	3494990
273.34669 	3473661.5
274.1483 	3452332.4
274.9499 	3431002.6
274.95 	3430999.9
275.7515 	3409672
276.55311 	3388340.5
277.35471 	3367008
278.95792 	3324339.7
279.75952 	3303003.9
280.56112 	3281666.9
281.36273 	3260328.7
282.16433 	3238989.4
282.96593 	3217648.9
283.76754 	3196307.4
284.56914 	3174964.9
285.37074 	3153621.5
286.17234 	3132277.3
286.97395 	3110932.4
288.57715 	3068240.8
289.37876 	3046894.4
290.18036 	3025547.5
290.98196 	3004200.4
291.78357 	2982853
292.58517 	2961505.4
293.38677 	2940157.6
294.18838 	2918809.7
294.98998 	2897461.5
295.79158 	2876113.1
296.59319 	2854764.4
297.39479 	2833415.3
298.19639 	2812065.8
298.998 	2790715.7
299.7996 	2769365
300.6012 	2748013.6
301.40281 	2726661.3
302.20441 	2705308.1
303.00601 	2683953.8
303.80762 	2662598.5
304.60922 	2641242
306.21242 	2598525.4
307.01403 	2577165.2
307.81563 	2555803.8
308.61723 	2534441.1
309.41884 	2513077.3
310.22044 	2491712.2
311.02204 	2470346
311.82365 	2448978.8
312.62525 	2427610.4
313.42685 	2406241
314.22846 	2384870.7
315.03006 	2363499.4
315.83166 	2342127.1
316.63327 	2320754
317.43487 	2299379.9
318.23647 	2278004.9
319.03808 	2256629
319.83968 	2235252.2
320.64128 	2213874.4
321.44289 	2192495.8
322.24449 	2171116.2
323.04609 	2149735.7
323.8477 	2128354.3
324.6493 	2106971.8
325.4509 	2085588.4
326.25251 	2064204
327.05411 	2042818.6
327.85571 	2021432.1
328.65731 	2000044.5
329.45892 	1978655.8
330.26052 	1957265.9
331.06212 	1935874.9
331.86373 	1914482.6
332.66533 	1893089.1
333.46693 	1871694.3
334.26854 	1850298.3
335.07014 	1828901
335.87174 	1807502.4
336.67335 	1786102.7
337.47495 	1764701.8
338.27655 	1743299.9
339.07816 	1721897
339.87976 	1700493.4
340.68136 	1679089.2
341.48297 	1657684.5
342.28457 	1636279.6
343.08617 	1614874.8
343.88778 	1593470.3
344.68938 	1572066.4
345.49098 	1550663.3
346.29259 	1529261.4
347.09419 	1507861
347.89579 	1486462.3
348.69739 	1465065.7
349.499 	1443671.4
350.3006 	1422279.7
351.1022 	1400890.8
351.90381 	1379504.9
352.70541 	1358122.2
353.50701 	1336742.8
354.30862 	1315366.8
355.11022 	1293994.4
355.91182 	1272625.5
356.71343 	1251260.2
357.51503 	1229898.4
358.31663 	1208540.1
359.11824 	1187185.1
359.91984 	1165833.4
360.72144 	1144484.7
361.52305 	1123139.1
362.32465 	1101796.2
363.12625 	1080456
363.92786 	1059118.2
364.72946 	1037782.6
365.53106 	1016449.1
366.33267 	995117.52
367.13427 	973787.64
367.93587 	952459.34
368.73747 	931132.46
369.53908 	909806.88
370.34068 	888482.49
371.14228 	867159.19
371.94389 	845836.88
372.74549 	824515.52
373.54709 	803195.02
374.3487 	781875.37
375.1503 	760556.51
375.9519 	739238.42
376.75351 	717921.1
377.55511 	696604.52
379.15832 	653973.57
379.95992 	632659.2
381.56313 	590032.63
382.36473 	568720.43
383.16633 	547408.95
383.96794 	526098.17
384.76954 	504788.08
385.57114 	483478.68
386.37275 	462169.95
387.17435 	440861.87
387.97595 	419554.43
388.77756 	398247.6
389.57916 	376941.37
390.38076 	355635.7
391.18236 	334330.58
391.98397 	313025.97
392.78557 	291721.84
393.58717 	270418.16
394.38878 	249114.9
395.19038 	227812
395.99198 	206509.45
396.79359 	185207.17
397.59519 	163905.14
399.1984 	121301.61
400 	100518.83
