0 	3836484.2
0.35183948 	3829088.8
0.70367896 	3821311.5
1.0555184 	3813534.1
1.4073579 	3805756.7
1.7591974 	3797979.3
2.1110369 	3790203.1
2.4628764 	3782466.4
2.8147158 	3774841
3.1665553 	3767135.9
3.5183948 	3759424.9
3.8702343 	3751652.8
4.2220737 	3743877.8
4.9257527 	3728347.5
5.6294317 	3713953.5
5.9812711 	3706151.7
6.3331106 	3699895.5
8.092308 	3664439.6
8.795987 	3648999
9.1478265 	3641225.7
10.203345 	3617905.5
10.907024 	3602358.9
11.258863 	3594585.7
11.610703 	3586812.2
11.962542 	3579029.7
12.666221 	3564501
13.018061 	3562565.2
13.3699 	3562421
13.72174 	3562379.6
14.777258 	3562263.8
15.480937 	3562184.8
15.832777 	3562144.9
16.536456 	3562065.8
17.591974 	3561949.5
18.647492 	3561813.9
19.351171 	3557665.6
19.703011 	3550206.2
20.05485 	3542431.1
20.40669 	3534641.6
20.758529 	3526851.5
21.462208 	3511271.3
22.165887 	3495691.2
22.869566 	3480111.2
23.573245 	3464531.3
23.925085 	3456741.4
24.276924 	3448951.4
24.628764 	3441161.6
25.332442 	3425581.8
25.684282 	3417792
26.387961 	3402212.3
26.7398 	3394422.5
27.09164 	3386632.7
27.443479 	3378842.9
27.795319 	3371053.1
28.147158 	3363263.4
28.850837 	3347683.8
29.202677 	3339894.1
29.554516 	3332104.3
29.906356 	3324314.6
30.258195 	3316524.8
30.610035 	3308735.1
30.961874 	3300945.3
31.665553 	3285365.9
32.017393 	3277576.2
32.369232 	3269786.5
32.721072 	3261996.8
33.072911 	3254207.1
33.424751 	3246417.4
33.77659 	3238627.7
34.128429 	3230838.1
34.480269 	3223048.4
34.832108 	3215258.7
35.183948 	3207469.1
35.535787 	3199679.4
35.887627 	3191889.8
36.239466 	3184100.1
36.591306 	3176310.5
37.294985 	3160731.2
37.646824 	3152941.6
37.998664 	3145151.9
38.702343 	3129572.7
39.406022 	3113993.4
39.757861 	3106203.8
41.165219 	3075045.3
41.517059 	3067255.7
41.868898 	3059466.1
42.220737 	3051676.4
42.924416 	3036097.2
43.276256 	3028307.6
43.628095 	3020518
43.979935 	3012728.4
44.683614 	2997149.2
45.035453 	2989359.6
45.387293 	2981570
46.090972 	2965990.8
46.442811 	2958201.2
47.14649 	2942622
47.49833 	2934832.4
48.202009 	2919253.3
48.553848 	2911463.7
49.257527 	2895884.6
49.609367 	2888095
49.961206 	2880305.4
50.313045 	2872515.9
50.664885 	2864726.3
51.016724 	2856936.7
51.720403 	2841357.6
52.072243 	2833568.1
52.424082 	2825778.5
52.775922 	2817989
53.127761 	2810199.4
54.18328 	2786830.8
54.535119 	2779041.3
54.886959 	2771251.8
55.238798 	2763462.2
55.590638 	2755672.7
55.942477 	2747883.2
56.997996 	2724514.7
57.349835 	2716725.2
57.701675 	2708935.7
58.053514 	2701146.3
58.405354 	2693356.8
58.757193 	2685567.3
59.109032 	2677777.9
59.460872 	2669988.4
60.164551 	2654409.5
60.51639 	2646620.1
60.86823 	2638830.7
61.220069 	2631041.3
61.571909 	2623251.9
61.923748 	2615462.6
62.275588 	2607673.2
62.627427 	2599883.8
62.979267 	2592094.5
63.331106 	2584305.2
63.682946 	2576515.8
64.034785 	2568726.5
64.386625 	2560937.2
64.738464 	2553148
65.442143 	2537569.5
65.793983 	2529780.2
66.497662 	2514201.8
67.55318 	2490834.3
68.256859 	2475256
68.608698 	2467466.9
69.312377 	2451888.8
70.016056 	2436310.7
70.367896 	2428521.6
70.719735 	2420732.6
71.071575 	2412943.7
71.423414 	2405154.7
72.830772 	2373999
73.182612 	2366210.1
73.534451 	2358421.2
73.886291 	2350632.4
74.941809 	2327265.9
75.293648 	2319477.1
75.645488 	2311688.4
75.997327 	2303899.6
77.052846 	2280533.5
77.404685 	2272744.8
77.756525 	2264956.1
78.460204 	2249378.8
78.812043 	2241590.1
79.163883 	2233801.5
80.219401 	2210435.8
81.27492 	2187070.1
81.626759 	2179281.6
81.978599 	2171493.1
82.330438 	2163704.6
82.682278 	2155916.1
83.034117 	2148127.6
83.385957 	2140339.1
83.737796 	2132550.7
84.089635 	2124762.2
84.441475 	2116973.8
85.496993 	2093608.5
86.552512 	2070243.4
86.904351 	2062455
89.015388 	2015724.9
89.367228 	2007936.6
90.070907 	1992360
90.422746 	1984571.7
90.774586 	1976783.4
91.126425 	1968995.1
91.478265 	1961206.8
91.830104 	1953418.5
92.533783 	1937842
93.237462 	1922265.5
93.589301 	1914477.2
93.941141 	1906689
94.29298 	1898900.7
96.052178 	1859959.6
96.404017 	1852171.4
96.755857 	1844383.2
97.459536 	1828806.7
97.811375 	1821018.5
98.163215 	1813230.4
98.515054 	1805442.2
99.922412 	1774289.4
100.27425 	1766501.3
100.62609 	1758713.1
101.32977 	1743136.8
102.03345 	1727560.4
102.38529 	1719772.3
103.79265 	1688619.7
104.14449 	1680831.6
104.49633 	1673043.5
105.2 	1657467.2
105.90368 	1641891
106.25552 	1634102.9
106.60736 	1626314.8
108.01472 	1595162.5
108.36656 	1587374.4
108.7184 	1579586.3
109.07024 	1571798.3
109.77392 	1556222.2
110.12576 	1548434.1
110.82944 	1532858
111.18128 	1525070
111.53311 	1517282
111.88495 	1509493.9
112.58863 	1493917.9
112.94047 	1486129.9
113.29231 	1478341.9
113.64415 	1470553.9
113.99599 	1462765.9
114.34783 	1454978
114.69967 	1447190
115.05151 	1439402
115.40335 	1431614.1
115.75519 	1423826.1
116.45887 	1408250.2
116.81071 	1400462.3
117.16255 	1392674.3
117.51439 	1384886.4
118.21806 	1369310.6
118.5699 	1361522.6
118.92174 	1353734.7
119.27358 	1345946.8
119.62542 	1338158.9
119.97726 	1330371.1
120.3291 	1322583.2
120.68094 	1314795.3
121.03278 	1307007.4
121.38462 	1299219.6
121.73646 	1291431.7
122.0883 	1283643.9
122.79198 	1268068.2
123.14382 	1260280.4
123.49566 	1252492.5
123.8475 	1244704.7
124.19934 	1236916.9
124.55118 	1229129.1
124.90302 	1221341.3
125.25485 	1213553.5
125.60669 	1205765.7
126.66221 	1182402.4
127.01405 	1174614.6
127.36589 	1166826.9
127.71773 	1159039.1
128.06957 	1151251.4
128.42141 	1143463.6
128.77325 	1135675.9
129.12509 	1127888.2
129.47693 	1120100.5
130.18061 	1104525
130.53245 	1096737.3
130.88429 	1088949.6
131.23613 	1081162
132.29164 	1057798.9
132.64348 	1050011.2
132.99532 	1042223.6
133.699 	1026648.3
134.05084 	1018860.6
134.40268 	1011073
134.75452 	1003285.4
135.4582 	987710.1
135.81004 	979922.48
136.16188 	972134.87
136.51372 	964347.26
136.86556 	956559.66
137.56924 	940984.47
137.92108 	933196.88
138.27292 	925409.29
138.97659 	909834.14
139.68027 	894259.01
140.03211 	886471.46
140.38395 	878683.9
140.73579 	870896.36
141.08763 	863108.81
141.43947 	855321.27
141.79131 	847533.74
142.14315 	839746.21
142.49499 	831958.69
142.84683 	824171.17
144.25419 	793021.13
145.3097 	769658.65
145.66154 	761871.16
146.01338 	754083.68
146.36522 	746296.21
146.71706 	738508.74
147.0689 	730721.27
147.42074 	722933.81
148.12442 	707358.89
148.8281 	691784
149.17994 	683996.56
149.88362 	668421.69
150.23546 	660634.27
150.5873 	652846.84
151.29098 	637272.02
151.99465 	621697.21
152.69833 	606122.42
153.05017 	598335.03
153.40201 	590547.65
153.75385 	582760.28
154.45753 	567185.54
154.80937 	559398.18
155.16121 	551610.83
155.51305 	543823.48
155.86489 	536036.14
156.21673 	528248.8
156.56857 	520461.47
157.62409 	497099.52
157.97593 	489312.21
158.32777 	481524.91
158.67961 	473737.62
159.03144 	465950.33
159.38328 	458163.05
159.73512 	450375.78
160.08696 	442588.51
160.4388 	434801.25
160.79064 	427013.99
161.14248 	419226.74
161.49432 	411439.5
161.84616 	403652.27
162.90168 	380290.6
163.25352 	372503.4
163.9572 	356929
164.30904 	349141.82
164.66088 	341354.64
165.01272 	333567.47
165.71639 	317993.14
166.06823 	310205.99
167.12375 	286844.59
167.47559 	279057.47
167.82743 	271270.35
168.17927 	263483.25
168.53111 	255696.15
169.23479 	240121.97
169.58663 	232334.9
169.93847 	224547.83
170.64215 	208973.72
170.99399 	201186.67
171.34583 	193399.63
171.69767 	185612.6
172.04951 	177825.58
172.40134 	170038.56
172.75318 	162251.56
173.10502 	154464.56
174.16054 	131103.6
174.51238 	123316.63
174.86422 	115529.62
