0 	9731328.7
6.4128257 	9589848.1
34.468938 	9155526.6
37.675351 	9076029.5
40.881764 	8996568.2
50.501002 	8758291.4
53.707415 	8678887.8
62.52505 	8460510.1
65.731463 	8381078.1
68.937876 	8301634.1
69.739479 	8281771.9
96.993988 	7606414.5
103.40681 	7447521.6
106.61323 	7368080.1
116.23246 	7129761.4
123.44689 	6951021.6
125.05 	6911302.4
125.8517 	6891438.7
128.25651 	6831852.8
131.46293 	6752398.6
151.50301 	6255672.9
153.90782 	6196069.6
156.31263 	6136470.7
159.51904 	6057012.2
166.73347 	5878251.5
169.13828 	5818668.1
175.5511 	5659779.9
176.35271 	5639918.6
187.57515 	5361840.2
190.78156 	5282380.4
200.4008 	5043993.9
201.2024 	5024129.5
202.00401 	5004265.5
202.80561 	4984401.9
203.60721 	4964538.8
204.40882 	4944676.1
205.21042 	4924814
206.01202 	4904952.4
206.81363 	4885091.3
207.61523 	4865230.8
208.41683 	4845370.9
209.21844 	4825511.5
210.02004 	4805652.6
210.82164 	4785794.3
211.62325 	4765936.4
212.42485 	4746079
213.22645 	4726222.1
214.02806 	4706365.6
214.82966 	4686509.5
215.63126 	4666653.7
216.43287 	4646798.2
217.23447 	4626943
218.03607 	4607087.9
219.63928 	4567378.4
220.44088 	4547523.7
221.24248 	4527669.2
222.04409 	4507814.6
222.84569 	4487960.1
223.64729 	4468105.5
224.4489 	4448250.8
225.2505 	4428396
226.0521 	4408541.1
227.65531 	4368830.9
228.45691 	4348975.5
229.25852 	4329120
230.86172 	4289408.4
231.66333 	4269552.2
232.46493 	4249695.9
234.06814 	4209982.8
234.86974 	4190125.9
235.67134 	4170268.8
236.47295 	4150411.6
237.27455 	4130554.2
238.07615 	4110696.7
238.87776 	4090839
239.67936 	4070981.2
240.48096 	4051123.2
241.28257 	4031265.1
242.08417 	4011407
242.88577 	3991548.7
243.68737 	3971690.3
244.48898 	3951831.9
245.29058 	3931973.4
246.09218 	3912114.8
246.89379 	3892256.2
247.69539 	3872397.6
248.49699 	3852538.9
249.2986 	3832680.2
250.1002 	3812821.4
250.9018 	3792962.7
251.70341 	3773103.9
252.50501 	3753245.2
253.30661 	3733386.4
254.10822 	3713527.7
254.90982 	3693669
255.71142 	3673810.3
256.51303 	3653951.6
257.31463 	3634092.9
258.11623 	3614234.3
258.91784 	3594375.7
259.71944 	3574517.2
260.52104 	3554658.7
261.32265 	3534800.2
262.12425 	3514941.8
262.92585 	3495083.5
263.72745 	3475225.1
264.52906 	3455366.9
265.33066 	3435508.6
266.13226 	3415650.5
266.93387 	3395792.3
267.73547 	3375934.3
268.53707 	3356076.2
269.33868 	3336218.3
270.14028 	3316360.3
270.94188 	3296502.5
271.74349 	3276644.6
272.54509 	3256786.8
273.34669 	3236929.1
274.1483 	3217071.4
274.9499 	3197213.7
274.95 	3197211.2
275.7515 	3177356
276.55311 	3157498.4
277.35471 	3137640.9
278.95792 	3097925.8
279.75952 	3078068.3
280.56112 	3058210.8
281.36273 	3038353.4
282.16433 	3018495.9
282.96593 	2998638.5
283.76754 	2978781.1
284.56914 	2958923.7
285.37074 	2939066.4
286.17234 	2919209
286.97395 	2899351.6
288.57715 	2859637
289.37876 	2839779.7
290.18036 	2819922.4
290.98196 	2800065.1
291.78357 	2780207.8
292.58517 	2760350.5
293.38677 	2740493.3
294.18838 	2720636
294.98998 	2700778.8
295.79158 	2680921.6
296.59319 	2661064.4
297.39479 	2641207.2
298.19639 	2621350.1
298.998 	2601492.9
299.7996 	2581635.8
300.6012 	2561778.8
301.40281 	2541921.7
302.20441 	2522064.7
303.00601 	2502207.7
303.80762 	2482350.8
304.60922 	2462493.9
306.21242 	2422780.2
307.01403 	2402923.4
307.81563 	2383066.6
308.61723 	2363209.9
309.41884 	2343353.3
310.22044 	2323496.6
311.02204 	2303640.1
311.82365 	2283783.6
312.62525 	2263927.1
313.42685 	2244070.7
314.22846 	2224214.3
315.03006 	2204358
315.83166 	2184501.7
316.63327 	2164645.5
317.43487 	2144789.3
318.23647 	2124933.2
319.03808 	2105077.1
319.83968 	2085221
320.64128 	2065365.1
321.44289 	2045509.1
322.24449 	2025653.3
323.04609 	2005797.4
323.8477 	1985941.6
324.6493 	1966085.9
325.4509 	1946230.2
326.25251 	1926374.6
327.05411 	1906519
327.85571 	1886663.4
328.65731 	1866808
329.45892 	1846952.5
330.26052 	1827097.1
331.06212 	1807241.8
331.86373 	1787386.5
332.66533 	1767531.3
333.46693 	1747676.1
334.26854 	1727821
335.07014 	1707965.9
335.87174 	1688110.9
336.67335 	1668256
337.47495 	1648401.1
338.27655 	1628546.3
339.07816 	1608691.6
339.87976 	1588836.9
340.68136 	1568982.3
341.48297 	1549127.8
342.28457 	1529273.4
343.08617 	1509419
343.88778 	1489564.7
344.68938 	1469710.5
345.49098 	1449856.4
346.29259 	1430002.4
347.09419 	1410148.4
347.89579 	1390294.6
348.69739 	1370440.8
349.499 	1350587.2
350.3006 	1330733.6
351.1022 	1310880.2
351.90381 	1291026.8
352.70541 	1271173.6
353.50701 	1251320.5
354.30862 	1231467.5
355.11022 	1211614.5
355.91182 	1191761.8
356.71343 	1171909.1
357.51503 	1152056.5
358.31663 	1132204.1
359.11824 	1112351.7
359.91984 	1092499.5
360.72144 	1072647.4
361.52305 	1052795.4
362.32465 	1032943.5
363.12625 	1013091.8
363.92786 	993240.15
364.72946 	973388.63
365.53106 	953537.22
366.33267 	933685.92
367.13427 	913834.72
367.93587 	893983.64
368.73747 	874132.66
369.53908 	854281.79
370.34068 	834431.01
371.14228 	814580.34
371.94389 	794729.76
372.74549 	774879.28
373.54709 	755028.88
374.3487 	735178.57
375.1503 	715328.35
375.9519 	695478.21
376.75351 	675628.15
377.55511 	655778.17
379.15832 	616078.41
379.95992 	596228.63
381.56313 	556529.27
382.36473 	536679.68
383.16633 	516830.14
383.96794 	496980.66
384.76954 	477131.23
385.57114 	457281.84
386.37275 	437432.51
387.17435 	417583.22
387.97595 	397733.97
388.77756 	377884.77
389.57916 	358035.6
390.38076 	338186.48
391.18236 	318337.4
391.98397 	298488.35
392.78557 	278639.35
393.58717 	258790.38
394.38878 	238941.45
395.19038 	219092.56
395.99198 	199243.7
396.79359 	179394.89
397.59519 	159546.11
399.1984 	119848.67
400 	100483.44
