0 	9805235.5
6.4128257 	9657627.2
34.468938 	9130054.2
37.675351 	9050744.5
40.881764 	8971435.2
50.501002 	8733550.4
53.707415 	8654289.5
62.52505 	8436460.9
65.731463 	8357296.7
68.937876 	8278154.1
69.739479 	8258371.6
96.993988 	7586120.9
103.40681 	7427901.3
106.61323 	7348770.7
116.23246 	7111288.9
123.44689 	6933094.1
125.05 	6893489.9
125.8517 	6873683.3
128.25651 	6814267.9
131.46293 	6735042.6
151.50301 	6239895.4
153.90782 	6180484.2
156.31263 	6121073.9
159.51904 	6041861.2
166.73347 	5863640
169.13828 	5804236.9
175.5511 	5645843.4
176.35271 	5626045.8
187.57515 	5348911.2
190.78156 	5269736.6
200.4008 	5032216.8
201.2024 	5012423.6
202.00401 	4992630.3
202.80561 	4972837.1
203.60721 	4953043.9
204.40882 	4933250.6
205.21042 	4913457.4
206.01202 	4893664.1
206.81363 	4873870.7
207.61523 	4854077.4
208.41683 	4834283.9
209.21844 	4814490.4
210.02004 	4794696.8
210.82164 	4774903.1
211.62325 	4755109.2
212.42485 	4735315.3
213.22645 	4715521.1
214.02806 	4695726.8
214.82966 	4675932.3
215.63126 	4656137.6
216.43287 	4636342.6
217.23447 	4616547.4
218.03607 	4596751.9
219.63928 	4557159.9
220.44088 	4537363.5
221.24248 	4517566.6
222.04409 	4497769.4
222.84569 	4477971.9
223.64729 	4458173.9
224.4489 	4438375.5
225.2505 	4418576.7
226.0521 	4398777.5
227.65531 	4359177.8
228.45691 	4339377.3
229.25852 	4319576.3
230.86172 	4279973
231.66333 	4260170.7
232.46493 	4240368
234.06814 	4200761.2
234.86974 	4180957.2
235.67134 	4161152.8
236.47295 	4141348
237.27455 	4121542.8
238.07615 	4101737.3
238.87776 	4081931.4
239.67936 	4062125.1
240.48096 	4042318.5
241.28257 	4022511.6
242.08417 	4002704.4
242.88577 	3982896.9
243.68737 	3963089.1
244.48898 	3943281.1
245.29058 	3923472.8
246.09218 	3903664.3
246.89379 	3883855.5
247.69539 	3864046.6
248.49699 	3844237.5
249.2986 	3824428.2
250.1002 	3804618.8
250.9018 	3784809.2
251.70341 	3764999.5
252.50501 	3745189.6
253.30661 	3725379.7
254.10822 	3705569.7
254.90982 	3685759.6
255.71142 	3665949.4
256.51303 	3646139.2
257.31463 	3626328.9
258.11623 	3606518.6
258.91784 	3586708.2
259.71944 	3566897.9
260.52104 	3547087.5
261.32265 	3527277.2
262.12425 	3507466.8
262.92585 	3487656.5
263.72745 	3467846.2
264.52906 	3448035.9
265.33066 	3428225.7
266.13226 	3408415.5
266.93387 	3388605.3
267.73547 	3368795.2
268.53707 	3348985.2
269.33868 	3329175.2
270.14028 	3309365.3
270.94188 	3289555.5
271.74349 	3269745.7
272.54509 	3249936
273.34669 	3230126.4
274.1483 	3210316.9
274.9499 	3190507.4
274.95 	3190504.9
275.7515 	3170698
276.55311 	3150888.7
277.35471 	3131079.4
278.95792 	3091461.2
279.75952 	3071652.2
280.56112 	3051843.2
281.36273 	3032034.3
282.16433 	3012225.5
282.96593 	2992416.8
283.76754 	2972608.1
284.56914 	2952799.4
285.37074 	2932990.9
286.17234 	2913182.3
286.97395 	2893373.8
288.57715 	2853757
289.37876 	2833948.6
290.18036 	2814140.2
290.98196 	2794331.9
291.78357 	2774523.6
292.58517 	2754715.2
293.38677 	2734906.9
294.18838 	2715098.6
294.98998 	2695290.3
295.79158 	2675482
296.59319 	2655673.7
297.39479 	2635865.3
298.19639 	2616057
298.998 	2596248.6
299.7996 	2576440.1
300.6012 	2556631.6
301.40281 	2536823.1
302.20441 	2517014.5
303.00601 	2497205.9
303.80762 	2477397.1
304.60922 	2457588.4
306.21242 	2417970.5
307.01403 	2398161.5
307.81563 	2378352.4
308.61723 	2358543.2
309.41884 	2338733.8
310.22044 	2318924.4
311.02204 	2299114.9
311.82365 	2279305.2
312.62525 	2259495.4
313.42685 	2239685.5
314.22846 	2219875.5
315.03006 	2200065.3
315.83166 	2180255
316.63327 	2160444.5
317.43487 	2140633.9
318.23647 	2120823.2
319.03808 	2101012.3
319.83968 	2081201.3
320.64128 	2061390.2
321.44289 	2041578.9
322.24449 	2021767.4
323.04609 	2001955.8
323.8477 	1982144.1
324.6493 	1962332.2
325.4509 	1942520.2
326.25251 	1922708
327.05411 	1902895.7
327.85571 	1883083.3
328.65731 	1863270.7
329.45892 	1843458
330.26052 	1823645.2
331.06212 	1803832.3
331.86373 	1784019.3
332.66533 	1764206.1
333.46693 	1744392.9
334.26854 	1724579.5
335.07014 	1704766.1
335.87174 	1684952.6
336.67335 	1665139
337.47495 	1645325.4
338.27655 	1625511.6
339.07816 	1605697.9
339.87976 	1585884
340.68136 	1566070.2
341.48297 	1546256.3
342.28457 	1526442.3
343.08617 	1506628.4
343.88778 	1486814.4
344.68938 	1467000.4
345.49098 	1447186.5
346.29259 	1427372.5
347.09419 	1407558.5
347.89579 	1387744.6
348.69739 	1367930.6
349.499 	1348116.8
350.3006 	1328302.9
351.1022 	1308489.1
351.90381 	1288675.3
352.70541 	1268861.6
353.50701 	1249047.9
354.30862 	1229234.3
355.11022 	1209420.8
355.91182 	1189607.3
356.71343 	1169793.9
357.51503 	1149980.6
358.31663 	1130167.4
359.11824 	1110354.2
359.91984 	1090541.1
360.72144 	1070728.2
361.52305 	1050915.3
362.32465 	1031102.5
363.12625 	1011289.8
363.92786 	991477.2
364.72946 	971664.7
365.53106 	951852.29
366.33267 	932039.99
367.13427 	912227.78
367.93587 	892415.68
368.73747 	872603.67
369.53908 	852791.77
370.34068 	832979.96
371.14228 	813168.25
371.94389 	793356.64
372.74549 	773545.13
373.54709 	753733.71
374.3487 	733922.39
375.1503 	714111.16
375.9519 	694300.03
376.75351 	674488.98
377.55511 	654678.02
379.15832 	615056.37
379.95992 	595245.67
381.56313 	555624.51
382.36473 	535814.05
383.16633 	516003.66
383.96794 	496193.35
384.76954 	476383.11
385.57114 	456572.94
386.37275 	436762.84
387.17435 	416952.81
387.97595 	397142.84
388.77756 	377332.94
389.57916 	357523.09
390.38076 	337713.31
391.18236 	317903.59
391.98397 	298093.92
392.78557 	278284.3
393.58717 	258474.74
394.38878 	238665.23
395.19038 	218855.78
395.99198 	199046.37
396.79359 	179237
397.59519 	159427.69
399.1984 	119809.19
400 	100482.48
