0 	7772807.7
6.4128257 	7652014.5
34.468938 	7188524.8
37.675351 	7188734.3
40.881764 	7175646.5
50.501002 	6958488.3
53.707415 	6882289.3
62.52505 	6668205.4
65.731463 	6587716.8
68.937876 	6504953.6
69.739479 	6484297.8
96.993988 	6114341.8
103.40681 	5947244.3
106.61323 	5864492
116.23246 	5618677.2
123.44689 	5454454
125.05 	5418908.7
125.8517 	5399410.8
128.25651 	5357185
131.46293 	5298808.7
151.50301 	4915632.6
153.90782 	4853559.5
156.31263 	4789203
159.51904 	4701347.6
166.73347 	4498783.3
169.13828 	4433163.7
175.5511 	4292098.3
176.35271 	4289426
187.57515 	4287097.1
190.78156 	4286545.2
200.4008 	4283658.8
201.2024 	4283478.8
202.00401 	4283467.8
202.80561 	4283411
203.60721 	4283239.9
204.40882 	4283103.7
205.21042 	4283027.9
206.01202 	4283004.1
206.81363 	4282981.4
207.61523 	4282960.3
208.41683 	4282958
209.21844 	4282932.9
210.02004 	4282909.2
210.82164 	4282867.6
211.62325 	4282779.6
212.42485 	4282702.8
213.22645 	4282833.5
214.02806 	4283591.7
214.82966 	4284682.1
215.63126 	4285299.1
216.43287 	4285534.4
217.23447 	4285673.3
218.03607 	4285798.2
219.63928 	4286010.2
220.44088 	4286200.9
221.24248 	4286291.8
222.04409 	4286378.3
222.84569 	4286452.2
223.64729 	4286538.5
224.4489 	4286650.4
225.2505 	4286686
226.0521 	4286750.2
227.65531 	4286927.7
228.45691 	4286858.6
229.25852 	4286719.9
230.86172 	4286447.1
231.66333 	4286408.8
232.46493 	4286367.3
234.06814 	4286364.6
234.86974 	4286324
235.67134 	4286262.3
236.47295 	4286295.6
237.27455 	4286433.6
238.07615 	4286699.6
238.87776 	4287073.3
239.67936 	4287346.5
240.48096 	4287396.2
241.28257 	4287272.6
242.08417 	4287045.6
242.88577 	4286711.2
243.68737 	4286284.7
244.48898 	4285876.5
245.29058 	4285478.4
246.09218 	4285149.8
246.89379 	4284917
247.69539 	4284775.7
248.49699 	4284736.1
249.2986 	4284810.4
250.1002 	4284993.2
250.9018 	4285271.2
251.70341 	4285601
252.50501 	4286007.2
253.30661 	4286446.1
254.10822 	4286852.3
254.90982 	4287177.9
255.71142 	4287455.1
256.51303 	4287692.7
257.31463 	4287873.4
258.11623 	4287953
258.91784 	4287913.2
259.71944 	4287757.7
260.52104 	4287502.9
261.32265 	4287217.3
262.12425 	4286884.6
262.92585 	4286495.9
263.72745 	4286027.2
264.52906 	4285379.2
265.33066 	4284282.8
266.13226 	4282088.7
266.93387 	4277565.1
267.73547 	4268198.5
268.53707 	4251271.2
269.33868 	4227989.6
270.14028 	4202710.9
270.94188 	4177359.5
271.74349 	4152083.9
272.54509 	4126836.4
273.34669 	4101600
274.1483 	4076370.5
274.9499 	4051146.4
274.95 	4051143.3
275.7515 	4025927
276.55311 	4000711.3
277.35471 	3975499.1
278.95792 	3925084.6
279.75952 	3899882.1
280.56112 	3874683.1
281.36273 	3849487.9
282.16433 	3824296.7
282.96593 	3799109.2
283.76754 	3773924.7
284.56914 	3748742.5
285.37074 	3723561.6
286.17234 	3698381.2
286.97395 	3673200.1
288.57715 	3622831.7
289.37876 	3597641.6
290.18036 	3572445.7
290.98196 	3547242.7
291.78357 	3522031.3
292.58517 	3496810.5
293.38677 	3471579.5
294.18838 	3446337.8
294.98998 	3421084.7
295.79158 	3395819.9
296.59319 	3370543.4
297.39479 	3345255
298.19639 	3319955
298.998 	3294643.4
299.7996 	3269320.4
300.6012 	3243986.1
301.40281 	3218640.6
302.20441 	3193283.9
303.00601 	3167916
303.80762 	3142536.9
304.60922 	3117146.9
306.21242 	3066335.3
307.01403 	3040915.1
307.81563 	3015486.4
308.61723 	2990050.2
309.41884 	2964607.4
310.22044 	2939159
311.02204 	2913705.7
311.82365 	2888248.1
312.62525 	2862786.8
313.42685 	2837322.6
314.22846 	2811856
315.03006 	2786387.9
315.83166 	2760919.1
316.63327 	2735450.7
317.43487 	2709983.5
318.23647 	2684518.8
319.03808 	2659057.8
319.83968 	2633601.6
320.64128 	2608151.5
321.44289 	2582708.8
322.24449 	2557274.6
323.04609 	2531850
323.8477 	2506436
324.6493 	2481033.2
325.4509 	2455642.4
326.25251 	2430264.1
327.05411 	2404898.8
327.85571 	2379546.7
328.65731 	2354208.1
329.45892 	2328883.2
330.26052 	2303572.2
331.06212 	2278275.2
331.86373 	2252992.1
332.66533 	2227723
333.46693 	2202467.8
334.26854 	2177226.2
335.07014 	2151998.1
335.87174 	2126783.1
336.67335 	2101580.6
337.47495 	2076390.2
338.27655 	2051211
339.07816 	2026042.2
339.87976 	2000882.8
340.68136 	1975731.8
341.48297 	1950587.9
342.28457 	1925449.8
343.08617 	1900316.2
343.88778 	1875185.4
344.68938 	1850056
345.49098 	1824926.3
346.29259 	1799794.6
347.09419 	1774659.1
347.89579 	1749518.1
348.69739 	1724369.6
349.499 	1699212.1
350.3006 	1674043.9
351.1022 	1648863.2
351.90381 	1623668.5
352.70541 	1598458.6
353.50701 	1573232.2
354.30862 	1547988.3
355.11022 	1522726
355.91182 	1497444.8
356.71343 	1472144.4
357.51503 	1446824.6
358.31663 	1421485.8
359.11824 	1396128.3
359.91984 	1370753.1
360.72144 	1345361
361.52305 	1319953.4
362.32465 	1294531.8
363.12625 	1269097.7
363.92786 	1243652.8
364.72946 	1218199
365.53106 	1192738
366.33267 	1167271.6
367.13427 	1141801.5
367.93587 	1116329.3
368.73747 	1090856.7
369.53908 	1065384.8
370.34068 	1039915
371.14228 	1014448.3
371.94389 	988985.63
372.74549 	963527.76
373.54709 	938075.27
374.3487 	912628.57
375.1503 	887187.94
375.9519 	861753.5
376.75351 	836325.24
377.55511 	810903.01
379.15832 	760075.54
379.95992 	734669.53
381.56313 	683870.63
382.36473 	658476.69
383.16633 	633085.72
383.96794 	607697.23
384.76954 	582310.72
385.57114 	556925.75
386.37275 	531541.91
387.17435 	506158.85
387.97595 	480776.25
388.77756 	455393.85
389.57916 	430011.41
390.38076 	404628.76
391.18236 	379245.75
391.98397 	353862.28
392.78557 	328478.27
393.58717 	303093.69
394.38878 	277708.52
395.19038 	252322.79
395.99198 	226936.53
396.79359 	201549.8
397.59519 	176162.69
399.1984 	125387.69
400 	100618.36
