0 	3836447.4
0.35183948 	3828599
0.70367896 	3820411.5
1.0555184 	3812226.6
1.4073579 	3804041.7
1.7591974 	3795856.5
2.1110369 	3787710
2.4628764 	3779497.9
2.8147158 	3771312.3
3.1665553 	3763126.9
3.5183948 	3754941.4
3.8702343 	3746756
4.2220737 	3738569.2
4.9257527 	3722227.9
5.6294317 	3705851.6
5.9812711 	3697663.6
6.3331106 	3689478.3
8.092308 	3648549.5
8.795987 	3632171.6
9.1478265 	3623982.6
10.203345 	3599603.8
10.907024 	3583213
11.258863 	3575092.9
11.610703 	3567015.4
11.962542 	3558817.8
12.666221 	3542438.5
13.018061 	3534243.8
13.3699 	3526079.6
13.72174 	3517900.1
14.777258 	3493297.7
15.480937 	3476898.1
15.832777 	3468797.2
16.536456 	3452651.4
17.591974 	3428072.3
18.647492 	3403495.2
19.351171 	3387111.6
19.703011 	3378920.2
20.05485 	3370728.9
20.40669 	3362537.8
20.758529 	3354345.8
21.462208 	3337997.4
22.165887 	3321615
22.869566 	3305233.1
23.573245 	3288851.6
23.925085 	3280661
24.276924 	3272470.5
24.628764 	3264280.1
25.332442 	3247899.6
25.684282 	3239709.3
26.387961 	3223328.6
26.7398 	3215137.9
27.09164 	3206947.1
27.443479 	3198755.9
27.795319 	3190564.4
28.147158 	3182372.5
28.850837 	3165987.6
29.202677 	3157794.5
29.554516 	3149601
29.906356 	3141406.2
30.258195 	3133202.4
30.610035 	3125019.3
30.961874 	3118736.9
31.665553 	3104594.3
32.017393 	3096418.7
32.369232 	3088236.5
32.721072 	3081288
33.072911 	3075299.5
33.424751 	3067256.8
33.77659 	3059117.7
34.128429 	3050976.8
34.480269 	3042836.1
34.832108 	3034695.7
35.183948 	3026555.3
35.535787 	3018415.1
35.887627 	3010275.1
36.239466 	3002135.1
36.591306 	2993995.2
37.294985 	2977715.5
37.646824 	2969575.6
37.998664 	2961435.8
38.702343 	2945155.9
39.406022 	2928875.7
39.757861 	2920735.4
41.165219 	2888172.8
41.517059 	2880031.7
41.868898 	2871890.4
42.220737 	2863748.8
42.924416 	2847464.9
43.276256 	2839322.6
43.628095 	2831179.9
43.979935 	2823036.9
44.683614 	2806749.9
45.035453 	2798605.8
45.387293 	2790461.3
46.090972 	2774171.1
46.442811 	2766025.3
47.14649 	2749732.3
47.49833 	2741585.1
48.202009 	2725289.1
48.553848 	2717140.3
49.257527 	2700841
49.609367 	2692690.5
49.961206 	2684539.5
50.313045 	2676387.8
50.664885 	2668235.5
51.016724 	2660082.6
51.720403 	2643774.9
52.072243 	2635620.1
52.424082 	2627464.6
52.775922 	2619308.5
53.127761 	2611151.7
54.18328 	2586677.3
54.535119 	2578517.8
54.886959 	2570357.6
55.238798 	2562196.7
55.590638 	2554035.1
55.942477 	2545872.8
56.997996 	2521381.8
57.349835 	2513216.7
57.701675 	2505050.9
58.053514 	2496884.4
58.405354 	2488717.2
58.757193 	2480549.3
59.109032 	2472380.8
59.460872 	2464211.5
60.164551 	2447871
60.51639 	2439699.7
60.86823 	2431527.7
61.220069 	2423355.1
61.571909 	2415181.9
61.923748 	2407008
62.275588 	2398833.5
62.627427 	2390658.4
62.979267 	2382482.7
63.331106 	2374306.4
63.682946 	2366129.5
64.034785 	2357952
64.386625 	2349774
64.738464 	2341595.5
65.442143 	2325236.9
65.793983 	2317056.9
66.497662 	2300695.4
67.55318 	2276150.1
68.256859 	2259784.6
68.608698 	2251601.4
69.312377 	2235234
70.016056 	2218865.4
70.367896 	2210680.7
70.719735 	2202495.8
71.071575 	2194310.7
71.423414 	2186125.4
72.830772 	2153382.4
73.182612 	2145196.2
73.534451 	2137009.9
73.886291 	2128823.5
74.941809 	2104263.4
75.293648 	2096076.5
75.645488 	2087889.4
75.997327 	2079702.2
77.052846 	2055140
77.404685 	2046952.3
77.756525 	2038764.4
78.460204 	2022388.4
78.812043 	2014200.2
79.163883 	2006011.8
80.219401 	1981445.8
81.27492 	1956878.6
81.626759 	1948689.3
81.978599 	1940499.8
82.330438 	1932310.3
82.682278 	1924120.6
83.034117 	1915930.8
83.385957 	1907740.9
83.737796 	1899550.9
84.089635 	1891360.9
84.441475 	1883170.8
85.496993 	1858600.3
86.552512 	1834029.5
86.904351 	1825839.3
89.015388 	1776697.3
89.367228 	1768506.9
90.070907 	1752125.6
90.422746 	1743934.8
90.774586 	1735743.9
91.126425 	1727552.7
91.478265 	1719361.4
91.830104 	1711169.8
92.533783 	1694785.8
93.237462 	1678400.6
93.589301 	1670207.6
93.941141 	1662014.2
94.29298 	1653820.6
96.052178 	1612849
96.404017 	1604654.2
96.755857 	1596459.1
97.459536 	1580068.7
97.811375 	1571873.2
98.163215 	1563677.5
98.515054 	1555481.5
99.922412 	1522693.3
100.27425 	1514494.6
100.62609 	1506295.2
101.32977 	1489892.9
102.03345 	1473447.4
102.38529 	1465759.3
103.79265 	1436824.6
104.14449 	1428833.4
104.49633 	1420752.8
105.2 	1406716.6
105.90368 	1396772.8
106.25552 	1394225.9
106.60736 	1392613.8
108.01472 	1392471.3
108.36656 	1392458
108.7184 	1392459.8
109.07024 	1392458.3
109.77392 	1392439.2
110.12576 	1392429.6
110.82944 	1392431.5
111.18128 	1392429.6
111.53311 	1392401.7
111.88495 	1392378.1
112.58863 	1392379.2
112.94047 	1392358.9
113.29231 	1392340.5
113.64415 	1392329.1
113.99599 	1392313.6
114.34783 	1392287.9
114.69967 	1392256.1
115.05151 	1392226
115.40335 	1392192.3
115.75519 	1392146.4
116.45887 	1392046.7
116.81071 	1391990.5
117.16255 	1391929.7
117.51439 	1391869.8
118.21806 	1391761.4
118.5699 	1391714.7
118.92174 	1391675
119.27358 	1391642.1
119.62542 	1391613.9
119.97726 	1391584.5
120.3291 	1391546.6
120.68094 	1391498.8
121.03278 	1391483.3
121.38462 	1390370.3
121.73646 	1384328.7
122.0883 	1376115.1
122.79198 	1359285.4
123.14382 	1350867.6
123.49566 	1342453.1
123.8475 	1334041.8
124.19934 	1325633.3
124.55118 	1317227.1
124.90302 	1308822.4
125.25485 	1300418.8
125.60669 	1292015.8
126.66221 	1266806.7
127.01405 	1258403.1
127.36589 	1249999.1
127.71773 	1241594.8
128.06957 	1233190.2
128.42141 	1224785.5
128.77325 	1216380.7
129.12509 	1207976
129.47693 	1199571.4
130.18061 	1182763.3
130.53245 	1174360
130.88429 	1165957.2
131.23613 	1157555
132.29164 	1132353.2
132.64348 	1123954.3
132.99532 	1115556.2
133.699 	1098762.6
134.05084 	1090367.2
134.40268 	1081972.5
134.75452 	1073578.6
135.4582 	1056793.2
135.81004 	1048401.5
136.16188 	1040010.5
136.51372 	1031620.1
136.86556 	1023230.4
137.56924 	1006452.3
137.92108 	998063.9
138.27292 	989675.87
138.97659 	972900.61
139.68027 	956125.99
140.03211 	947738.75
140.38395 	939351.48
140.73579 	930964.1
141.08763 	922576.56
141.43947 	914188.79
141.79131 	905800.74
142.14315 	897412.34
142.49499 	889023.57
142.84683 	880634.36
144.25419 	847072.5
145.3097 	821895.27
145.66154 	813501.72
146.01338 	805107.6
146.36522 	796712.94
146.71706 	788317.76
147.0689 	779922.09
147.42074 	771525.96
148.12442 	754732.47
148.8281 	737937.65
149.17994 	729539.87
149.88362 	712743.78
150.23546 	704345.59
150.5873 	695947.37
151.29098 	679151.06
151.99465 	662355.23
152.69833 	645560.26
153.05017 	637163.19
153.40201 	628766.45
153.75385 	620370.06
154.45753 	603578.46
154.80937 	595183.29
155.16121 	586788.54
155.51305 	578394.24
155.86489 	570000.38
156.21673 	561606.97
156.56857 	553214
157.62409 	528037.61
157.97593 	519646.26
158.32777 	511255.27
158.67961 	502864.62
159.03144 	494474.26
159.38328 	486084.17
159.73512 	477694.32
160.08696 	469304.67
160.4388 	460915.19
160.79064 	452525.84
161.14248 	444136.58
161.49432 	435747.38
161.84616 	427358.19
162.90168 	402190.39
163.25352 	393800.92
163.9572 	377021.51
164.30904 	368631.51
164.66088 	360241.28
165.01272 	351850.79
165.71639 	335068.96
166.06823 	326677.6
167.12375 	301501.54
167.47559 	293108.84
167.82743 	284715.8
168.17927 	276322.41
168.53111 	267928.68
169.23479 	251140.21
169.58663 	242745.48
169.93847 	234350.43
170.64215 	217559.45
170.99399 	209163.54
171.34583 	200767.36
171.69767 	192370.95
172.04951 	183974.31
172.40134 	175577.46
172.75318 	167180.43
173.10502 	158783.23
174.16054 	133590.85
174.51238 	125193.2
174.86422 	116795.5
