0 	8641008.5
6.4128257 	8528702.9
34.468938 	8027801.2
37.675351 	7977069.9
40.881764 	7894049.4
50.501002 	7703259.4
53.707415 	7659715.1
62.52505 	7492457
65.731463 	7418385.3
68.937876 	7344886
69.739479 	7325848.7
96.993988 	6735947.1
103.40681 	6547868.9
106.61323 	6465872.3
116.23246 	6271577.6
123.44689 	6266346.1
125.05 	6265943.6
125.8517 	6265936.4
128.25651 	6267795.9
131.46293 	6267486.3
151.50301 	6259178.4
153.90782 	6259497.9
156.31263 	6260920.9
159.51904 	6262114.3
166.73347 	6259077.2
169.13828 	6245098.7
175.5511 	6080957.5
176.35271 	6059603.5
187.57515 	5760358.2
190.78156 	5674749.5
200.4008 	5417895.4
201.2024 	5396493.7
202.00401 	5375091.7
202.80561 	5353689.5
203.60721 	5332287.2
204.40882 	5310884.7
205.21042 	5289482.2
206.01202 	5268079.7
206.81363 	5246677
207.61523 	5225274.3
208.41683 	5203871.5
209.21844 	5182468.5
210.02004 	5161065.4
210.82164 	5139662.3
211.62325 	5118259.3
212.42485 	5096856.5
213.22645 	5075454.1
214.02806 	5054052.2
214.82966 	5032651.1
215.63126 	5011250.9
216.43287 	4989851.8
217.23447 	4968454
218.03607 	4947057.8
219.63928 	4904270.6
220.44088 	4882879.7
221.24248 	4861490.6
222.04409 	4840103.1
222.84569 	4818717.1
223.64729 	4797332.4
224.4489 	4775948.7
225.2505 	4754565.8
226.0521 	4733183.7
227.65531 	4690421.2
228.45691 	4669041.1
229.25852 	4647661.7
230.86172 	4604906.4
231.66333 	4583530.8
232.46493 	4562156.7
234.06814 	4519414
234.86974 	4498045.4
235.67134 	4476678.7
236.47295 	4455313.7
237.27455 	4433950.4
238.07615 	4412588.5
238.87776 	4391228.1
239.67936 	4369868.8
240.48096 	4348510.6
241.28257 	4327153.3
242.08417 	4305796.8
242.88577 	4284441
243.68737 	4263085.7
244.48898 	4241731
245.29058 	4220376.8
246.09218 	4199023.2
246.89379 	4177670
247.69539 	4156317.5
248.49699 	4134965.6
249.2986 	4113614.4
250.1002 	4092264
250.9018 	4070914.4
251.70341 	4049565.9
252.50501 	4028218.4
253.30661 	4006872
254.10822 	3985526.7
254.90982 	3964182.6
255.71142 	3942839.6
256.51303 	3921497.8
257.31463 	3900157
258.11623 	3878817.1
258.91784 	3857478.1
259.71944 	3836139.8
260.52104 	3814802.1
261.32265 	3793464.9
262.12425 	3772127.9
262.92585 	3750791
263.72745 	3729454.1
264.52906 	3708117
265.33066 	3686779.6
266.13226 	3665441.8
266.93387 	3644103.5
267.73547 	3622764.6
268.53707 	3601425.2
269.33868 	3580085.1
270.14028 	3558744.5
270.94188 	3537403.3
271.74349 	3516061.6
272.54509 	3494719.5
273.34669 	3473377.1
274.1483 	3452034.4
274.9499 	3430691.6
274.95 	3430688.9
275.7515 	3409348.7
276.55311 	3388005.8
277.35471 	3366663.1
278.95792 	3323978.1
279.75952 	3302636.1
280.56112 	3281294.3
281.36273 	3259952.9
282.16433 	3238611.8
282.96593 	3217271.2
283.76754 	3195931.1
284.56914 	3174591.6
285.37074 	3153252.6
286.17234 	3131914.3
286.97395 	3110576.7
288.57715 	3067903.7
289.37876 	3046568.4
290.18036 	3025234
290.98196 	3003900.3
291.78357 	2982567.3
292.58517 	2961235.1
293.38677 	2939903.6
294.18838 	2918572.6
294.98998 	2897242.1
295.79158 	2875912.1
296.59319 	2854582.5
297.39479 	2833253.2
298.19639 	2811924.1
298.998 	2790595.3
299.7996 	2769266.8
300.6012 	2747938.4
301.40281 	2726610.3
302.20441 	2705282.4
303.00601 	2683954.8
303.80762 	2662627.5
304.60922 	2641300.4
306.21242 	2598647.2
307.01403 	2577321
307.81563 	2555995.1
308.61723 	2534669.4
309.41884 	2513343.9
310.22044 	2492018.5
311.02204 	2470693.2
311.82365 	2449368
312.62525 	2428042.8
313.42685 	2406717.4
314.22846 	2385392
315.03006 	2364066.4
315.83166 	2342740.6
316.63327 	2321414.6
317.43487 	2300088.5
318.23647 	2278762.1
319.03808 	2257435.5
319.83968 	2236108.8
320.64128 	2214781.9
321.44289 	2193455.1
322.24449 	2172128.2
323.04609 	2150801.4
323.8477 	2129474.7
324.6493 	2108148.3
325.4509 	2086822.1
326.25251 	2065496.2
327.05411 	2044170.7
327.85571 	2022845.6
328.65731 	2001521
329.45892 	1980196.8
330.26052 	1958873.2
331.06212 	1937550.1
331.86373 	1916227.6
332.66533 	1894905.6
333.46693 	1873584.2
334.26854 	1852263.4
335.07014 	1830943.1
335.87174 	1809623.4
336.67335 	1788304.2
337.47495 	1766985.5
338.27655 	1745667.3
339.07816 	1724349.5
339.87976 	1703032.2
340.68136 	1681715.2
341.48297 	1660398.4
342.28457 	1639081.9
343.08617 	1617765.4
343.88778 	1596449
344.68938 	1575132.4
345.49098 	1553815.7
346.29259 	1532498.5
347.09419 	1511180.9
347.89579 	1489862.6
348.69739 	1468543.6
349.499 	1447223.5
350.3006 	1425902.3
351.1022 	1404579.9
351.90381 	1383255.9
352.70541 	1361930.4
353.50701 	1340603
354.30862 	1319273.7
355.11022 	1297942.3
355.91182 	1276608.7
356.71343 	1255272.7
357.51503 	1233934.3
358.31663 	1212593.3
359.11824 	1191249.6
359.91984 	1169903.2
360.72144 	1148554
361.52305 	1127202
362.32465 	1105847.1
363.12625 	1084489.4
363.92786 	1063128.8
364.72946 	1041765.4
365.53106 	1020399.2
366.33267 	999030.22
367.13427 	977658.5
367.93587 	956284.13
368.73747 	934907.14
369.53908 	913527.63
370.34068 	892145.65
371.14228 	870761.28
371.94389 	849374.61
372.74549 	827985.71
373.54709 	806594.67
374.3487 	785201.58
375.1503 	763806.52
375.9519 	742409.57
376.75351 	721010.82
377.55511 	699610.36
379.15832 	656804.62
379.95992 	635399.52
381.56313 	592585.25
382.36473 	571176.23
383.16633 	549766.06
383.96794 	528354.82
384.76954 	506942.57
385.57114 	485529.39
386.37275 	464115.33
387.17435 	442700.48
387.97595 	421284.89
388.77756 	399868.62
389.57916 	378451.73
390.38076 	357034.29
391.18236 	335616.34
391.98397 	314197.94
392.78557 	292779.15
393.58717 	271360.02
394.38878 	249940.58
395.19038 	228520.9
395.99198 	207101.02
396.79359 	185680.97
397.59519 	164260.81
399.1984 	121420.29
400 	100521.72
