0 	9703049.9
6.4128257 	9565276
34.468938 	9158266
37.675351 	9078675.5
40.881764 	8999174
50.501002 	8760662.1
53.707415 	8681167.9
62.52505 	8462591
65.731463 	8383112.9
68.937876 	8303633.7
69.739479 	8283763.7
96.993988 	7608179.3
103.40681 	7449238.1
106.61323 	7369771
116.23246 	7131381.1
123.44689 	6952589.7
125.05 	6912859.4
125.8517 	6892990.3
128.25651 	6833389.3
131.46293 	6753918.6
151.50301 	6257194.4
153.90782 	6197589.5
156.31263 	6137985.8
159.51904 	6058516.2
166.73347 	5879717.3
169.13828 	5820119.5
175.5511 	5661193.2
176.35271 	5641327.4
187.57515 	5363198.9
190.78156 	5283730.7
200.4008 	5045321.4
201.2024 	5025453.9
202.00401 	5005586.5
202.80561 	4985719.1
203.60721 	4965851.8
204.40882 	4945984.5
205.21042 	4926117.3
206.01202 	4906250.1
206.81363 	4886383.1
207.61523 	4866516.1
208.41683 	4846649.2
209.21844 	4826782.5
210.02004 	4806915.8
210.82164 	4787049.2
211.62325 	4767182.7
212.42485 	4747316.3
213.22645 	4727450
214.02806 	4707583.8
214.82966 	4687717.8
215.63126 	4667851.8
216.43287 	4647985.9
217.23447 	4628120.2
218.03607 	4608254.5
219.63928 	4568523.4
220.44088 	4548658
221.24248 	4528792.6
222.04409 	4508927.4
222.84569 	4489062.2
223.64729 	4469197.1
224.4489 	4449332
225.2505 	4429467
226.0521 	4409602.1
227.65531 	4369872.3
228.45691 	4350007.5
229.25852 	4330142.7
230.86172 	4290413.3
231.66333 	4270548.6
232.46493 	4250683.9
234.06814 	4210954.6
234.86974 	4191090
235.67134 	4171225.5
236.47295 	4151360.9
237.27455 	4131496.3
238.07615 	4111631.8
238.87776 	4091767.3
239.67936 	4071902.8
240.48096 	4052038.3
241.28257 	4032173.9
242.08417 	4012309.4
242.88577 	3992445
243.68737 	3972580.6
244.48898 	3952716.3
245.29058 	3932852
246.09218 	3912987.7
246.89379 	3893123.4
247.69539 	3873259.2
248.49699 	3853395
249.2986 	3833530.9
250.1002 	3813666.9
250.9018 	3793802.8
251.70341 	3773938.9
252.50501 	3754075
253.30661 	3734211.1
254.10822 	3714347.3
254.90982 	3694483.6
255.71142 	3674619.9
256.51303 	3654756.4
257.31463 	3634892.9
258.11623 	3615029.4
258.91784 	3595166.1
259.71944 	3575302.8
260.52104 	3555439.6
261.32265 	3535576.4
262.12425 	3515713.4
262.92585 	3495850.4
263.72745 	3475987.5
264.52906 	3456124.7
265.33066 	3436262
266.13226 	3416399.4
266.93387 	3396536.8
267.73547 	3376674.3
268.53707 	3356811.9
269.33868 	3336949.5
270.14028 	3317087.3
270.94188 	3297225.1
271.74349 	3277363
272.54509 	3257500.9
273.34669 	3237638.9
274.1483 	3217777
274.9499 	3197915.2
274.95 	3197912.7
275.7515 	3178053.4
276.55311 	3158191.6
277.35471 	3138329.9
278.95792 	3098606.7
279.75952 	3078745.2
280.56112 	3058883.7
281.36273 	3039022.3
282.16433 	3019160.9
282.96593 	2999299.5
283.76754 	2979438.2
284.56914 	2959576.9
285.37074 	2939715.6
286.17234 	2919854.4
286.97395 	2899993.2
288.57715 	2860270.9
289.37876 	2840409.7
290.18036 	2820548.6
290.98196 	2800687.5
291.78357 	2780826.5
292.58517 	2760965.4
293.38677 	2741104.4
294.18838 	2721243.4
294.98998 	2701382.5
295.79158 	2681521.5
296.59319 	2661660.6
297.39479 	2641799.6
298.19639 	2621938.8
298.998 	2602077.9
299.7996 	2582217
300.6012 	2562356.2
301.40281 	2542495.4
302.20441 	2522634.7
303.00601 	2502773.9
303.80762 	2482913.2
304.60922 	2463052.5
306.21242 	2423331.2
307.01403 	2403470.7
307.81563 	2383610.1
308.61723 	2363749.6
309.41884 	2343889.1
310.22044 	2324028.7
311.02204 	2304168.3
311.82365 	2284308
312.62525 	2264447.7
313.42685 	2244587.5
314.22846 	2224727.3
315.03006 	2204867.2
315.83166 	2185007.1
316.63327 	2165147.1
317.43487 	2145287.2
318.23647 	2125427.3
319.03808 	2105567.5
319.83968 	2085707.7
320.64128 	2065848
321.44289 	2045988.4
322.24449 	2026128.8
323.04609 	2006269.3
323.8477 	1986409.9
324.6493 	1966550.6
325.4509 	1946691.3
326.25251 	1926832.1
327.05411 	1906973
327.85571 	1887113.9
328.65731 	1867254.9
329.45892 	1847396
330.26052 	1827537.2
331.06212 	1807678.4
331.86373 	1787819.7
332.66533 	1767961.1
333.46693 	1748102.5
334.26854 	1728244
335.07014 	1708385.6
335.87174 	1688527.3
336.67335 	1668669
337.47495 	1648810.8
338.27655 	1628952.6
339.07816 	1609094.5
339.87976 	1589236.5
340.68136 	1569378.6
341.48297 	1549520.7
342.28457 	1529662.8
343.08617 	1509805
343.88778 	1489947.3
344.68938 	1470089.6
345.49098 	1450231.9
346.29259 	1430374.4
347.09419 	1410516.8
347.89579 	1390659.3
348.69739 	1370801.9
349.499 	1350944.4
350.3006 	1331087.1
351.1022 	1311229.7
351.90381 	1291372.4
352.70541 	1271515.2
353.50701 	1251657.9
354.30862 	1231800.8
355.11022 	1211943.6
355.91182 	1192086.5
356.71343 	1172229.4
357.51503 	1152372.3
358.31663 	1132515.2
359.11824 	1112658.2
359.91984 	1092801.2
360.72144 	1072944.3
361.52305 	1053087.4
362.32465 	1033230.5
363.12625 	1013373.6
363.92786 	993516.76
364.72946 	973659.95
365.53106 	953803.17
366.33267 	933946.41
367.13427 	914089.69
367.93587 	894233
368.73747 	874376.34
369.53908 	854519.72
370.34068 	834663.13
371.14228 	814806.57
371.94389 	794950.05
372.74549 	775093.57
373.54709 	755237.13
374.3487 	735380.72
375.1503 	715524.35
375.9519 	695668.03
376.75351 	675811.75
377.55511 	655955.51
379.15832 	616243.16
379.95992 	596387.05
381.56313 	556674.98
382.36473 	536819.01
383.16633 	516963.1
383.96794 	497107.23
384.76954 	477251.41
385.57114 	457395.64
386.37275 	437539.92
387.17435 	417684.24
387.97595 	397828.62
388.77756 	377973.05
389.57916 	358117.53
390.38076 	338262.05
391.18236 	318406.63
391.98397 	298551.25
392.78557 	278695.92
393.58717 	258840.64
394.38878 	238985.41
395.19038 	219130.22
395.99198 	199275.07
396.79359 	179419.97
397.59519 	159564.92
399.1984 	119854.94
400 	100483.59
