0 	3836477.8
0.35183948 	3828962.1
0.70367896 	3821049.8
1.0555184 	3813178.7
1.4073579 	3805283.9
1.7591974 	3797378.9
2.1110369 	3789479.9
2.4628764 	3781587.1
2.8147158 	3773762.6
3.1665553 	3765814.5
3.5183948 	3757911.1
3.8702343 	3750001.8
4.2220737 	3742071.1
4.9257527 	3726491.9
5.6294317 	3710665
5.9812711 	3702755.6
6.3331106 	3694846.9
8.092308 	3655304
8.795987 	3639486.4
9.1478265 	3631579.1
10.203345 	3608063.7
10.907024 	3592237.7
11.258863 	3584360
11.610703 	3576451.2
11.962542 	3568535.6
12.666221 	3552736
13.018061 	3544826.5
13.3699 	3536918.2
13.72174 	3529010
14.777258 	3505285.5
15.480937 	3489455.5
15.832777 	3481452
16.536456 	3468707
17.591974 	3444982.9
18.647492 	3423801.8
19.351171 	3407978.3
19.703011 	3400068.1
20.05485 	3392157.9
20.40669 	3384247.7
20.758529 	3376337.5
21.462208 	3360517.1
22.165887 	3344696.7
22.869566 	3328876.3
23.573245 	3313056
23.925085 	3305145.8
24.276924 	3297235.7
24.628764 	3289325.5
25.332442 	3273505.2
25.684282 	3265595.1
26.387961 	3249774.8
26.7398 	3241864.7
27.09164 	3233954.5
27.443479 	3226044.4
27.795319 	3218134.3
28.147158 	3210224.2
28.850837 	3194404.1
29.202677 	3186494
29.554516 	3178583.9
29.906356 	3170673.8
30.258195 	3162763.8
30.610035 	3154853.7
30.961874 	3146943.6
31.665553 	3131123.5
32.017393 	3123213.5
32.369232 	3115303.4
32.721072 	3107393.3
33.072911 	3099483.3
33.424751 	3091573.2
33.77659 	3083663.1
34.128429 	3075753
34.480269 	3067842.9
34.832108 	3059932.8
35.183948 	3052022.7
35.535787 	3044112.5
35.887627 	3036202.3
36.239466 	3028292.2
36.591306 	3020381.9
37.294985 	3004561.4
37.646824 	2996651.1
37.998664 	2988740.8
38.702343 	2972920
39.406022 	2957099.1
39.757861 	2949188.5
41.165219 	2917545.9
41.517059 	2909635.1
41.868898 	2901724.3
42.220737 	2893813.4
42.924416 	2877991.5
43.276256 	2870080.4
43.628095 	2862169.3
43.979935 	2854258.2
44.683614 	2838435.8
45.035453 	2830524.5
45.387293 	2822613.1
46.090972 	2806790.3
46.442811 	2798878.9
47.14649 	2783055.9
47.49833 	2775144.4
48.202009 	2759321.3
48.553848 	2751409.7
49.257527 	2735586.6
49.609367 	2727675.1
49.961206 	2719763.6
50.313045 	2711852.1
50.664885 	2703940.6
51.016724 	2696029.2
51.720403 	2680206.5
52.072243 	2672295.3
52.424082 	2664384
52.775922 	2656472.9
53.127761 	2648561.8
54.18328 	2624828.7
54.535119 	2616917.8
54.886959 	2609006.9
55.238798 	2601096.1
55.590638 	2593185.2
55.942477 	2585274.3
56.997996 	2561541.6
57.349835 	2553630.6
57.701675 	2545719.6
58.053514 	2537808.4
58.405354 	2529897.2
58.757193 	2521985.9
59.109032 	2514074.4
59.460872 	2506162.9
60.164551 	2490339.6
60.51639 	2482427.7
60.86823 	2474515.9
61.220069 	2466603.9
61.571909 	2458691.9
61.923748 	2450779.9
62.275588 	2442867.9
62.627427 	2434956
62.979267 	2427044.1
63.331106 	2419132.2
63.682946 	2411220.5
64.034785 	2403308.9
64.386625 	2395397.5
64.738464 	2387486.2
65.442143 	2371664.5
65.793983 	2363749.8
66.497662 	2347818.7
67.55318 	2341491.8
68.256859 	2341433.1
68.608698 	2341411.5
69.312377 	2341358.2
70.016056 	2341302.9
70.367896 	2341276.5
70.719735 	2341251.1
71.071575 	2341224.9
71.423414 	2341196.2
72.830772 	2341079.9
73.182612 	2341050.6
73.534451 	2341021.3
73.886291 	2340991.3
74.941809 	2340895.1
75.293648 	2340859.9
75.645488 	2340810.3
75.997327 	2340748.6
77.052846 	2328489.4
77.404685 	2320548.3
77.756525 	2312592.6
78.460204 	2296681.8
78.812043 	2288726.5
79.163883 	2280770.8
80.219401 	2256901.9
81.27492 	2233030.8
81.626759 	2225073.4
81.978599 	2217115.9
82.330438 	2209158.2
82.682278 	2201200.5
83.034117 	2193242.6
83.385957 	2185284.7
83.737796 	2177326.8
84.089635 	2169368.8
84.441475 	2161410.7
85.496993 	2137536.5
86.552512 	2113662.2
86.904351 	2105704.1
89.015388 	2057954.9
89.367228 	2049996.6
90.070907 	2034080
90.422746 	2026121.6
90.774586 	2018163.2
91.126425 	2010204.8
91.478265 	2002246.4
91.830104 	1994287.9
92.533783 	1978370.8
93.237462 	1962453.5
93.589301 	1954494.8
93.941141 	1946536.1
94.29298 	1938577.3
96.052178 	1898782.9
96.404017 	1890823.9
96.755857 	1882864.8
97.459536 	1866946.7
97.811375 	1858987.6
98.163215 	1851028.4
98.515054 	1843069.2
99.922412 	1811232.1
100.27425 	1803272.7
100.62609 	1795313.3
101.32977 	1779394.3
102.03345 	1763475.2
102.38529 	1755515.6
103.79265 	1723676.7
104.14449 	1715716.9
104.49633 	1707757
105.2 	1691837
105.90368 	1675916.9
106.25552 	1667956.7
106.60736 	1659996.5
108.01472 	1628155.1
108.36656 	1620194.7
108.7184 	1612234.1
109.07024 	1604273.6
109.77392 	1588352.2
110.12576 	1580391.5
110.82944 	1564469.9
111.18128 	1556509
111.53311 	1548548.1
111.88495 	1540587.2
112.58863 	1524665.1
112.94047 	1516704
113.29231 	1508742.9
113.64415 	1500781.8
113.99599 	1492820.6
114.34783 	1484859.4
114.69967 	1476898.2
115.05151 	1468937
115.40335 	1460975.7
115.75519 	1453014.4
116.45887 	1437091.8
116.81071 	1429130.5
117.16255 	1421169.1
117.51439 	1413207.8
118.21806 	1397285.1
118.5699 	1389323.7
118.92174 	1381362.4
119.27358 	1373401
119.62542 	1365439.7
119.97726 	1357478.4
120.3291 	1349517.1
120.68094 	1341555.7
121.03278 	1333594.5
121.38462 	1325633.2
121.73646 	1317671.9
122.0883 	1309710.7
122.79198 	1293788.3
123.14382 	1285827.1
123.49566 	1277866
123.8475 	1269904.9
124.19934 	1261943.8
124.55118 	1253982.8
124.90302 	1246021.8
125.25485 	1238060.8
125.60669 	1230099.8
126.66221 	1206217.2
127.01405 	1198256.4
127.36589 	1190295.6
127.71773 	1182334.9
128.06957 	1174374.2
128.42141 	1166413.6
128.77325 	1158453
129.12509 	1150492.4
129.47693 	1142531.9
130.18061 	1126611
130.53245 	1118650.6
130.88429 	1110690.3
131.23613 	1102730
132.29164 	1078849.3
132.64348 	1070889.2
132.99532 	1062929.2
133.699 	1047009.2
134.05084 	1039049.2
134.40268 	1031089.3
134.75452 	1023129.5
135.4582 	1007210
135.81004 	999250.25
136.16188 	991290.6
136.51372 	983330.98
136.86556 	975371.42
137.56924 	959452.42
137.92108 	951492.99
138.27292 	943533.61
138.97659 	927614.97
139.68027 	911696.52
140.03211 	903737.36
140.38395 	895778.24
140.73579 	887819.17
141.08763 	879860.14
141.43947 	871901.15
141.79131 	863942.21
142.14315 	855983.31
142.49499 	848024.46
142.84683 	840065.64
144.25419 	808230.81
145.3097 	784355.12
145.66154 	776396.64
146.01338 	768438.19
146.36522 	760479.79
146.71706 	752521.42
147.0689 	744563.09
147.42074 	736604.8
148.12442 	720688.33
148.8281 	704772
149.17994 	696813.88
149.88362 	680897.76
150.23546 	672939.74
150.5873 	664981.76
151.29098 	649065.88
151.99465 	633150.11
152.69833 	617234.46
153.05017 	609276.67
153.40201 	601318.91
153.75385 	593361.16
154.45753 	577445.75
154.80937 	569488.08
155.16121 	561530.42
155.51305 	553572.78
155.86489 	545615.17
156.21673 	537657.57
156.56857 	529699.98
157.62409 	505827.32
157.97593 	497869.8
158.32777 	489912.28
158.67961 	481954.78
159.03144 	473997.29
159.38328 	466039.81
159.73512 	458082.34
160.08696 	450124.87
160.4388 	442167.42
160.79064 	434209.97
161.14248 	426252.53
161.49432 	418295.1
161.84616 	410337.67
162.90168 	386465.41
163.25352 	378508
163.9572 	362593.18
164.30904 	354635.78
164.66088 	346678.38
165.01272 	338720.98
165.71639 	322806.19
166.06823 	314848.8
167.12375 	290976.62
167.47559 	283019.24
167.82743 	275061.85
168.17927 	267104.46
168.53111 	259147.08
169.23479 	243232.32
169.58663 	235274.94
169.93847 	227317.56
170.64215 	211402.81
170.99399 	203445.44
171.34583 	195488.07
171.69767 	187530.7
172.04951 	179573.34
172.40134 	171615.99
172.75318 	163658.63
173.10502 	155701.28
174.16054 	131829.27
174.51238 	123871.94
174.86422 	115914.62
