0 	8943725.2
6.4128257 	8837796.1
34.468938 	8297613.3
37.675351 	8223058.5
40.881764 	8151640.5
50.501002 	7966535
53.707415 	7903451.3
62.52505 	7702691
65.731463 	7630358.5
68.937876 	7556657.7
69.739479 	7538745.6
96.993988 	7026851.4
103.40681 	7022679.6
106.61323 	7021485.5
116.23246 	7019434.4
123.44689 	7018031.7
125.05 	7017619.6
125.8517 	7017409.9
128.25651 	7016549
131.46293 	7012305.9
151.50301 	6532705.5
153.90782 	6470515.8
156.31263 	6408289.9
159.51904 	6325261.5
166.73347 	6138266.9
169.13828 	6075900.7
175.5511 	5909493.2
176.35271 	5888683.8
187.57515 	5597391.9
190.78156 	5514208.5
200.4008 	5264753.8
201.2024 	5243970.9
202.00401 	5223189
202.80561 	5202408.4
203.60721 	5181629.6
204.40882 	5160852.9
205.21042 	5140078.4
206.01202 	5119306.6
206.81363 	5098537.4
207.61523 	5077770.9
208.41683 	5057007.2
209.21844 	5036246.1
210.02004 	5015487.3
210.82164 	4994730.7
211.62325 	4973975.9
212.42485 	4953222.7
213.22645 	4932470.8
214.02806 	4911719.9
214.82966 	4890969.8
215.63126 	4870220.2
216.43287 	4849470.9
217.23447 	4828721.7
218.03607 	4807972.5
219.63928 	4766473.2
220.44088 	4745722.9
221.24248 	4724971.9
222.04409 	4704220.3
222.84569 	4683467.9
223.64729 	4662714.6
224.4489 	4641960.5
225.2505 	4621205.4
226.0521 	4600449.4
227.65531 	4558934.8
228.45691 	4538176.3
229.25852 	4517417
230.86172 	4475896.6
231.66333 	4455135.6
232.46493 	4434374.2
234.06814 	4392850.6
234.86974 	4372088.4
235.67134 	4351326.1
236.47295 	4330563.6
237.27455 	4309801
238.07615 	4289038.2
238.87776 	4268275.2
239.67936 	4247511.9
240.48096 	4226748.4
241.28257 	4205984.7
242.08417 	4185220.6
242.88577 	4164456.2
243.68737 	4143691.6
244.48898 	4122926.7
245.29058 	4102161.8
246.09218 	4081396.8
246.89379 	4060631.9
247.69539 	4039867.3
248.49699 	4019103.1
249.2986 	3998339.4
250.1002 	3977576.5
250.9018 	3956814.4
251.70341 	3936053.4
252.50501 	3915293.6
253.30661 	3894535
254.10822 	3873777.8
254.90982 	3853022
255.71142 	3832267.7
256.51303 	3811514.9
257.31463 	3790763.6
258.11623 	3770013.9
258.91784 	3749265.7
259.71944 	3728519
260.52104 	3707773.8
261.32265 	3687030
262.12425 	3666287.5
262.92585 	3645546.4
263.72745 	3624806.4
264.52906 	3604067.7
265.33066 	3583330.1
266.13226 	3562593.5
266.93387 	3541857.8
267.73547 	3521123
268.53707 	3500388.9
269.33868 	3479655.6
270.14028 	3458922.9
270.94188 	3438190.8
271.74349 	3417459.2
272.54509 	3396727.9
273.34669 	3375997
274.1483 	3355266.4
274.9499 	3334536
274.95 	3334533.4
275.7515 	3313805.8
276.55311 	3293075.7
277.35471 	3272345.7
278.95792 	3230885.6
279.75952 	3210155.5
280.56112 	3189425.3
281.36273 	3168695
282.16433 	3147964.4
282.96593 	3127233.6
283.76754 	3106502.6
284.56914 	3085771.3
285.37074 	3065039.8
286.17234 	3044307.9
286.97395 	3023575.7
288.57715 	2982110.3
289.37876 	2961377.1
290.18036 	2940643.6
290.98196 	2919909.7
291.78357 	2899175.6
292.58517 	2878441.2
293.38677 	2857706.5
294.18838 	2836971.6
294.98998 	2816236.4
295.79158 	2795501.1
296.59319 	2774765.5
297.39479 	2754029.8
298.19639 	2733293.9
298.998 	2712557.9
299.7996 	2691821.7
300.6012 	2671085.5
301.40281 	2650349.2
302.20441 	2629612.8
303.00601 	2608876.4
303.80762 	2588140
304.60922 	2567403.7
306.21242 	2525931.1
307.01403 	2505195
307.81563 	2484459
308.61723 	2463723.2
309.41884 	2442987.5
310.22044 	2422252.2
311.02204 	2401517
311.82365 	2380782.1
312.62525 	2360047.6
313.42685 	2339313.4
314.22846 	2318579.5
315.03006 	2297846
315.83166 	2277112.8
316.63327 	2256380.1
317.43487 	2235647.7
318.23647 	2214915.7
319.03808 	2194184.2
319.83968 	2173453
320.64128 	2152722.3
321.44289 	2131991.9
322.24449 	2111261.9
323.04609 	2090532.3
323.8477 	2069803
324.6493 	2049074.1
325.4509 	2028345.5
326.25251 	2007617.2
327.05411 	1986889.1
327.85571 	1966161.4
328.65731 	1945433.8
329.45892 	1924706.5
330.26052 	1903979.4
331.06212 	1883252.4
331.86373 	1862525.6
332.66533 	1841798.9
333.46693 	1821072.4
334.26854 	1800345.9
335.07014 	1779619.6
335.87174 	1758893.3
336.67335 	1738167.1
337.47495 	1717440.9
338.27655 	1696714.8
339.07816 	1675988.8
339.87976 	1655262.7
340.68136 	1634536.8
341.48297 	1613810.8
342.28457 	1593084.9
343.08617 	1572359.1
343.88778 	1551633.2
344.68938 	1530907.4
345.49098 	1510181.7
346.29259 	1489455.9
347.09419 	1468730.2
347.89579 	1448004.5
348.69739 	1427278.9
349.499 	1406553.2
350.3006 	1385827.6
351.1022 	1365101.9
351.90381 	1344376.2
352.70541 	1323650.5
353.50701 	1302924.7
354.30862 	1282198.9
355.11022 	1261472.9
355.91182 	1240746.9
356.71343 	1220020.6
357.51503 	1199294.2
358.31663 	1178567.6
359.11824 	1157840.8
359.91984 	1137113.7
360.72144 	1116386.2
361.52305 	1095658.5
362.32465 	1074930.3
363.12625 	1054201.8
363.92786 	1033472.8
364.72946 	1012743.3
365.53106 	992013.29
366.33267 	971282.73
367.13427 	950551.59
367.93587 	929819.83
368.73747 	909087.42
369.53908 	888354.34
370.34068 	867620.56
371.14228 	846886.05
371.94389 	826150.79
372.74549 	805414.77
373.54709 	784677.97
374.3487 	763940.37
375.1503 	743201.97
375.9519 	722462.76
376.75351 	701722.75
377.55511 	680981.92
379.15832 	639497.87
379.95992 	618754.67
381.56313 	577265.98
382.36473 	556520.54
383.16633 	535774.39
383.96794 	515027.56
384.76954 	494280.09
385.57114 	473532
386.37275 	452783.32
387.17435 	432034.09
387.97595 	411284.34
388.77756 	390534.1
389.57916 	369783.42
390.38076 	349032.33
391.18236 	328280.86
391.98397 	307529.05
392.78557 	286776.93
393.58717 	266024.55
394.38878 	245271.94
395.19038 	224519.12
395.99198 	203766.14
396.79359 	183013.04
397.59519 	162259.84
399.1984 	120753.29
400 	100505.47
