0 	3836476.5
0.35183948 	3828930.8
0.70367896 	3820990.7
1.0555184 	3813080.7
1.4073579 	3805121.6
1.7591974 	3797180.6
2.1110369 	3789256.6
2.4628764 	3781332
2.8147158 	3773385.4
3.1665553 	3765528.1
3.5183948 	3757575.7
3.8702343 	3749635.8
4.2220737 	3741693.4
4.9257527 	3725939.7
5.6294317 	3710135.5
5.9812711 	3702190
6.3331106 	3694246.5
8.092308 	3654528.6
8.795987 	3638640.5
9.1478265 	3630703.2
10.203345 	3607049.7
10.907024 	3591182.6
11.258863 	3583270.2
11.610703 	3575320.5
11.962542 	3567375.8
12.666221 	3551498.6
13.018061 	3543554.5
13.3699 	3535610.6
13.72174 	3527666.7
14.777258 	3503835
15.480937 	3487947.1
15.832777 	3480003.2
16.536456 	3464115.3
17.591974 	3440283.7
18.647492 	3419462.5
19.351171 	3403850.2
19.703011 	3395900.6
20.05485 	3387934.1
20.40669 	3380173.8
20.758529 	3374759.7
21.462208 	3359004.9
22.165887 	3343106.9
22.869566 	3327209
23.573245 	3311311.3
23.925085 	3303362.6
24.276924 	3295413.9
24.628764 	3287465.2
25.332442 	3271568.2
25.684282 	3263619.7
26.387961 	3247723.2
26.7398 	3239775
27.09164 	3231826.9
27.443479 	3223878.9
27.795319 	3215931.1
28.147158 	3207983.3
28.850837 	3192088.1
29.202677 	3184140.7
29.554516 	3176193.4
29.906356 	3168246.2
30.258195 	3160299.1
30.610035 	3152352.1
30.961874 	3144405.3
31.665553 	3128512.1
32.017393 	3120565.6
32.369232 	3112619.3
32.721072 	3104673.1
33.072911 	3096727.1
33.424751 	3088781.2
33.77659 	3080835.4
34.128429 	3072889.8
34.480269 	3064944.3
34.832108 	3056998.9
35.183948 	3049053.6
35.535787 	3041108.5
35.887627 	3033163.5
36.239466 	3025218.6
36.591306 	3017273.9
37.294985 	3001384.7
37.646824 	2993440.3
37.998664 	2985495.9
38.702343 	2969607.6
39.406022 	2953719.7
39.757861 	2945775.9
41.165219 	2914001.5
41.517059 	2906058.1
41.868898 	2898114.7
42.220737 	2890171.5
42.924416 	2874285.1
43.276256 	2866342.1
43.628095 	2858399
43.979935 	2850456.1
44.683614 	2834570.3
45.035453 	2826627.5
45.387293 	2818684.8
46.090972 	2802799.4
46.442811 	2794856.8
47.14649 	2778971.7
47.49833 	2771029.3
48.202009 	2755144.5
48.553848 	2747202.1
49.257527 	2731317.6
49.609367 	2723375.4
49.961206 	2715433.2
50.313045 	2707491.1
50.664885 	2699549
51.016724 	2691606.9
51.720403 	2675722.9
52.072243 	2667781
52.424082 	2659839
52.775922 	2651897.2
53.127761 	2643955.3
54.18328 	2620129.9
54.535119 	2612188.1
54.886959 	2604246.4
55.238798 	2596304.7
55.590638 	2588363
55.942477 	2580421.3
56.997996 	2556596.5
57.349835 	2548654.9
57.701675 	2540713.3
58.053514 	2532771.8
58.405354 	2524830.3
58.757193 	2516888.9
59.109032 	2508947.5
59.460872 	2501006.1
60.164551 	2485123.5
60.51639 	2477182.3
60.86823 	2469241.2
61.220069 	2461300.2
61.571909 	2453359.2
61.923748 	2445418.3
62.275588 	2437477.5
62.627427 	2429536.8
62.979267 	2421596.1
63.331106 	2413655.6
63.682946 	2405715.1
64.034785 	2397774.8
64.386625 	2389834.5
64.738464 	2381894.3
65.442143 	2366014.2
65.793983 	2358074.3
66.497662 	2342194.6
67.55318 	2318375.5
68.256859 	2302496.3
68.608698 	2294556.8
69.312377 	2278677.7
70.016056 	2262798.7
70.367896 	2254859.2
70.719735 	2246919.7
71.071575 	2238980
71.423414 	2231040.3
72.830772 	2199279
73.182612 	2191337.6
73.534451 	2183394
73.886291 	2175428.7
74.941809 	2157398.4
75.293648 	2157212.3
75.645488 	2157186.8
75.997327 	2157163.9
77.052846 	2157087.4
77.404685 	2157067.1
77.756525 	2157046.2
78.460204 	2157001
78.812043 	2156978.4
79.163883 	2156956.8
80.219401 	2156894.4
81.27492 	2156830.1
81.626759 	2156808.1
81.978599 	2156785.4
82.330438 	2156761.6
82.682278 	2156736.8
83.034117 	2156709.8
83.385957 	2156678.8
83.737796 	2156643.4
84.089635 	2156609
84.441475 	2156559.9
85.496993 	2149847.8
86.552512 	2125995.8
86.904351 	2117987.9
89.015388 	2069939.4
89.367228 	2061931.3
90.070907 	2045915.3
90.422746 	2037907.3
90.774586 	2029899.5
91.126425 	2021891.7
91.478265 	2013884
91.830104 	2005876.4
92.533783 	1989861.4
93.237462 	1973846.8
93.589301 	1965839.7
93.941141 	1957832.6
94.29298 	1949825.6
96.052178 	1909791.6
96.404017 	1901785
96.755857 	1893778.4
97.459536 	1877765.3
97.811375 	1869758.8
98.163215 	1861752.3
98.515054 	1853745.9
99.922412 	1821720
100.27425 	1813713.5
100.62609 	1805707
101.32977 	1789694
102.03345 	1773680.8
102.38529 	1765674.2
103.79265 	1733647.2
104.14449 	1725640.4
104.49633 	1717633.5
105.2 	1701619.6
105.90368 	1685605.5
106.25552 	1677598.3
106.60736 	1669591.1
108.01472 	1637561.9
108.36656 	1629554.4
108.7184 	1621546.9
109.07024 	1613539.3
109.77392 	1597524
110.12576 	1589516.3
110.82944 	1573500.6
111.18128 	1565492.7
111.53311 	1557484.7
111.88495 	1549476.6
112.58863 	1533460.3
112.94047 	1525452
113.29231 	1517443.6
113.64415 	1509435.2
113.99599 	1501426.7
114.34783 	1493418.2
114.69967 	1485409.5
115.05151 	1477400.8
115.40335 	1469392
115.75519 	1461383.1
116.45887 	1445365.2
116.81071 	1437356.1
117.16255 	1429346.9
117.51439 	1421337.7
118.21806 	1405319
118.5699 	1397309.5
118.92174 	1389300
119.27358 	1381290.4
119.62542 	1373280.7
119.97726 	1365271
120.3291 	1357261.2
120.68094 	1349251.4
121.03278 	1341241.5
121.38462 	1333231.5
121.73646 	1325221.5
122.0883 	1317211.5
122.79198 	1301191.3
123.14382 	1293181.1
123.49566 	1285170.9
123.8475 	1277160.7
124.19934 	1269150.5
124.55118 	1261140.2
124.90302 	1253129.9
125.25485 	1245119.6
125.60669 	1237109.2
126.66221 	1213078.2
127.01405 	1205067.8
127.36589 	1197057.5
127.71773 	1189047.1
128.06957 	1181036.8
128.42141 	1173026.4
128.77325 	1165016.1
129.12509 	1157005.7
129.47693 	1148995.4
130.18061 	1132974.8
130.53245 	1124964.5
130.88429 	1116954.2
131.23613 	1108943.9
132.29164 	1084913.3
132.64348 	1076903.1
132.99532 	1068892.9
133.699 	1052872.6
134.05084 	1044862.5
134.40268 	1036852.4
134.75452 	1028842.4
135.4582 	1012822.3
135.81004 	1004812.4
136.16188 	996802.41
136.51372 	988792.47
136.86556 	980782.57
137.56924 	964762.83
137.92108 	956753.01
138.27292 	948743.21
138.97659 	932723.71
139.68027 	916704.33
140.03211 	908694.69
140.38395 	900685.08
140.73579 	892675.51
141.08763 	884665.97
141.43947 	876656.46
141.79131 	868647
142.14315 	860637.57
142.49499 	852628.18
142.84683 	844618.83
144.25419 	812581.84
145.3097 	788554.58
145.66154 	780545.59
146.01338 	772536.64
146.36522 	764527.75
146.71706 	756518.91
147.0689 	748510.12
147.42074 	740501.39
148.12442 	724484.09
148.8281 	708467.02
149.17994 	700458.57
149.88362 	684441.85
150.23546 	676433.58
150.5873 	668425.37
151.29098 	652409.15
151.99465 	636393.18
152.69833 	620377.48
153.05017 	612369.72
153.40201 	604362.03
153.75385 	596354.41
154.45753 	580339.37
154.80937 	572331.95
155.16121 	564324.6
155.51305 	556317.32
155.86489 	548310.11
156.21673 	540302.96
156.56857 	532295.89
157.62409 	508275.07
157.97593 	500268.26
158.32777 	492261.53
158.67961 	484254.86
159.03144 	476248.26
159.38328 	468241.73
159.73512 	460235.26
160.08696 	452228.86
160.4388 	444222.53
160.79064 	436216.26
161.14248 	428210.06
161.49432 	420203.93
161.84616 	412197.85
162.90168 	388180.02
163.25352 	380174.19
163.9572 	364162.73
164.30904 	356157.09
164.66088 	348151.5
165.01272 	340145.97
165.71639 	324135.08
166.06823 	316129.72
167.12375 	292113.94
167.47559 	284108.77
167.82743 	276103.66
168.17927 	268098.59
168.53111 	260093.57
169.23479 	244083.65
169.58663 	236078.76
169.93847 	228073.9
170.64215 	212064.29
170.99399 	204059.53
171.34583 	196054.81
171.69767 	188050.12
172.04951 	180045.46
172.40134 	172040.82
172.75318 	164036.21
173.10502 	156031.63
174.16054 	132017.98
174.51238 	124013.47
174.86422 	116008.97
