0 	8649946.1
6.4128257 	8538865.2
34.468938 	7989010.2
37.675351 	7964517.1
40.881764 	7883715.7
50.501002 	7694483.7
53.707415 	7625327.9
62.52505 	7484185
65.731463 	7423302.2
68.937876 	7355439.6
69.739479 	7338633.5
96.993988 	6709967
103.40681 	6571893.9
106.61323 	6485137.1
116.23246 	6251007.3
123.44689 	6235960.9
125.05 	6235646.2
125.8517 	6235592.5
128.25651 	6235649.1
131.46293 	6234725.7
151.50301 	6230982.3
153.90782 	6230944.6
156.31263 	6229878.8
159.51904 	6228035.7
166.73347 	6225633.7
169.13828 	6221413.7
175.5511 	6080110.4
176.35271 	6058675
187.57515 	5758695.7
190.78156 	5673050.7
200.4008 	5416442.9
201.2024 	5395102.3
202.00401 	5373771.7
202.80561 	5352451.9
203.60721 	5331143.3
204.40882 	5309846.5
205.21042 	5288561.8
206.01202 	5267289.4
206.81363 	5246029.5
207.61523 	5224781.9
208.41683 	5203546.8
209.21844 	5182323.9
210.02004 	5161112.8
210.82164 	5139913.2
211.62325 	5118724.2
212.42485 	5097544.8
213.22645 	5076373.4
214.02806 	5055208.1
214.82966 	5034046.6
215.63126 	5012886.5
216.43287 	4991724.8
217.23447 	4970558.8
218.03607 	4949385.8
219.63928 	4907008.1
220.44088 	4885799.1
221.24248 	4864574.3
222.04409 	4843332.6
222.84569 	4822073.3
223.64729 	4800795.9
224.4489 	4779500.7
225.2505 	4758188.2
226.0521 	4736859.3
227.65531 	4694157.8
228.45691 	4672788.7
229.25852 	4651409.8
230.86172 	4608630.8
231.66333 	4587234.6
232.46493 	4565836.6
234.06814 	4523041.2
234.86974 	4501646.6
235.67134 	4480255.6
236.47295 	4458868.9
237.27455 	4437487.2
238.07615 	4416110.9
238.87776 	4394740.2
239.67936 	4373375.2
240.48096 	4352015.6
241.28257 	4330661.2
242.08417 	4309311.7
242.88577 	4287966.6
243.68737 	4266625.2
244.48898 	4245287.1
245.29058 	4223951.7
246.09218 	4202618.4
246.89379 	4181286.5
247.69539 	4159955.6
248.49699 	4138625.2
249.2986 	4117294.9
250.1002 	4095964.3
250.9018 	4074633.2
251.70341 	4053301.3
252.50501 	4031968.6
253.30661 	4010634.9
254.10822 	3989300.4
254.90982 	3967965.1
255.71142 	3946629.2
256.51303 	3925292.7
257.31463 	3903955.8
258.11623 	3882618.7
258.91784 	3861281.6
259.71944 	3839944.6
260.52104 	3818607.8
261.32265 	3797271.3
262.12425 	3775935
262.92585 	3754598.9
263.72745 	3733263.1
264.52906 	3711927.3
265.33066 	3690591.5
266.13226 	3669255.4
266.93387 	3647918.9
267.73547 	3626581.7
268.53707 	3605243.6
269.33868 	3583904.4
270.14028 	3562563.8
270.94188 	3541221.6
271.74349 	3519877.5
272.54509 	3498531.5
273.34669 	3477183.3
274.1483 	3455832.7
274.9499 	3434479.8
274.95 	3434477.1
275.7515 	3413124.3
276.55311 	3391766.3
277.35471 	3370405.8
278.95792 	3327677.3
279.75952 	3306309.4
280.56112 	3284939.2
281.36273 	3263566.8
282.16433 	3242192.2
282.96593 	3220815.7
283.76754 	3199437.3
284.56914 	3178057.2
285.37074 	3156675.5
286.17234 	3135292.2
286.97395 	3113907.6
288.57715 	3071134.8
289.37876 	3049746.8
290.18036 	3028357.9
290.98196 	3006968.2
291.78357 	2985577.7
292.58517 	2964186.6
293.38677 	2942795.1
294.18838 	2921403
294.98998 	2900010.7
295.79158 	2878618.1
296.59319 	2857225.4
297.39479 	2835832.7
298.19639 	2814439.9
298.998 	2793047.1
299.7996 	2771654.5
300.6012 	2750262
301.40281 	2728869.7
302.20441 	2707477.4
303.00601 	2686085.3
303.80762 	2664693.3
304.60922 	2643301.3
306.21242 	2600516.9
307.01403 	2579124.4
307.81563 	2557731.6
308.61723 	2536338.4
309.41884 	2514944.5
310.22044 	2493550.1
311.02204 	2472154.9
311.82365 	2450758.9
312.62525 	2429362.1
313.42685 	2407964.3
314.22846 	2386565.6
315.03006 	2365165.9
315.83166 	2343765.3
316.63327 	2322363.7
317.43487 	2300961.3
318.23647 	2279558
319.03808 	2258154
319.83968 	2236749.4
320.64128 	2215344.2
321.44289 	2193938.6
322.24449 	2172532.7
323.04609 	2151126.6
323.8477 	2129720.5
324.6493 	2108314.5
325.4509 	2086908.8
326.25251 	2065503.5
327.05411 	2044098.7
327.85571 	2022694.6
328.65731 	2001291.4
329.45892 	1979889.1
330.26052 	1958487.9
331.06212 	1937087.8
331.86373 	1915689.1
332.66533 	1894291.7
333.46693 	1872895.8
334.26854 	1851501.5
335.07014 	1830108.8
335.87174 	1808717.8
336.67335 	1787328.4
337.47495 	1765940.9
338.27655 	1744555.2
339.07816 	1723171.2
339.87976 	1701789.1
340.68136 	1680408.9
341.48297 	1659030.5
342.28457 	1637653.9
343.08617 	1616279.2
343.88778 	1594906.2
344.68938 	1573535.1
345.49098 	1552165.6
346.29259 	1530797.9
347.09419 	1509431.8
347.89579 	1488067.2
348.69739 	1466704.2
349.499 	1445342.5
350.3006 	1423982.2
351.1022 	1402623.1
351.90381 	1381265.2
352.70541 	1359908.3
353.50701 	1338552.4
354.30862 	1317197.3
355.11022 	1295842.9
355.91182 	1274489.2
356.71343 	1253136
357.51503 	1231783.3
358.31663 	1210430.9
359.11824 	1189078.8
359.91984 	1167726.9
360.72144 	1146375.1
361.52305 	1125023.3
362.32465 	1103671.5
363.12625 	1082319.7
363.92786 	1060967.8
364.72946 	1039615.7
365.53106 	1018263.4
366.33267 	996910.91
367.13427 	975558.15
367.93587 	954205.13
368.73747 	932851.81
369.53908 	911498.19
370.34068 	890144.26
371.14228 	868790.01
371.94389 	847435.44
372.74549 	826080.57
373.54709 	804725.38
374.3487 	783369.91
375.1503 	762014.16
375.9519 	740658.16
376.75351 	719301.94
377.55511 	697945.51
379.15832 	655232.19
379.95992 	633875.37
381.56313 	591161.59
382.36473 	569804.72
383.16633 	548447.9
383.96794 	527091.18
384.76954 	505734.59
385.57114 	484378.16
386.37275 	463021.92
387.17435 	441665.88
387.97595 	420310.08
388.77756 	398954.51
389.57916 	377599.2
390.38076 	356244.14
391.18236 	334889.34
391.98397 	313534.79
392.78557 	292180.48
393.58717 	270826.41
394.38878 	249472.55
395.19038 	228118.9
395.99198 	206765.43
396.79359 	185412.11
397.59519 	164058.94
399.1984 	121352.91
400 	100520.08
