0 	7684836.9
6.4128257 	7571548.5
34.468938 	7130390.7
37.675351 	7127670.9
40.881764 	7122977.4
50.501002 	6961182.3
53.707415 	6881659.5
62.52505 	6660682.3
65.731463 	6589078.4
68.937876 	6505770.9
69.739479 	6484737.5
96.993988 	6134033.9
103.40681 	5967625.7
106.61323 	5885404.2
116.23246 	5635651
123.44689 	5461878.3
125.05 	5427850.8
125.8517 	5408667.2
128.25651 	5355427.4
131.46293 	5286801
151.50301 	4818501.7
153.90782 	4748078.7
156.31263 	4680776.1
159.51904 	4602213.4
166.73347 	4443661.9
169.13828 	4392407.5
175.5511 	4262187.7
176.35271 	4254984.1
187.57515 	4252397.7
190.78156 	4254720.4
200.4008 	4252966.8
201.2024 	4253058.7
202.00401 	4253166.1
202.80561 	4253209.3
203.60721 	4253290.8
204.40882 	4253364.8
205.21042 	4253447.1
206.01202 	4253497.5
206.81363 	4253549
207.61523 	4253598.9
208.41683 	4253644.9
209.21844 	4253682.8
210.02004 	4253718.8
210.82164 	4253732.6
211.62325 	4253716.3
212.42485 	4253675.5
213.22645 	4253634.7
214.02806 	4253646.8
214.82966 	4253688.3
215.63126 	4253696.3
216.43287 	4253719.2
217.23447 	4253759.3
218.03607 	4253747.1
219.63928 	4253891.3
220.44088 	4253935.3
221.24248 	4253951.1
222.04409 	4253986.4
222.84569 	4254023.7
223.64729 	4254116.8
224.4489 	4254151.1
225.2505 	4254212
226.0521 	4254371.1
227.65531 	4254592.1
228.45691 	4254630.5
229.25852 	4254674.9
230.86172 	4255078
231.66333 	4255379.1
232.46493 	4255722.6
234.06814 	4256375.4
234.86974 	4256604.3
235.67134 	4256838.4
236.47295 	4257080.6
237.27455 	4257299.1
238.07615 	4257458.7
238.87776 	4257502.9
239.67936 	4257378.4
240.48096 	4257153.4
241.28257 	4256890.4
242.08417 	4256613.6
242.88577 	4256301.9
243.68737 	4256061.4
244.48898 	4255911.6
245.29058 	4255909.7
246.09218 	4256042.1
246.89379 	4256128.1
247.69539 	4256133.4
248.49699 	4256130.9
249.2986 	4256144.2
250.1002 	4256186.9
250.9018 	4256231.9
251.70341 	4256285.1
252.50501 	4256345
253.30661 	4256323.3
254.10822 	4256203.7
254.90982 	4256052.6
255.71142 	4255900
256.51303 	4255774.2
257.31463 	4255683.2
258.11623 	4255603.3
258.91784 	4255562.7
259.71944 	4255586.2
260.52104 	4255672.7
261.32265 	4255844.4
262.12425 	4256053.5
262.92585 	4256246.3
263.72745 	4256447.6
264.52906 	4256628.2
265.33066 	4256678.3
266.13226 	4256523.8
266.93387 	4255921.9
267.73547 	4254216.6
268.53707 	4250270.3
269.33868 	4241723
270.14028 	4225591.7
270.94188 	4202607.8
271.74349 	4177237.1
272.54509 	4151689.6
273.34669 	4126193.1
274.1483 	4100705.8
274.9499 	4075212.9
274.95 	4075209.7
275.7515 	4049713.8
276.55311 	4024209.8
277.35471 	3998701.7
278.95792 	3947668.2
279.75952 	3922137.9
280.56112 	3896596.1
281.36273 	3871043.4
282.16433 	3845481.8
282.96593 	3819914.5
283.76754 	3794344.3
284.56914 	3768773.3
285.37074 	3743203
286.17234 	3717633.9
286.97395 	3692065.9
288.57715 	3640929.3
289.37876 	3615359.4
290.18036 	3589788.2
290.98196 	3564216.7
291.78357 	3538646
292.58517 	3513077.1
293.38677 	3487511.4
294.18838 	3461949.7
294.98998 	3436392.8
295.79158 	3410841.4
296.59319 	3385296
297.39479 	3359756.9
298.19639 	3334224.5
298.998 	3308698.8
299.7996 	3283180
300.6012 	3257668.1
301.40281 	3232163.1
302.20441 	3206665.3
303.00601 	3181174.6
303.80762 	3155691.2
304.60922 	3130215.3
306.21242 	3079285.5
307.01403 	3053831.1
307.81563 	3028383.4
308.61723 	3002941.7
309.41884 	2977505.7
310.22044 	2952074.6
311.02204 	2926647.7
311.82365 	2901224.1
312.62525 	2875802.7
313.42685 	2850382.6
314.22846 	2824962.7
315.03006 	2799542
315.83166 	2774119.8
316.63327 	2748695.3
317.43487 	2723268.3
318.23647 	2697838.3
319.03808 	2672405.3
319.83968 	2646969.1
320.64128 	2621529.8
321.44289 	2596087.4
322.24449 	2570641.7
323.04609 	2545192.7
323.8477 	2519740.2
324.6493 	2494284
325.4509 	2468824.2
326.25251 	2443360.9
327.05411 	2417894.1
327.85571 	2392424.4
328.65731 	2366952.2
329.45892 	2341478.3
330.26052 	2316003.1
331.06212 	2290527.4
331.86373 	2265051.7
332.66533 	2239576.6
333.46693 	2214102.3
334.26854 	2188629.4
335.07014 	2163158.1
335.87174 	2137688.8
336.67335 	2112222.1
337.47495 	2086758.5
338.27655 	2061298.7
339.07816 	2035843.3
339.87976 	2010393
340.68136 	1984948.6
341.48297 	1959510.6
342.28457 	1934079.2
343.08617 	1908654.6
343.88778 	1883236.7
344.68938 	1857825.2
345.49098 	1832419.8
346.29259 	1807020.1
347.09419 	1781626
347.89579 	1756237.1
348.69739 	1730853.7
349.499 	1705475.6
350.3006 	1680103.2
351.1022 	1654736.6
351.90381 	1629375.8
352.70541 	1604020.7
353.50701 	1578671.2
354.30862 	1553326.9
355.11022 	1527987.3
355.91182 	1502651.7
356.71343 	1477319.2
357.51503 	1451988.9
358.31663 	1426659.8
359.11824 	1401330.8
359.91984 	1376000.6
360.72144 	1350668.1
361.52305 	1325332
362.32465 	1299991.1
363.12625 	1274644.1
363.92786 	1249289.7
364.72946 	1223926.8
365.53106 	1198554.2
366.33267 	1173170.9
367.13427 	1147775.9
367.93587 	1122368.3
368.73747 	1096947.4
369.53908 	1071512.8
370.34068 	1046063.8
371.14228 	1020600.3
371.94389 	995122.24
372.74549 	969629.61
373.54709 	944122.7
374.3487 	918601.92
375.1503 	893067.83
375.9519 	867521.15
376.75351 	841962.7
377.55511 	816393.46
379.15832 	765226.89
379.95992 	739631.93
381.56313 	688424.92
382.36473 	662815.45
383.16633 	637203.69
383.96794 	611590.88
384.76954 	585978.15
385.57114 	560366.55
386.37275 	534757.04
387.17435 	509150.42
387.97595 	483547.37
388.77756 	457948.41
389.57916 	432353.93
390.38076 	406764.17
391.18236 	381179.25
391.98397 	355599.16
392.78557 	330023.78
393.58717 	304452.91
394.38878 	278886.25
395.19038 	253323.43
395.99198 	227764.03
396.79359 	202207.56
397.59519 	176653.5
399.1984 	125550.33
400 	100622.32
