0 	8101863.5
6.4128257 	7999056
34.468938 	7444621.2
37.675351 	7364984
40.881764 	7292712.3
50.501002 	7270649.5
53.707415 	7247653.4
62.52505 	7022252.8
65.731463 	6939361
68.937876 	6856421.1
69.739479 	6835680.7
96.993988 	6223480.6
103.40681 	6107561.2
106.61323 	6044785.1
116.23246 	5938650.7
123.44689 	5804800.4
125.05 	5772585
125.8517 	5755068.2
128.25651 	5692245.3
131.46293 	5589007.6
151.50301 	5092200
153.90782 	5056590.6
156.31263 	5047954
159.51904 	5046827.8
166.73347 	5045186.6
169.13828 	5044273.3
175.5511 	5040818
176.35271 	5040243.4
187.57515 	5036234.4
190.78156 	5035643.7
200.4008 	5035486.1
201.2024 	5035465.4
202.00401 	5035505.5
202.80561 	5035578.6
203.60721 	5035699.6
204.40882 	5035663.1
205.21042 	5035514.5
206.01202 	5035419.7
206.81363 	5035580.9
207.61523 	5035899
208.41683 	5036188.4
209.21844 	5036501.5
210.02004 	5036865.3
210.82164 	5037284.6
211.62325 	5037491.2
212.42485 	5037457.4
213.22645 	5037562.5
214.02806 	5037887.6
214.82966 	5038637.4
215.63126 	5040318
216.43287 	5041813.9
217.23447 	5042465.8
218.03607 	5042769.4
219.63928 	5043047.2
220.44088 	5043122.3
221.24248 	5043178.3
222.04409 	5043208.6
222.84569 	5043205.5
223.64729 	5043123.5
224.4489 	5043002.9
225.2505 	5042818.7
226.0521 	5042683.4
227.65531 	5042389.5
228.45691 	5042203
229.25852 	5041820
230.86172 	5038829.8
231.66333 	5034669
232.46493 	5025944.4
234.06814 	4987924.3
234.86974 	4964153.5
235.67134 	4940397.8
236.47295 	4916716.5
237.27455 	4893048.3
238.07615 	4869375.1
238.87776 	4845693.4
239.67936 	4822002.4
240.48096 	4798302.5
241.28257 	4774594.5
242.08417 	4750879.7
242.88577 	4727159.1
243.68737 	4703433.6
244.48898 	4679704
245.29058 	4655971.5
246.09218 	4632237.5
246.89379 	4608503.4
247.69539 	4584770.2
248.49699 	4561038.5
249.2986 	4537308.6
250.1002 	4513580.6
250.9018 	4489854.5
251.70341 	4466130.5
252.50501 	4442408.7
253.30661 	4418689
254.10822 	4394971.2
254.90982 	4371255
255.71142 	4347540.1
256.51303 	4323825.8
257.31463 	4300111.8
258.11623 	4276397.6
258.91784 	4252683
259.71944 	4228967.8
260.52104 	4205251.7
261.32265 	4181535
262.12425 	4157817.7
262.92585 	4134100.2
263.72745 	4110382.7
264.52906 	4086665.6
265.33066 	4062949.1
266.13226 	4039233.6
266.93387 	4015519.3
267.73547 	3991806.4
268.53707 	3968095
269.33868 	3944385.3
270.14028 	3920677.3
270.94188 	3896971.2
271.74349 	3873267.1
272.54509 	3849565.2
273.34669 	3825865.7
274.1483 	3802168.7
274.9499 	3778474.8
274.95 	3778471.8
275.7515 	3754784.2
276.55311 	3731097.3
277.35471 	3707414.5
278.95792 	3660062.1
279.75952 	3636392.7
280.56112 	3612728
281.36273 	3589067.9
282.16433 	3565412.4
282.96593 	3541761.8
283.76754 	3518116.2
284.56914 	3494476
285.37074 	3470841.5
286.17234 	3447213
286.97395 	3423590.6
288.57715 	3376364
289.37876 	3352759.3
290.18036 	3329159.7
290.98196 	3305564.8
291.78357 	3281974.3
292.58517 	3258387.6
293.38677 	3234804.6
294.18838 	3211224.9
294.98998 	3187648.5
295.79158 	3164075
296.59319 	3140504.3
297.39479 	3116936.1
298.19639 	3093370.2
298.998 	3069806.3
299.7996 	3046244.2
300.6012 	3022683.6
301.40281 	2999124.4
302.20441 	2975566.3
303.00601 	2952009.4
303.80762 	2928453.5
304.60922 	2904898.7
306.21242 	2857792.7
307.01403 	2834241.5
307.81563 	2810691.8
308.61723 	2787143.4
309.41884 	2763596.5
310.22044 	2740051
311.02204 	2716507.1
311.82365 	2692964.6
312.62525 	2669423.7
313.42685 	2645884.1
314.22846 	2622345.8
315.03006 	2598808.6
315.83166 	2575272.3
316.63327 	2551736.7
317.43487 	2528201.4
318.23647 	2504666.1
319.03808 	2481130.4
319.83968 	2457594
320.64128 	2434056.2
321.44289 	2410516.9
322.24449 	2386975.6
323.04609 	2363432
323.8477 	2339885.7
324.6493 	2316336.5
325.4509 	2292784.1
326.25251 	2269228.4
327.05411 	2245669.1
327.85571 	2222106
328.65731 	2198539.2
329.45892 	2174968.5
330.26052 	2151393.7
331.06212 	2127814.9
331.86373 	2104232
332.66533 	2080644.9
333.46693 	2057053.5
334.26854 	2033458
335.07014 	2009858.1
335.87174 	1986254.1
336.67335 	1962645.8
337.47495 	1939033.4
338.27655 	1915417
339.07816 	1891796.6
339.87976 	1868172.4
340.68136 	1844544.6
341.48297 	1820913.4
342.28457 	1797278.9
343.08617 	1773641.3
343.88778 	1750000.8
344.68938 	1726357.7
345.49098 	1702712.1
346.29259 	1679064.2
347.09419 	1655414.3
347.89579 	1631762.5
348.69739 	1608109.2
349.499 	1584454.6
350.3006 	1560798.9
351.1022 	1537142.5
351.90381 	1513485.6
352.70541 	1489828.6
353.50701 	1466171.8
354.30862 	1442515.4
355.11022 	1418859.7
355.91182 	1395205.1
356.71343 	1371551.8
357.51503 	1347900.1
358.31663 	1324250.2
359.11824 	1300602.5
359.91984 	1276957.1
360.72144 	1253314.4
361.52305 	1229674.5
362.32465 	1206037.6
363.12625 	1182404
363.92786 	1158773.8
364.72946 	1135147.2
365.53106 	1111524.2
366.33267 	1087905.1
367.13427 	1064290
367.93587 	1040678.9
368.73747 	1017072.1
369.53908 	993469.5
370.34068 	969871.39
371.14228 	946277.83
371.94389 	922688.94
372.74549 	899104.85
373.54709 	875525.68
374.3487 	851951.53
375.1503 	828382.5
375.9519 	804818.69
376.75351 	781260.16
377.55511 	757706.97
379.15832 	710616.73
379.95992 	687079.68
381.56313 	640021.6
382.36473 	616500.44
383.16633 	592984.42
383.96794 	569473.41
384.76954 	545967.3
385.57114 	522465.93
386.37275 	498969.12
387.17435 	475476.69
387.97595 	451988.44
388.77756 	428504.15
389.57916 	405023.6
390.38076 	381546.55
391.18236 	358072.75
391.98397 	334601.93
392.78557 	311133.86
393.58717 	287668.25
394.38878 	264204.85
395.19038 	240743.38
395.99198 	217283.58
396.79359 	193825.17
397.59519 	170367.88
399.1984 	123455.57
400 	100571.29
