0 	9280925.2
6.4128257 	9136693.4
34.468938 	8603105.1
37.675351 	8534866
40.881764 	8465367.3
50.501002 	8225644.7
53.707415 	8161986.9
62.52505 	7961396.9
65.731463 	7887293.8
68.937876 	7853800.7
69.739479 	7852740.6
96.993988 	7766586.3
103.40681 	7605778
106.61323 	7525412.3
116.23246 	7282679.4
123.44689 	7099211.7
125.05 	7058419
125.8517 	7038024.8
128.25651 	6976884.1
131.46293 	6895458.6
151.50301 	6388059.5
153.90782 	6327224.9
156.31263 	6266390.1
159.51904 	6185274.5
166.73347 	6002747.9
169.13828 	5941899.8
175.5511 	5779616.4
176.35271 	5759327.7
187.57515 	5475163.2
190.78156 	5393931.1
200.4008 	5150158.6
201.2024 	5129840.1
202.00401 	5109521.1
202.80561 	5089201.7
203.60721 	5068881.9
204.40882 	5048561.8
205.21042 	5028241.4
206.01202 	5007920.8
206.81363 	4987599.9
207.61523 	4967278.9
208.41683 	4946957.8
209.21844 	4926636.6
210.02004 	4906315.4
210.82164 	4885994.2
211.62325 	4865673
212.42485 	4845351.8
213.22645 	4825030.7
214.02806 	4804709.8
214.82966 	4784389
215.63126 	4764068.4
216.43287 	4743748
217.23447 	4723427.9
218.03607 	4703108
219.63928 	4662469.2
220.44088 	4642150.3
221.24248 	4621831.8
222.04409 	4601513.7
222.84569 	4581196.1
223.64729 	4560878.9
224.4489 	4540562.2
225.2505 	4520246
226.0521 	4499930.3
227.65531 	4459300.9
228.45691 	4438987.2
229.25852 	4418674.2
230.86172 	4378050.7
231.66333 	4357740.3
232.46493 	4337430.8
234.06814 	4296815.1
234.86974 	4276508.9
235.67134 	4256203.9
236.47295 	4235900.2
237.27455 	4215597.9
238.07615 	4195297
238.87776 	4174997.5
239.67936 	4154699.5
240.48096 	4134403.1
241.28257 	4114108.3
242.08417 	4093815.1
242.88577 	4073523.5
243.68737 	4053233.6
244.48898 	4032945.4
245.29058 	4012658.8
246.09218 	3992373.9
246.89379 	3972090.7
247.69539 	3951809.1
248.49699 	3931529.1
249.2986 	3911250.7
250.1002 	3890973.7
250.9018 	3870698.3
251.70341 	3850424.2
252.50501 	3830151.5
253.30661 	3809880
254.10822 	3789609.7
254.90982 	3769340.6
255.71142 	3749072.4
256.51303 	3728805.1
257.31463 	3708538.6
258.11623 	3688272.9
258.91784 	3668007.8
259.71944 	3647743.2
260.52104 	3627479
261.32265 	3607215.2
262.12425 	3586951.6
262.92585 	3566688.1
263.72745 	3546424.7
264.52906 	3526161.2
265.33066 	3505897.7
266.13226 	3485633.9
266.93387 	3465369.9
267.73547 	3445105.6
268.53707 	3424841
269.33868 	3404575.9
270.14028 	3384310.4
270.94188 	3364044.5
271.74349 	3343778
272.54509 	3323511.1
273.34669 	3303243.6
274.1483 	3282975.6
274.9499 	3262707
274.95 	3262704.5
275.7515 	3242438
276.55311 	3222168.4
277.35471 	3201898.4
278.95792 	3161356.9
279.75952 	3141085.5
280.56112 	3120813.7
281.36273 	3100541.6
282.16433 	3080269.1
282.96593 	3059996.3
283.76754 	3039723.2
284.56914 	3019449.9
285.37074 	2999176.4
286.17234 	2978902.7
286.97395 	2958628.9
288.57715 	2918081.1
289.37876 	2897807.2
290.18036 	2877533.3
290.98196 	2857259.5
291.78357 	2836985.8
292.58517 	2816712.2
293.38677 	2796438.8
294.18838 	2776165.6
294.98998 	2755892.6
295.79158 	2735619.9
296.59319 	2715347.4
297.39479 	2695075.2
298.19639 	2674803.2
298.998 	2654531.6
299.7996 	2634260.3
300.6012 	2613989.2
301.40281 	2593718.4
302.20441 	2573448
303.00601 	2553177.7
303.80762 	2532907.7
304.60922 	2512638
306.21242 	2472099.1
307.01403 	2451829.9
307.81563 	2431560.9
308.61723 	2411292
309.41884 	2391023.1
310.22044 	2370754.4
311.02204 	2350485.6
311.82365 	2330216.8
312.62525 	2309948.1
313.42685 	2289679.2
314.22846 	2269410.3
315.03006 	2249141.2
315.83166 	2228872.1
316.63327 	2208602.7
317.43487 	2188333.2
318.23647 	2168063.4
319.03808 	2147793.4
319.83968 	2127523.1
320.64128 	2107252.6
321.44289 	2086981.8
322.24449 	2066710.6
323.04609 	2046439.2
323.8477 	2026167.4
324.6493 	2005895.2
325.4509 	1985622.8
326.25251 	1965350
327.05411 	1945076.8
327.85571 	1924803.3
328.65731 	1904529.5
329.45892 	1884255.3
330.26052 	1863980.8
331.06212 	1843706.1
331.86373 	1823431
332.66533 	1803155.7
333.46693 	1782880.1
334.26854 	1762604.3
335.07014 	1742328.3
335.87174 	1722052.1
336.67335 	1701775.8
337.47495 	1681499.4
338.27655 	1661222.8
339.07816 	1640946.2
339.87976 	1620669.6
340.68136 	1600393
341.48297 	1580116.5
342.28457 	1559840
343.08617 	1539563.6
343.88778 	1519287.3
344.68938 	1499011.2
345.49098 	1478735.4
346.29259 	1458459.7
347.09419 	1438184.3
347.89579 	1417909.2
348.69739 	1397634.4
349.499 	1377359.9
350.3006 	1357085.8
351.1022 	1336812
351.90381 	1316538.7
352.70541 	1296265.7
353.50701 	1275993.2
354.30862 	1255721.1
355.11022 	1235449.4
355.91182 	1215178.1
356.71343 	1194907.2
357.51503 	1174636.8
358.31663 	1154366.7
359.11824 	1134097.1
359.91984 	1113827.8
360.72144 	1093558.9
361.52305 	1073290.3
362.32465 	1053022
363.12625 	1032754
363.92786 	1012486.2
364.72946 	992218.64
365.53106 	971951.19
366.33267 	951683.85
367.13427 	931416.57
367.93587 	911149.29
368.73747 	890881.97
369.53908 	870614.54
370.34068 	850346.96
371.14228 	830079.17
371.94389 	809811.11
372.74549 	789542.71
373.54709 	769273.94
374.3487 	749004.72
375.1503 	728735.01
375.9519 	708464.74
376.75351 	688193.87
377.55511 	667922.35
379.15832 	627377.17
379.95992 	607103.43
381.56313 	566553.47
382.36473 	546277.2
383.16633 	526000.03
383.96794 	505721.97
384.76954 	485442.98
385.57114 	465163.08
386.37275 	444882.27
387.17435 	424600.55
387.97595 	404317.94
388.77756 	384034.47
389.57916 	363750.15
390.38076 	343465.03
391.18236 	323179.14
391.98397 	302892.53
392.78557 	282605.25
393.58717 	262317.35
394.38878 	242028.9
395.19038 	221739.95
395.99198 	201450.58
396.79359 	181160.86
397.59519 	160870.87
399.1984 	120290.36
400 	100494.2
