0 	9282976.6
6.4128257 	9177589
34.468938 	8631741.7
37.675351 	8556985
40.881764 	8489256.3
50.501002 	8272071.6
53.707415 	8203255.9
62.52505 	7973907.5
65.731463 	7935042.5
68.937876 	7932794.7
69.739479 	7932617.5
96.993988 	7760971.8
103.40681 	7598460.9
106.61323 	7517187
116.23246 	7273418.8
123.44689 	7090707.2
125.05 	7050121.6
125.8517 	7029827.2
128.25651 	6968961
131.46293 	6887830.1
151.50301 	6381388
153.90782 	6320684.5
156.31263 	6259995.5
159.51904 	6179099.7
166.73347 	5997193.4
169.13828 	5936591.2
175.5511 	5775019.2
176.35271 	5754821.1
187.57515 	5471798.2
190.78156 	5390816.7
200.4008 	5147592.4
201.2024 	5127309.6
202.00401 	5107025.2
202.80561 	5086739.3
203.60721 	5066452
204.40882 	5046163.6
205.21042 	5025874
206.01202 	5005583.4
206.81363 	4985291.9
207.61523 	4964999.5
208.41683 	4944706.5
209.21844 	4924412.9
210.02004 	4904118.9
210.82164 	4883824.4
211.62325 	4863529.7
212.42485 	4843234.8
213.22645 	4822939.9
214.02806 	4802645
214.82966 	4782350.2
215.63126 	4762055.6
216.43287 	4741761.3
217.23447 	4721467.4
218.03607 	4701173.9
219.63928 	4660588.6
220.44088 	4640296.8
221.24248 	4620005.7
222.04409 	4599715.4
222.84569 	4579425.8
223.64729 	4559137
224.4489 	4538849.1
225.2505 	4518562
226.0521 	4498275.8
227.65531 	4457705.9
228.45691 	4437422.3
229.25852 	4417139.6
230.86172 	4376576.7
231.66333 	4356296.4
232.46493 	4336017
234.06814 	4295460.5
234.86974 	4275183.3
235.67134 	4254906.8
236.47295 	4234630.9
237.27455 	4214355.6
238.07615 	4194080.9
238.87776 	4173806.7
239.67936 	4153533
240.48096 	4133259.8
241.28257 	4112987
242.08417 	4092714.5
242.88577 	4072442.4
243.68737 	4052170.5
244.48898 	4031898.8
245.29058 	4011627.3
246.09218 	3991355.9
246.89379 	3971084.5
247.69539 	3950813.2
248.49699 	3930541.7
249.2986 	3910270.2
250.1002 	3889998.4
250.9018 	3869726.3
251.70341 	3849453.8
252.50501 	3829180.9
253.30661 	3808907.5
254.10822 	3788633.5
254.90982 	3768358.9
255.71142 	3748083.4
256.51303 	3727807.2
257.31463 	3707530.1
258.11623 	3687252.1
258.91784 	3666973.2
259.71944 	3646693.2
260.52104 	3626412.2
261.32265 	3606130.2
262.12425 	3585847.2
262.92585 	3565563.2
263.72745 	3545278.1
264.52906 	3524992.1
265.33066 	3504705.3
266.13226 	3484417.6
266.93387 	3464129.2
267.73547 	3443840.1
268.53707 	3423550.5
269.33868 	3403260.5
270.14028 	3382970.1
270.94188 	3362679.5
271.74349 	3342388.9
272.54509 	3322098.2
273.34669 	3301807.8
274.1483 	3281517.7
274.9499 	3261227.9
274.95 	3261225.4
275.7515 	3240938.7
276.55311 	3220650.2
277.35471 	3200362.4
278.95792 	3159789.4
279.75952 	3139504.4
280.56112 	3119220.5
281.36273 	3098937.8
282.16433 	3078656.2
282.96593 	3058375.9
283.76754 	3038096.8
284.56914 	3017819
285.37074 	2997542.5
286.17234 	2977267.4
286.97395 	2956993.5
288.57715 	2916449.7
289.37876 	2896179.8
290.18036 	2875911.1
290.98196 	2855643.6
291.78357 	2835377.5
292.58517 	2815112.5
293.38677 	2794848.7
294.18838 	2774586.1
294.98998 	2754324.6
295.79158 	2734064.3
296.59319 	2713805.1
297.39479 	2693547
298.19639 	2673289.9
298.998 	2653033.9
299.7996 	2632778.9
300.6012 	2612524.9
301.40281 	2592271.9
302.20441 	2572019.8
303.00601 	2551768.7
303.80762 	2531518.5
304.60922 	2511269.1
306.21242 	2470772.9
307.01403 	2450526.1
307.81563 	2430279.9
308.61723 	2410034.5
309.41884 	2389789.8
310.22044 	2369545.8
311.02204 	2349302.4
311.82365 	2329059.5
312.62525 	2308817.3
313.42685 	2288575.5
314.22846 	2268334.2
315.03006 	2248093.4
315.83166 	2227853
316.63327 	2207613
317.43487 	2187373.3
318.23647 	2167133.9
319.03808 	2146894.8
319.83968 	2126656
320.64128 	2106417.3
321.44289 	2086178.9
322.24449 	2065940.6
323.04609 	2045702.4
323.8477 	2025464.2
324.6493 	2005226.2
325.4509 	1984988.1
326.25251 	1964750.1
327.05411 	1944512
327.85571 	1924273.8
328.65731 	1904035.5
329.45892 	1883797
330.26052 	1863558.4
331.06212 	1843319.5
331.86373 	1823080.3
332.66533 	1802840.8
333.46693 	1782600.9
334.26854 	1762360.6
335.07014 	1742119.8
335.87174 	1721878.4
336.67335 	1701636.4
337.47495 	1681393.8
338.27655 	1661150.4
339.07816 	1640906.1
339.87976 	1620661
340.68136 	1600414.9
341.48297 	1580167.7
342.28457 	1559919.4
343.08617 	1539669.9
343.88778 	1519419.1
344.68938 	1499167
345.49098 	1478913.5
346.29259 	1458658.5
347.09419 	1438402
347.89579 	1418144
348.69739 	1397884.3
349.499 	1377623
350.3006 	1357360.1
351.1022 	1337095.5
351.90381 	1316829.3
352.70541 	1296561.5
353.50701 	1276292
354.30862 	1256020.9
355.11022 	1235748.4
355.91182 	1215474.3
356.71343 	1195198.8
357.51503 	1174921.9
358.31663 	1154643.8
359.11824 	1134364.4
359.91984 	1114084
360.72144 	1093802.5
361.52305 	1073520
362.32465 	1053236.8
363.12625 	1032952.7
363.92786 	1012668
364.72946 	992382.73
365.53106 	972096.97
366.33267 	951810.83
367.13427 	931524.38
367.93587 	911237.7
368.73747 	890950.87
369.53908 	870663.96
370.34068 	850377.05
371.14228 	830090.2
371.94389 	809803.46
372.74549 	789516.89
373.54709 	769230.55
374.3487 	748944.46
375.1503 	728658.68
375.9519 	708373.24
376.75351 	688088.17
377.55511 	667803.5
379.15832 	627235.43
379.95992 	606952.07
381.56313 	566386.74
382.36473 	546104.79
383.16633 	525823.31
383.96794 	505542.31
384.76954 	485261.78
385.57114 	464981.71
386.37275 	444702.1
387.17435 	424422.92
387.97595 	404144.17
388.77756 	383865.84
389.57916 	363587.89
390.38076 	343310.32
391.18236 	323033.1
391.98397 	302756.21
392.78557 	282479.63
393.58717 	262203.33
394.38878 	241927.29
395.19038 	221651.48
395.99198 	201375.88
396.79359 	181100.46
397.59519 	160825.19
399.1984 	120274.99
400 	100493.82
