0 	9124956.6
6.4128257 	9028548.2
34.468938 	8460393.8
37.675351 	8387344.3
40.881764 	8312438.4
50.501002 	8149752.2
53.707415 	8101727.7
62.52505 	7911943.6
65.731463 	7830830.8
68.937876 	7749874.7
69.739479 	7730611
96.993988 	7507161.5
103.40681 	7505614.2
106.61323 	7504918.6
116.23246 	7359857.7
123.44689 	7175033.5
125.05 	7133978.9
125.8517 	7113444.7
128.25651 	7051822.9
131.46293 	6969644.4
151.50301 	6456980.7
153.90782 	6395503.1
156.31263 	6334019.3
159.51904 	6252022.2
166.73347 	6067405.9
169.13828 	6005826.7
175.5511 	5841541.4
176.35271 	5821000.3
187.57515 	5533409.8
190.78156 	5451273.8
200.4008 	5205066.9
201.2024 	5184560.4
202.00401 	5164054.5
202.80561 	5143548.9
203.60721 	5123043.4
204.40882 	5102537.6
205.21042 	5082031.2
206.01202 	5061524.1
206.81363 	5041015.8
207.61523 	5020506.4
208.41683 	4999995.5
209.21844 	4979483
210.02004 	4958968.8
210.82164 	4938452.9
211.62325 	4917935.1
212.42485 	4897415.6
213.22645 	4876894.1
214.02806 	4856370.9
214.82966 	4835845.8
215.63126 	4815319
216.43287 	4794790.4
217.23447 	4774260.2
218.03607 	4753728.4
219.63928 	4712660.2
220.44088 	4692124.1
221.24248 	4671586.8
222.04409 	4651048.4
222.84569 	4630509.1
223.64729 	4609969
224.4489 	4589428.3
225.2505 	4568887.3
226.0521 	4548346
227.65531 	4507263.7
228.45691 	4486723
229.25852 	4466183
230.86172 	4425105.4
231.66333 	4404568.3
232.46493 	4384032.6
234.06814 	4342965.8
234.86974 	4322435.1
235.67134 	4301906.4
236.47295 	4281379.9
237.27455 	4260855.6
238.07615 	4240333.6
238.87776 	4219814
239.67936 	4199297
240.48096 	4178782.6
241.28257 	4158270.8
242.08417 	4137761.6
242.88577 	4117255
243.68737 	4096751.2
244.48898 	4076249.9
245.29058 	4055751.2
246.09218 	4035255.1
246.89379 	4014761.4
247.69539 	3994270.1
248.49699 	3973781.1
249.2986 	3953294.3
250.1002 	3932809.7
250.9018 	3912327
251.70341 	3891846.2
252.50501 	3871367.3
253.30661 	3850890
254.10822 	3830414.2
254.90982 	3809940
255.71142 	3789467.1
256.51303 	3768995.5
257.31463 	3748525.1
258.11623 	3728055.8
258.91784 	3707587.5
259.71944 	3687120.2
260.52104 	3666653.8
261.32265 	3646188.3
262.12425 	3625723.5
262.92585 	3605259.5
263.72745 	3584796.3
264.52906 	3564333.7
265.33066 	3543871.7
266.13226 	3523410.4
266.93387 	3502949.6
267.73547 	3482489.4
268.53707 	3462029.6
269.33868 	3441570.3
270.14028 	3421111.4
270.94188 	3400652.7
271.74349 	3380194.3
272.54509 	3359736
273.34669 	3339277.8
274.1483 	3318819.5
274.9499 	3298361.1
274.95 	3298358.5
275.7515 	3277902.3
276.55311 	3257443.2
277.35471 	3236983.5
278.95792 	3196062.1
279.75952 	3175600
280.56112 	3155136.9
281.36273 	3134672.6
282.16433 	3114207
282.96593 	3093740.1
283.76754 	3073271.6
284.56914 	3052801.6
285.37074 	3032329.9
286.17234 	3011856.5
286.97395 	2991381.4
288.57715 	2950425.9
289.37876 	2929945.4
290.18036 	2909463.2
290.98196 	2888979.1
291.78357 	2868493.4
292.58517 	2848006
293.38677 	2827516.9
294.18838 	2807026.2
294.98998 	2786534
295.79158 	2766040.4
296.59319 	2745545.4
297.39479 	2725049.1
298.19639 	2704551.6
298.998 	2684052.9
299.7996 	2663553.2
300.6012 	2643052.5
301.40281 	2622551
302.20441 	2602048.7
303.00601 	2581545.6
303.80762 	2561042
304.60922 	2540537.8
306.21242 	2499528.3
307.01403 	2479023
307.81563 	2458517.6
308.61723 	2438012
309.41884 	2417506.4
310.22044 	2397000.9
311.02204 	2376495.4
311.82365 	2355990
312.62525 	2335484.9
313.42685 	2314980
314.22846 	2294475.4
315.03006 	2273971.2
315.83166 	2253467.4
316.63327 	2232964
317.43487 	2212461.1
318.23647 	2191958.7
319.03808 	2171456.7
319.83968 	2150955.3
320.64128 	2130454.4
321.44289 	2109954
322.24449 	2089454.1
323.04609 	2068954.7
323.8477 	2048455.7
324.6493 	2027957.3
325.4509 	2007459.2
326.25251 	1986961.5
327.05411 	1966464.1
327.85571 	1945967.1
328.65731 	1925470.3
329.45892 	1904973.7
330.26052 	1884477.2
331.06212 	1863980.8
331.86373 	1843484.4
332.66533 	1822988
333.46693 	1802491.5
334.26854 	1781994.9
335.07014 	1761498
335.87174 	1741000.9
336.67335 	1720503.4
337.47495 	1700005.6
338.27655 	1679507.3
339.07816 	1659008.5
339.87976 	1638509.2
340.68136 	1618009.4
341.48297 	1597508.9
342.28457 	1577007.8
343.08617 	1556506
343.88778 	1536003.5
344.68938 	1515500.2
345.49098 	1494996.3
346.29259 	1474491.5
347.09419 	1453986
347.89579 	1433479.7
348.69739 	1412972.7
349.499 	1392464.8
350.3006 	1371956.2
351.1022 	1351446.7
351.90381 	1330936.5
352.70541 	1310425.6
353.50701 	1289913.9
354.30862 	1269401.5
355.11022 	1248888.4
355.91182 	1228374.7
356.71343 	1207860.3
357.51503 	1187345.3
358.31663 	1166829.8
359.11824 	1146313.7
359.91984 	1125797.2
360.72144 	1105280.1
361.52305 	1084762.7
362.32465 	1064244.9
363.12625 	1043726.8
363.92786 	1023208.4
364.72946 	1002689.8
365.53106 	982170.93
366.33267 	961651.95
367.13427 	941132.86
367.93587 	920613.7
368.73747 	900094.51
369.53908 	879575.33
370.34068 	859056.19
371.14228 	838537.12
371.94389 	818018.15
372.74549 	797499.31
373.54709 	776980.63
374.3487 	756462.13
375.1503 	735943.82
375.9519 	715425.73
376.75351 	694907.88
377.55511 	674390.27
379.15832 	633355.83
379.95992 	612839.02
381.56313 	571806.25
382.36473 	551290.29
383.16633 	530774.62
383.96794 	510259.23
384.76954 	489744.13
385.57114 	469229.31
386.37275 	448714.76
387.17435 	428200.48
387.97595 	407686.47
388.77756 	387172.71
389.57916 	366659.2
390.38076 	346145.92
391.18236 	325632.86
391.98397 	305120.02
392.78557 	284607.37
393.58717 	264094.9
394.38878 	243582.61
395.19038 	223070.47
395.99198 	202558.48
396.79359 	182046.6
397.59519 	161534.83
399.1984 	120511.55
400 	100499.59
