0 	7647646.1
6.4128257 	7517881.1
34.468938 	7000447.1
37.675351 	6927318
40.881764 	6850565.5
50.501002 	6746894.3
53.707415 	6747271.2
62.52505 	6630392.3
65.731463 	6551821.4
68.937876 	6481251.3
69.739479 	6461231.7
96.993988 	6031875.1
103.40681 	5922159.6
106.61323 	5837531.7
116.23246 	5589335.9
123.44689 	5400125.3
125.05 	5363115.6
125.8517 	5342848.3
128.25651 	5282169.1
131.46293 	5210822.4
151.50301 	4848469.3
153.90782 	4800074.8
156.31263 	4741520.3
159.51904 	4660572.3
166.73347 	4484401.4
169.13828 	4426959.7
175.5511 	4251687.4
176.35271 	4230739.7
187.57515 	4068591.8
190.78156 	4067974.5
200.4008 	4069722.4
201.2024 	4069781.8
202.00401 	4069833.6
202.80561 	4069862.3
203.60721 	4069902
204.40882 	4069934.9
205.21042 	4069921
206.01202 	4069855.8
206.81363 	4069723.1
207.61523 	4069535.7
208.41683 	4069362.4
209.21844 	4069243.5
210.02004 	4069177
210.82164 	4069176.4
211.62325 	4069159.2
212.42485 	4069102.3
213.22645 	4069090
214.02806 	4069317.4
214.82966 	4070147.3
215.63126 	4071153.6
216.43287 	4071623.3
217.23447 	4071642.5
218.03607 	4071546.6
219.63928 	4071442.7
220.44088 	4071415.5
221.24248 	4071345.9
222.04409 	4071290.5
222.84569 	4071272.1
223.64729 	4071173.7
224.4489 	4071001.1
225.2505 	4070873.5
226.0521 	4070862.7
227.65531 	4071065.1
228.45691 	4071064.1
229.25852 	4070991.1
230.86172 	4070717.4
231.66333 	4070580.4
232.46493 	4070515.5
234.06814 	4070365.9
234.86974 	4070207.6
235.67134 	4069942.1
236.47295 	4069602.9
237.27455 	4069269.8
238.07615 	4068961.1
238.87776 	4068667.1
239.67936 	4068358.5
240.48096 	4068097.4
241.28257 	4067869.8
242.08417 	4067651.8
242.88577 	4067466.2
243.68737 	4067285.3
244.48898 	4067105.3
245.29058 	4066952.3
246.09218 	4066800.7
246.89379 	4066645.9
247.69539 	4066486.7
248.49699 	4066321.5
249.2986 	4066159.8
250.1002 	4065949
250.9018 	4065703.7
251.70341 	4065483.1
252.50501 	4065304.2
253.30661 	4065129.9
254.10822 	4064935.8
254.90982 	4064708
255.71142 	4064480.1
256.51303 	4064283.8
257.31463 	4064116.8
258.11623 	4063978.1
258.91784 	4063836.3
259.71944 	4063685.2
260.52104 	4063541.3
261.32265 	4063409.5
262.12425 	4063277
262.92585 	4063145.3
263.72745 	4063015
264.52906 	4062877.4
265.33066 	4062773.9
266.13226 	4062707
266.93387 	4062690.3
267.73547 	4062783.4
268.53707 	4062982.7
269.33868 	4063255.8
270.14028 	4063587.3
270.94188 	4063908.9
271.74349 	4064143
272.54509 	4064263
273.34669 	4064156
274.1483 	4063746
274.9499 	4063061.2
274.95 	4063061.1
275.7515 	4061949.6
276.55311 	4060220.9
277.35471 	4057397.7
278.95792 	4042537.7
279.75952 	4025207.7
280.56112 	4001384.1
281.36273 	3975446.3
282.16433 	3949432.9
282.96593 	3923521.2
283.76754 	3897659.3
284.56914 	3871825.4
285.37074 	3846012.7
286.17234 	3820217.1
286.97395 	3794434.4
288.57715 	3742887.4
289.37876 	3717110.5
290.18036 	3691322
290.98196 	3665514.5
291.78357 	3639681.7
292.58517 	3613818.2
293.38677 	3587920.2
294.18838 	3561985.1
294.98998 	3536011
295.79158 	3509995.9
296.59319 	3483937.8
297.39479 	3457834.4
298.19639 	3431684
298.998 	3405485.8
299.7996 	3379240
300.6012 	3352948.4
301.40281 	3326613.5
302.20441 	3300239.1
303.00601 	3273829.7
303.80762 	3247390.6
304.60922 	3220927.4
306.21242 	3167951.9
307.01403 	3141450.5
307.81563 	3114946.7
308.61723 	3088444.3
309.41884 	3061947
310.22044 	3035457.9
311.02204 	3008979.5
311.82365 	2982513.7
312.62525 	2956061.9
313.42685 	2929625
314.22846 	2903203.4
315.03006 	2876797.1
315.83166 	2850406
316.63327 	2824029.7
317.43487 	2797667.8
318.23647 	2771319.7
319.03808 	2744984.8
319.83968 	2718662.3
320.64128 	2692351.4
321.44289 	2666051.2
322.24449 	2639760.7
323.04609 	2613479.2
323.8477 	2587205.7
324.6493 	2560939.4
325.4509 	2534679.6
326.25251 	2508425.7
327.05411 	2482177.1
327.85571 	2455933.1
328.65731 	2429693.5
329.45892 	2403457.7
330.26052 	2377225.3
331.06212 	2350996.2
331.86373 	2324770
332.66533 	2298546.5
333.46693 	2272325.5
334.26854 	2246106.8
335.07014 	2219890.1
335.87174 	2193675.5
336.67335 	2167462.8
337.47495 	2141252
338.27655 	2115043
339.07816 	2088835.8
339.87976 	2062630.4
340.68136 	2036426.9
341.48297 	2010225.3
342.28457 	1984025.8
343.08617 	1957828.6
343.88778 	1931633.8
344.68938 	1905441.7
345.49098 	1879252.5
346.29259 	1853066.2
347.09419 	1826883
347.89579 	1800702.8
348.69739 	1774525.4
349.499 	1748350.6
350.3006 	1722178.3
351.1022 	1696008.2
351.90381 	1669840.2
352.70541 	1643674
353.50701 	1617509.6
354.30862 	1591346.9
355.11022 	1565186
355.91182 	1539026.9
356.71343 	1512869.7
357.51503 	1486714.2
358.31663 	1460560.6
359.11824 	1434408.6
359.91984 	1408258.2
360.72144 	1382109
361.52305 	1355960.9
362.32465 	1329813.6
363.12625 	1303666.6
363.92786 	1277519.8
364.72946 	1251372.8
365.53106 	1225225.4
366.33267 	1199077.4
367.13427 	1172928.5
367.93587 	1146778.7
368.73747 	1120628
369.53908 	1094476.1
370.34068 	1068323.3
371.14228 	1042169.3
371.94389 	1016014.4
372.74549 	989858.48
373.54709 	963701.57
374.3487 	937543.71
375.1503 	911384.91
375.9519 	885225.19
376.75351 	859064.56
377.55511 	832903.03
379.15832 	780577.3
379.95992 	754413.12
381.56313 	702082.15
382.36473 	675915.33
383.16633 	649747.6
383.96794 	623578.93
384.76954 	597409.27
385.57114 	571238.57
386.37275 	545066.78
387.17435 	518893.84
387.97595 	492719.71
388.77756 	466544.36
389.57916 	440367.78
390.38076 	414189.99
391.18236 	388011.05
391.98397 	361831.04
392.78557 	335650.06
393.58717 	309468.25
394.38878 	283285.76
395.19038 	257102.74
395.99198 	230919.33
396.79359 	204735.66
397.59519 	178551.82
399.1984 	126183.96
400 	100637.75
