0 	3836471.3
0.35183948 	3828845.6
0.70367896 	3820831.6
1.0555184 	3812812.1
1.4073579 	3804825.7
1.7591974 	3796811.1
2.1110369 	3788801.6
2.4628764 	3780788.7
2.8147158 	3772775.4
3.1665553 	3764760.9
3.5183948 	3756819.8
3.8702343 	3748761.6
4.2220737 	3740748.2
4.9257527 	3724752
5.6294317 	3708736.4
5.9812711 	3700735.7
6.3331106 	3692906.2
8.092308 	3652995.9
8.795987 	3636976.9
9.1478265 	3628960.2
10.203345 	3604938.9
10.907024 	3588925.9
11.258863 	3580909.2
11.610703 	3573067.1
11.962542 	3565155.1
12.666221 	3549140.8
13.018061 	3541136.6
13.3699 	3533147.3
13.72174 	3525138.5
14.777258 	3501113.4
15.480937 	3485096.6
15.832777 	3477088.2
16.536456 	3461071.5
17.591974 	3437046.3
18.647492 	3413021
19.351171 	3397004.2
19.703011 	3388995.8
20.05485 	3380987.3
20.40669 	3372978.9
20.758529 	3364970.5
21.462208 	3348953.7
22.165887 	3332930.4
22.869566 	3319345.6
23.573245 	3304277.8
23.925085 	3296243.3
24.276924 	3288192.8
24.628764 	3280463.4
25.332442 	3267124
25.684282 	3259111.1
26.387961 	3243086
26.7398 	3235073.9
27.09164 	3227062.2
27.443479 	3219050.9
27.795319 	3211040
28.147158 	3203029.5
28.850837 	3187009.3
29.202677 	3178999.5
29.554516 	3170990
29.906356 	3162980.6
30.258195 	3154971.3
30.610035 	3146962
30.961874 	3138952.8
31.665553 	3122934.4
32.017393 	3114925.2
32.369232 	3106915.9
32.721072 	3098906.5
33.072911 	3090897.1
33.424751 	3082887.6
33.77659 	3074878.1
34.128429 	3066868.5
34.480269 	3058858.9
34.832108 	3050849.2
35.183948 	3042839.5
35.535787 	3034829.8
35.887627 	3026820
36.239466 	3018810.2
36.591306 	3010800.4
37.294985 	2994780.7
37.646824 	2986770.9
37.998664 	2978761.1
38.702343 	2962741.4
39.406022 	2946721.8
39.757861 	2938712
41.165219 	2906673
41.517059 	2898663.3
41.868898 	2890653.6
42.220737 	2882643.9
42.924416 	2866624.6
43.276256 	2858615
43.628095 	2850605.4
43.979935 	2842595.8
44.683614 	2826576.6
45.035453 	2818567
45.387293 	2810557.4
46.090972 	2794538.2
46.442811 	2786528.7
47.14649 	2770509.5
47.49833 	2762499.9
48.202009 	2746480.8
48.553848 	2738471.2
49.257527 	2722452
49.609367 	2714442.4
49.961206 	2706432.8
50.313045 	2698423.1
50.664885 	2690413.5
51.016724 	2682403.8
51.720403 	2666384.5
52.072243 	2658374.8
52.424082 	2650365
52.775922 	2642355.3
53.127761 	2634345.5
54.18328 	2610316.1
54.535119 	2602306.2
54.886959 	2594296.3
55.238798 	2586286.4
55.590638 	2578276.5
55.942477 	2570266.5
56.997996 	2546236.6
57.349835 	2538226.6
57.701675 	2530216.5
58.053514 	2522206.5
58.405354 	2514196.5
58.757193 	2506186.4
59.109032 	2498176.3
59.460872 	2490166.3
60.164551 	2474146.1
60.51639 	2466136.1
60.86823 	2458126
61.220069 	2450116
61.571909 	2442106
61.923748 	2434096
62.275588 	2426086
62.627427 	2418076
62.979267 	2410066.1
63.331106 	2402056.2
63.682946 	2394046.3
64.034785 	2386036.4
64.386625 	2378026.5
64.738464 	2370016.7
65.442143 	2353997.1
65.793983 	2345987.4
66.497662 	2329967.9
67.55318 	2305938.8
68.256859 	2289919.4
68.608698 	2281909.8
69.312377 	2265890.4
70.016056 	2249871.1
70.367896 	2241861.4
70.719735 	2233851.7
71.071575 	2225842
71.423414 	2217832.3
72.830772 	2185793.7
73.182612 	2177784.1
73.534451 	2169774.6
73.886291 	2161765.1
74.941809 	2137737
75.293648 	2129727.9
75.645488 	2121718.8
75.997327 	2113709.9
77.052846 	2089683.9
77.404685 	2081675.6
77.756525 	2073667.3
78.460204 	2057651.3
78.812043 	2049643.4
79.163883 	2041635.7
80.219401 	2017612.6
81.27492 	1993589
81.626759 	1985581
81.978599 	1977572.8
82.330438 	1969564.7
82.682278 	1961556.8
83.034117 	1953549.2
83.385957 	1945542.5
83.737796 	1937537.1
84.089635 	1929533.9
84.441475 	1921533.7
85.496993 	1897561.3
86.552512 	1874377.8
86.904351 	1870240.6
89.015388 	1868282.7
89.367228 	1868260.1
90.070907 	1868226.6
90.422746 	1868213.3
90.774586 	1868198.6
91.126425 	1868182.4
91.478265 	1868165.1
91.830104 	1868147.4
92.533783 	1868109.4
93.237462 	1868066.2
93.589301 	1868044.1
93.941141 	1868022.6
94.29298 	1868002
96.052178 	1867886.1
96.404017 	1867863.7
96.755857 	1867840.9
97.459536 	1867785.2
97.811375 	1867747.3
98.163215 	1867693.7
98.515054 	1867646.4
99.922412 	1842820
100.27425 	1834720.2
100.62609 	1826620.4
101.32977 	1810420.6
102.03345 	1794220.2
102.38529 	1786119.7
103.79265 	1753714.5
104.14449 	1745612.5
104.49633 	1737510.3
105.2 	1721305.1
105.90368 	1705099
106.25552 	1696995.7
106.60736 	1688892.3
108.01472 	1656477.7
108.36656 	1648374
108.7184 	1640270.2
109.07024 	1632166.5
109.77392 	1615959.2
110.12576 	1607855.6
110.82944 	1591648.6
111.18128 	1583545.2
111.53311 	1575441.9
111.88495 	1567338.7
112.58863 	1551132.3
112.94047 	1543029.2
113.29231 	1534926.1
113.64415 	1526823
113.99599 	1518719.9
114.34783 	1510616.8
114.69967 	1502513.6
115.05151 	1494410.4
115.40335 	1486307.1
115.75519 	1478203.7
116.45887 	1461996.7
116.81071 	1453893
117.16255 	1445789.2
117.51439 	1437685.3
118.21806 	1421477
118.5699 	1413372.7
118.92174 	1405268.1
119.27358 	1397163.5
119.62542 	1389058.6
119.97726 	1380953.6
120.3291 	1372848.4
120.68094 	1364743
121.03278 	1356637.5
121.38462 	1348531.8
121.73646 	1340425.9
122.0883 	1332319.9
122.79198 	1316107.3
123.14382 	1308000.8
123.49566 	1299894.1
123.8475 	1291787.2
124.19934 	1283680.2
124.55118 	1275573.1
124.90302 	1267465.8
125.25485 	1259358.3
125.60669 	1251250.8
126.66221 	1226927.3
127.01405 	1218819.2
127.36589 	1210711.1
127.71773 	1202602.8
128.06957 	1194494.4
128.42141 	1186385.9
128.77325 	1178277.3
129.12509 	1170168.6
129.47693 	1162059.8
130.18061 	1145842
130.53245 	1137733
130.88429 	1129623.9
131.23613 	1121514.7
132.29164 	1097186.9
132.64348 	1089077.5
132.99532 	1080968.1
133.699 	1064749.1
134.05084 	1056639.5
134.40268 	1048530
134.75452 	1040420.4
135.4582 	1024201.1
135.81004 	1016091.5
136.16188 	1007981.9
136.51372 	999872.26
136.86556 	991762.64
137.56924 	975543.44
137.92108 	967433.86
138.27292 	959324.31
138.97659 	943105.31
139.68027 	926886.46
140.03211 	918777.1
140.38395 	910667.79
140.73579 	902558.53
141.08763 	894449.34
141.43947 	886340.2
141.79131 	878231.12
142.14315 	870122.12
142.49499 	862013.18
142.84683 	853904.31
144.25419 	821469.59
145.3097 	797144.37
145.66154 	789036.13
146.01338 	780927.97
146.36522 	772819.89
146.71706 	764711.9
147.0689 	756603.98
147.42074 	748496.15
148.12442 	732280.72
148.8281 	716065.6
149.17994 	707958.16
149.88362 	691743.5
150.23546 	683636.27
150.5873 	675529.11
151.29098 	659315
151.99465 	643101.14
152.69833 	626887.51
153.05017 	618780.78
153.40201 	610674.11
153.75385 	602567.48
154.45753 	586354.37
154.80937 	578247.88
155.16121 	570141.44
155.51305 	562035.03
155.86489 	553928.66
156.21673 	545822.33
156.56857 	537716.03
157.62409 	513397.33
157.97593 	505291.15
158.32777 	497185
158.67961 	489078.87
159.03144 	480972.76
159.38328 	472866.68
159.73512 	464760.62
160.08696 	456654.58
160.4388 	448548.55
160.79064 	440442.54
161.14248 	432336.55
161.49432 	424230.58
161.84616 	416124.61
162.90168 	391806.81
163.25352 	383700.9
163.9572 	367489.12
164.30904 	359383.24
164.66088 	351277.38
165.01272 	343171.52
165.71639 	326959.84
166.06823 	318854.02
167.12375 	294536.59
167.47559 	286430.8
167.82743 	278325.02
168.17927 	270219.25
168.53111 	262113.49
169.23479 	245901.99
169.58663 	237796.25
169.93847 	229690.52
170.64215 	213479.09
170.99399 	205373.39
171.34583 	197267.69
171.69767 	189162.01
172.04951 	181056.33
172.40134 	172950.66
172.75318 	164845
173.10502 	156739.34
174.16054 	132422.43
174.51238 	124316.81
174.86422 	116211.2
