0 	8941627.1
6.4128257 	8830357.9
34.468938 	8305689.8
37.675351 	8227794.2
40.881764 	8181954.4
50.501002 	8007303.8
53.707415 	7933787.3
62.52505 	7720127.9
65.731463 	7645188.3
68.937876 	7567542.8
69.739479 	7547872
96.993988 	7079643.9
103.40681 	7077717
106.61323 	7077274.6
116.23246 	7075706.6
123.44689 	7074446.3
125.05 	7074655.5
125.8517 	7074830.4
128.25651 	7074122.7
131.46293 	7042338.2
151.50301 	6521765.9
153.90782 	6459513.6
156.31263 	6397315.9
159.51904 	6314408.2
166.73347 	6127788.5
169.13828 	6065564.1
175.5511 	5899592.4
176.35271 	5878838.4
187.57515 	5588051.8
190.78156 	5504900.2
200.4008 	5255397.8
201.2024 	5234612.6
202.00401 	5213829.5
202.80561 	5193048.9
203.60721 	5172270.9
204.40882 	5151495.6
205.21042 	5130723
206.01202 	5109953.4
206.81363 	5089186.7
207.61523 	5068423.1
208.41683 	5047662.5
209.21844 	5026905
210.02004 	5006150.6
210.82164 	4985399.3
211.62325 	4964651.2
212.42485 	4943906.3
213.22645 	4923164.5
214.02806 	4902426.1
214.82966 	4881690.8
215.63126 	4860958.8
216.43287 	4840230
217.23447 	4819504.4
218.03607 	4798781.9
219.63928 	4757346.2
220.44088 	4736632.6
221.24248 	4715921.7
222.04409 	4695213.4
222.84569 	4674507.4
223.64729 	4653803.5
224.4489 	4633101.4
225.2505 	4612401
226.0521 	4591701.9
227.65531 	4550306.7
228.45691 	4529610
229.25852 	4508913.6
230.86172 	4467520.9
231.66333 	4446824.2
232.46493 	4426127.1
234.06814 	4384731.2
234.86974 	4364032.3
235.67134 	4343332.6
236.47295 	4322632.1
237.27455 	4301930.9
238.07615 	4281228.7
238.87776 	4260525.7
239.67936 	4239821.7
240.48096 	4219116.8
241.28257 	4198410.7
242.08417 	4177703.6
242.88577 	4156995.3
243.68737 	4136285.7
244.48898 	4115574.9
245.29058 	4094862.8
246.09218 	4074149.4
246.89379 	4053434.8
247.69539 	4032718.8
248.49699 	4012001.6
249.2986 	3991283.3
250.1002 	3970563.8
250.9018 	3949843.3
251.70341 	3929121.7
252.50501 	3908399.3
253.30661 	3887676
254.10822 	3866952
254.90982 	3846227.3
255.71142 	3825502
256.51303 	3804776.2
257.31463 	3784049.9
258.11623 	3763323.2
258.91784 	3742596.2
259.71944 	3721869
260.52104 	3701141.7
261.32265 	3680414.2
262.12425 	3659686.8
262.92585 	3638959.4
263.72745 	3618232.1
264.52906 	3597505.1
265.33066 	3576778.3
266.13226 	3556051.8
266.93387 	3535325.6
267.73547 	3514599.9
268.53707 	3493874.6
269.33868 	3473149.8
270.14028 	3452425.5
270.94188 	3431701.8
271.74349 	3410978.7
272.54509 	3390256.2
273.34669 	3369534.4
274.1483 	3348813.3
274.9499 	3328092.9
274.95 	3328090.3
275.7515 	3307373.3
276.55311 	3286654.6
277.35471 	3265936.8
278.95792 	3224504
279.75952 	3203789.2
280.56112 	3183075.4
281.36273 	3162362.8
282.16433 	3141651.4
282.96593 	3120941.3
283.76754 	3100232.5
284.56914 	3079525.1
285.37074 	3058819.1
286.17234 	3038114.6
286.97395 	3017411.7
288.57715 	2976010.6
289.37876 	2955312.5
290.18036 	2934616.2
290.98196 	2913921.6
291.78357 	2893228.8
292.58517 	2872537.9
293.38677 	2851848.9
294.18838 	2831161.8
294.98998 	2810476.6
295.79158 	2789793.3
296.59319 	2769112
297.39479 	2748432.6
298.19639 	2727755.1
298.998 	2707079.5
299.7996 	2686405.7
300.6012 	2665733.8
301.40281 	2645063.6
302.20441 	2624395.1
303.00601 	2603728.2
303.80762 	2583062.8
304.60922 	2562398.8
306.21242 	2521074.6
307.01403 	2500414.2
307.81563 	2479754.7
308.61723 	2459096.2
309.41884 	2438438.3
310.22044 	2417781.1
311.02204 	2397124.3
311.82365 	2376468
312.62525 	2355811.9
313.42685 	2335155.9
314.22846 	2314499.9
315.03006 	2293843.9
315.83166 	2273187.7
316.63327 	2252531.1
317.43487 	2231874.2
318.23647 	2211216.8
319.03808 	2190558.8
319.83968 	2169900.1
320.64128 	2149240.6
321.44289 	2128580.3
322.24449 	2107919
323.04609 	2087256.8
323.8477 	2066593.5
324.6493 	2045929
325.4509 	2025263.4
326.25251 	2004596.6
327.05411 	1983928.6
327.85571 	1963259.3
328.65731 	1942588.7
329.45892 	1921916.7
330.26052 	1901243.5
331.06212 	1880569
331.86373 	1859893.2
332.66533 	1839216
333.46693 	1818537.6
334.26854 	1797857.9
335.07014 	1777177
335.87174 	1756494.8
336.67335 	1735811.4
337.47495 	1715126.8
338.27655 	1694441.1
339.07816 	1673754.2
339.87976 	1653066.2
340.68136 	1632377.1
341.48297 	1611686.9
342.28457 	1590995.6
343.08617 	1570303.4
343.88778 	1549610.2
344.68938 	1528916
345.49098 	1508220.8
346.29259 	1487524.8
347.09419 	1466827.9
347.89579 	1446130.1
348.69739 	1425431.5
349.499 	1404732.1
350.3006 	1384032
351.1022 	1363331.1
351.90381 	1342629.6
352.70541 	1321927.4
353.50701 	1301224.5
354.30862 	1280521.1
355.11022 	1259817
355.91182 	1239112.4
356.71343 	1218407.3
357.51503 	1197701.7
358.31663 	1176995.6
359.11824 	1156289.1
359.91984 	1135582.1
360.72144 	1114874.6
361.52305 	1094166.8
362.32465 	1073458.6
363.12625 	1052750
363.92786 	1032041
364.72946 	1011331.6
365.53106 	990621.9
366.33267 	969911.82
367.13427 	949201.4
367.93587 	928490.63
368.73747 	907779.52
369.53908 	887068.09
370.34068 	866356.34
371.14228 	845644.29
371.94389 	824931.95
372.74549 	804219.33
373.54709 	783506.46
374.3487 	762793.35
375.1503 	742080.03
375.9519 	721366.51
376.75351 	700652.84
377.55511 	679939.02
379.15832 	638511.12
379.95992 	617797.09
381.56313 	576369.04
382.36473 	555655.08
383.16633 	534941.22
383.96794 	514227.48
384.76954 	493513.89
385.57114 	472800.48
386.37275 	452087.27
387.17435 	431374.29
387.97595 	410661.55
388.77756 	389949.07
389.57916 	369236.86
390.38076 	348524.92
391.18236 	327813.26
391.98397 	307101.87
392.78557 	286390.75
393.58717 	265679.89
394.38878 	244969.27
395.19038 	224258.88
395.99198 	203548.7
396.79359 	182838.7
397.59519 	162128.86
399.1984 	120709.55
400 	100504.41
