0 	7636424.6
6.4128257 	7528123.1
34.468938 	6986891.1
37.675351 	6906972.3
40.881764 	6828557.6
50.501002 	6629723.3
53.707415 	6611868.6
62.52505 	6566013.3
65.731463 	6490170.4
68.937876 	6412225.2
69.739479 	6393996.8
96.993988 	6031763
103.40681 	5935659.1
106.61323 	5857032.5
116.23246 	5610643.2
123.44689 	5425855.1
125.05 	5383751.9
125.8517 	5363088.7
128.25651 	5304435
131.46293 	5223605.2
151.50301 	4805428.4
153.90782 	4749706
156.31263 	4693423.6
159.51904 	4615711.5
166.73347 	4467075.6
169.13828 	4403699.4
175.5511 	4231962.1
176.35271 	4210801.8
187.57515 	3999933.4
190.78156 	3999744.1
200.4008 	3998139.2
201.2024 	3998035.6
202.00401 	3997909.7
202.80561 	3997777.2
203.60721 	3997614.8
204.40882 	3997430.3
205.21042 	3997215.3
206.01202 	3996957.2
206.81363 	3996701.3
207.61523 	3996472.2
208.41683 	3996264.3
209.21844 	3996097.9
210.02004 	3995937.9
210.82164 	3995738.5
211.62325 	3995544.3
212.42485 	3995377.5
213.22645 	3995196.1
214.02806 	3995019.5
214.82966 	3994882.7
215.63126 	3994685.2
216.43287 	3994444.2
217.23447 	3994260.9
218.03607 	3994122
219.63928 	3993865
220.44088 	3993690.4
221.24248 	3993542.8
222.04409 	3993340
222.84569 	3993016.8
223.64729 	3992723.1
224.4489 	3992762.2
225.2505 	3993375
226.0521 	3993998.9
227.65531 	3993987.7
228.45691 	3993758.4
229.25852 	3993503.9
230.86172 	3993130.6
231.66333 	3993023.9
232.46493 	3992884.1
234.06814 	3992443.8
234.86974 	3992130.5
235.67134 	3991829.9
236.47295 	3991570.4
237.27455 	3991328.2
238.07615 	3991075.8
238.87776 	3990843.2
239.67936 	3990664.2
240.48096 	3990508.9
241.28257 	3990408.5
242.08417 	3990368.5
242.88577 	3990386.6
243.68737 	3990476.5
244.48898 	3990664.1
245.29058 	3990959.7
246.09218 	3991343.7
246.89379 	3991723
247.69539 	3992080.7
248.49699 	3992408.3
249.2986 	3992691
250.1002 	3992944.8
250.9018 	3993178.4
251.70341 	3993317.5
252.50501 	3993302.5
253.30661 	3993100.8
254.10822 	3992746.7
254.90982 	3992317.5
255.71142 	3991846.7
256.51303 	3991367.3
257.31463 	3990897.8
258.11623 	3990436.1
258.91784 	3990016.8
259.71944 	3989682.8
260.52104 	3989433.4
261.32265 	3989265.4
262.12425 	3989173
262.92585 	3989126.7
263.72745 	3989116.9
264.52906 	3989135.8
265.33066 	3989129
266.13226 	3989107.1
266.93387 	3989073.9
267.73547 	3988967.4
268.53707 	3988795.9
269.33868 	3988592.6
270.14028 	3988350.5
270.94188 	3988115
271.74349 	3987886.8
272.54509 	3987657
273.34669 	3987427.4
274.1483 	3987201.6
274.9499 	3986979.7
274.95 	3986979.6
275.7515 	3986752.4
276.55311 	3986494.9
277.35471 	3986250.2
278.95792 	3985466.7
279.75952 	3984723.7
280.56112 	3983416.8
281.36273 	3980831.7
282.16433 	3975316.3
282.96593 	3963977.1
283.76754 	3944427.6
284.56914 	3919248.4
285.37074 	3892669.3
286.17234 	3866063.4
286.97395 	3839507.3
288.57715 	3786443.1
289.37876 	3759927.6
290.18036 	3733422.3
290.98196 	3706925.9
291.78357 	3680435.5
292.58517 	3653947.3
293.38677 	3627458.2
294.18838 	3600966.4
294.98998 	3574471.5
295.79158 	3547974.4
296.59319 	3521476.6
297.39479 	3494979.8
298.19639 	3468485.3
298.998 	3441994
299.7996 	3415505.5
300.6012 	3389019.2
301.40281 	3362534.3
302.20441 	3336050.3
303.00601 	3309567.1
303.80762 	3283084.7
304.60922 	3256602.7
306.21242 	3203637.8
307.01403 	3177153.1
307.81563 	3150665.7
308.61723 	3124175
309.41884 	3097680.7
310.22044 	3071182.7
311.02204 	3044681.5
311.82365 	3018177.4
312.62525 	2991671.2
313.42685 	2965163.3
314.22846 	2938653.9
315.03006 	2912143.2
315.83166 	2885631
316.63327 	2859117.3
317.43487 	2832601.8
318.23647 	2806084.6
319.03808 	2779565.7
319.83968 	2753045.5
320.64128 	2726524.1
321.44289 	2700002
322.24449 	2673479.5
323.04609 	2646956.7
323.8477 	2620433.6
324.6493 	2593910.1
325.4509 	2567385.9
326.25251 	2540860.7
327.05411 	2514334.1
327.85571 	2487805.8
328.65731 	2461275.4
329.45892 	2434742.8
330.26052 	2408207.6
331.06212 	2381669.8
331.86373 	2355129.3
332.66533 	2328586.1
333.46693 	2302040.2
334.26854 	2275491.7
335.07014 	2248941
335.87174 	2222388.3
336.67335 	2195834
337.47495 	2169278.6
338.27655 	2142722.5
339.07816 	2116166.3
339.87976 	2089610.1
340.68136 	2063054.5
341.48297 	2036499.6
342.28457 	2009945.9
343.08617 	1983393.4
343.88778 	1956842.6
344.68938 	1930293.7
345.49098 	1903747.2
346.29259 	1877203.6
347.09419 	1850663.2
347.89579 	1824126.7
348.69739 	1797594.5
349.499 	1771067
350.3006 	1744544.9
351.1022 	1718028.4
351.90381 	1691518
352.70541 	1665013.9
353.50701 	1638516.4
354.30862 	1612025.7
355.11022 	1585541.9
355.91182 	1559065.2
356.71343 	1532595.6
357.51503 	1506133
358.31663 	1479677.5
359.11824 	1453229
359.91984 	1426787.4
360.72144 	1400352.6
361.52305 	1373924.5
362.32465 	1347502.7
363.12625 	1321087.1
363.92786 	1294677.2
364.72946 	1268272.5
365.53106 	1241872.3
366.33267 	1215475.7
367.13427 	1189081.9
367.93587 	1162689.8
368.73747 	1136298.2
369.53908 	1109905.9
370.34068 	1083511.7
371.14228 	1057114.1
371.94389 	1030711.9
372.74549 	1004303.8
373.54709 	977888.39
374.3487 	951464.47
375.1503 	925030.82
375.9519 	898586.28
376.75351 	872129.81
377.55511 	845660.45
379.15832 	792679.92
379.95992 	766167.55
381.56313 	713096.86
382.36473 	686538.39
383.16633 	659964.71
383.96794 	633376.22
384.76954 	606773.5
385.57114 	580157.33
386.37275 	553528.62
387.17435 	526888.45
387.97595 	500238.01
388.77756 	473578.58
389.57916 	446911.49
390.38076 	420238.05
391.18236 	393559.55
391.98397 	366877.18
392.78557 	340192.02
393.58717 	313505
394.38878 	286816.87
395.19038 	260128.24
395.99198 	233439.52
396.79359 	206751
397.59519 	180062.8
399.1984 	126687.4
400 	100650.01
