0 	3836484.3
0.35183948 	3829089.3
0.70367896 	3821312.4
1.0555184 	3813535.5
1.4073579 	3805758.6
1.7591974 	3797981.6
2.1110369 	3790217.5
2.4628764 	3782586.8
2.8147158 	3774911.2
3.1665553 	3767205.1
3.5183948 	3759441.8
3.8702343 	3751666.4
4.2220737 	3743911.4
4.9257527 	3728447.1
5.6294317 	3714128.7
5.9812711 	3706492.4
6.3331106 	3698768.4
8.092308 	3664088.2
8.795987 	3648898
9.1478265 	3641121
10.203345 	3617789.6
10.907024 	3602235.3
11.258863 	3594458.1
11.610703 	3586680.9
11.962542 	3578903.7
12.666221 	3563349.2
13.018061 	3555571.8
13.3699 	3547794.5
13.72174 	3540016.3
14.777258 	3518328.5
15.480937 	3516878.3
15.832777 	3516838.6
16.536456 	3516762.6
17.591974 	3516647.6
18.647492 	3516530.7
19.351171 	3516452.1
19.703011 	3516414
20.05485 	3516384.9
20.40669 	3516339.3
20.758529 	3516282.6
21.462208 	3512616.3
22.165887 	3497471
22.869566 	3481884
23.573245 	3466295.8
23.925085 	3458501.7
24.276924 	3450707.5
24.628764 	3442913.3
25.332442 	3427324.9
25.684282 	3419530.6
26.387961 	3403942
26.7398 	3396147.6
27.09164 	3388353.3
27.443479 	3380558.9
27.795319 	3372764.6
28.147158 	3364970.2
28.850837 	3349381.4
29.202677 	3341587
29.554516 	3333792.6
29.906356 	3325998.2
30.258195 	3318203.8
30.610035 	3310409.4
30.961874 	3302615
31.665553 	3287026.2
32.017393 	3279231.8
32.369232 	3271437.4
32.721072 	3263642.9
33.072911 	3255848.5
33.424751 	3248054.1
33.77659 	3240259.7
34.128429 	3232465.3
34.480269 	3224670.8
34.832108 	3216876.4
35.183948 	3209082
35.535787 	3201287.6
35.887627 	3193493.2
36.239466 	3185698.8
36.591306 	3177904.4
37.294985 	3162315.5
37.646824 	3154521.1
37.998664 	3146726.7
38.702343 	3131137.9
39.406022 	3115549.2
39.757861 	3107754.8
41.165219 	3076577.2
41.517059 	3068782.8
41.868898 	3060988.4
42.220737 	3053194
42.924416 	3037605.3
43.276256 	3029810.9
43.628095 	3022016.5
43.979935 	3014222.2
44.683614 	2998633.4
45.035453 	2990839.1
45.387293 	2983044.7
46.090972 	2967456.1
46.442811 	2959661.7
47.14649 	2944073.1
47.49833 	2936278.8
48.202009 	2920690.3
48.553848 	2912896.1
49.257527 	2897307.6
49.609367 	2889513.4
49.961206 	2881719.2
50.313045 	2873925.1
50.664885 	2866130.9
51.016724 	2858336.8
51.720403 	2842748.6
52.072243 	2834954.6
52.424082 	2827160.5
52.775922 	2819366.5
53.127761 	2811572.5
54.18328 	2788190.7
54.535119 	2780396.8
54.886959 	2772602.9
55.238798 	2764809.1
55.590638 	2757015.2
55.942477 	2749221.4
56.997996 	2725840.2
57.349835 	2718046.5
57.701675 	2710252.8
58.053514 	2702459.2
58.405354 	2694665.6
58.757193 	2686872
59.109032 	2679078.4
59.460872 	2671284.8
60.164551 	2655697.8
60.51639 	2647904.3
60.86823 	2640110.9
61.220069 	2632317.4
61.571909 	2624524
61.923748 	2616730.6
62.275588 	2608937.3
62.627427 	2601143.9
62.979267 	2593350.6
63.331106 	2585557.3
63.682946 	2577764
64.034785 	2569970.8
64.386625 	2562177.5
64.738464 	2554384.3
65.442143 	2538798
65.793983 	2531004.8
66.497662 	2515418.5
67.55318 	2492039.3
68.256859 	2476453.2
68.608698 	2468660.2
69.312377 	2453074.2
70.016056 	2437488.3
70.367896 	2429695.4
70.719735 	2421902.5
71.071575 	2414109.6
71.423414 	2406316.7
72.830772 	2375145.3
73.182612 	2367352.5
73.534451 	2359559.7
73.886291 	2351766.9
74.941809 	2328388.6
75.293648 	2320595.9
75.645488 	2312803.2
75.997327 	2305010.5
77.052846 	2281632.4
77.404685 	2273839.8
77.756525 	2266047.1
78.460204 	2250461.9
78.812043 	2242669.3
79.163883 	2234876.7
80.219401 	2211499
81.27492 	2188121.4
81.626759 	2180328.9
81.978599 	2172536.4
82.330438 	2164743.9
82.682278 	2156951.4
83.034117 	2149159
83.385957 	2141366.5
83.737796 	2133574.1
84.089635 	2125781.7
84.441475 	2117989.3
85.496993 	2094612.1
86.552512 	2071235.1
86.904351 	2063442.7
89.015388 	2016689
89.367228 	2008896.8
90.070907 	1993312.3
90.422746 	1985520.1
90.774586 	1977727.9
91.126425 	1969935.7
91.478265 	1962143.6
91.830104 	1954351.4
92.533783 	1938767.1
93.237462 	1923182.9
93.589301 	1915390.8
93.941141 	1907598.7
94.29298 	1899806.6
96.052178 	1860846.4
96.404017 	1853054.4
96.755857 	1845262.4
97.459536 	1829678.4
97.811375 	1821886.5
98.163215 	1814094.5
98.515054 	1806302.6
99.922412 	1775134.9
100.27425 	1767343
100.62609 	1759551.2
101.32977 	1743967.4
102.03345 	1728383.8
102.38529 	1720591.9
103.79265 	1689424.7
104.14449 	1681632.9
104.49633 	1673841.2
105.2 	1658257.6
105.90368 	1642674.2
106.25552 	1634882.4
106.60736 	1627090.7
108.01472 	1595923.9
108.36656 	1588132.2
108.7184 	1580340.6
109.07024 	1572548.9
109.77392 	1556965.6
110.12576 	1549173.9
110.82944 	1533590.7
111.18128 	1525799
111.53311 	1518007.4
111.88495 	1510215.8
112.58863 	1494632.6
112.94047 	1486841
113.29231 	1479049.4
113.64415 	1471257.8
113.99599 	1463466.3
114.34783 	1455674.7
114.69967 	1447883.1
115.05151 	1440091.5
115.40335 	1432300
115.75519 	1424508.4
116.45887 	1408925.3
116.81071 	1401133.8
117.16255 	1393342.3
117.51439 	1385550.7
118.21806 	1369967.7
118.5699 	1362176.2
118.92174 	1354384.6
119.27358 	1346593.1
119.62542 	1338801.6
119.97726 	1331010.1
120.3291 	1323218.6
120.68094 	1315427.1
121.03278 	1307635.6
121.38462 	1299844.1
121.73646 	1292052.6
122.0883 	1284261.1
122.79198 	1268678.1
123.14382 	1260886.6
123.49566 	1253095.1
123.8475 	1245303.6
124.19934 	1237512.2
124.55118 	1229720.7
124.90302 	1221929.2
125.25485 	1214137.7
125.60669 	1206346.2
126.66221 	1182971.8
127.01405 	1175180.3
127.36589 	1167388.9
127.71773 	1159597.4
128.06957 	1151805.9
128.42141 	1144014.4
128.77325 	1136223
129.12509 	1128431.5
129.47693 	1120640
130.18061 	1105057.1
130.53245 	1097265.6
130.88429 	1089474.1
131.23613 	1081682.6
132.29164 	1058308.2
132.64348 	1050516.7
132.99532 	1042725.2
133.699 	1027142.3
134.05084 	1019350.8
134.40268 	1011559.3
134.75452 	1003767.8
135.4582 	988184.86
135.81004 	980393.37
136.16188 	972601.88
136.51372 	964810.39
136.86556 	957018.9
137.56924 	941435.91
137.92108 	933644.41
138.27292 	925852.91
138.97659 	910269.91
139.68027 	894686.9
140.03211 	886895.4
140.38395 	879103.89
140.73579 	871312.38
141.08763 	863520.87
141.43947 	855729.36
141.79131 	847937.84
142.14315 	840146.33
142.49499 	832354.81
142.84683 	824563.29
144.25419 	793397.21
145.3097 	770022.63
145.66154 	762231.1
146.01338 	754439.57
146.36522 	746648.05
146.71706 	738856.52
147.0689 	731064.98
147.42074 	723273.45
148.12442 	707690.39
148.8281 	692107.32
149.17994 	684315.79
149.88362 	668732.72
150.23546 	660941.18
150.5873 	653149.65
151.29098 	637566.58
151.99465 	621983.52
152.69833 	606400.45
153.05017 	598608.92
153.40201 	590817.39
153.75385 	583025.86
154.45753 	567442.81
154.80937 	559651.29
155.16121 	551859.76
155.51305 	544068.24
155.86489 	536276.72
156.21673 	528485.2
156.56857 	520693.69
157.62409 	497319.15
157.97593 	489527.65
158.32777 	481736.14
158.67961 	473944.64
159.03144 	466153.14
159.38328 	458361.65
159.73512 	450570.16
160.08696 	442778.67
160.4388 	434987.18
160.79064 	427195.7
161.14248 	419404.22
161.49432 	411612.75
161.84616 	403821.28
162.90168 	380446.89
163.25352 	372655.43
163.9572 	357072.53
164.30904 	349281.09
164.66088 	341489.66
165.01272 	333698.22
165.71639 	318115.38
166.06823 	310323.96
167.12375 	286949.74
167.47559 	279158.35
167.82743 	271366.96
168.17927 	263575.57
168.53111 	255784.19
169.23479 	240201.46
169.58663 	232410.1
169.93847 	224618.74
170.64215 	209036.06
170.99399 	201244.72
171.34583 	193453.39
171.69767 	185662.07
172.04951 	177870.76
172.40134 	170079.45
172.75318 	162288.15
173.10502 	154496.86
174.16054 	131123.02
174.51238 	123331.75
174.86422 	115540.45
