0 	8883397.7
6.4128257 	8798814.2
34.468938 	8226889.9
37.675351 	8166904.3
40.881764 	8114338
50.501002 	7924913.7
53.707415 	7854092.9
62.52505 	7657551.1
65.731463 	7577053.7
68.937876 	7497216.5
69.739479 	7478506.9
96.993988 	6929563.2
103.40681 	6793874.4
106.61323 	6785365.9
116.23246 	6783345.1
123.44689 	6781625.3
125.05 	6781238.8
125.8517 	6781096.1
128.25651 	6780236.4
131.46293 	6779952.3
151.50301 	6562885.4
153.90782 	6500291
156.31263 	6437708.1
159.51904 	6354263.6
166.73347 	6166446.2
169.13828 	6103815.8
175.5511 	5936767.7
176.35271 	5915885.6
187.57515 	5623573
190.78156 	5540130.7
200.4008 	5290110.1
201.2024 	5269289.5
202.00401 	5248469.8
202.80561 	5227650.8
203.60721 	5206832.1
204.40882 	5186013.6
205.21042 	5165194.9
206.01202 	5144375.9
206.81363 	5123556.4
207.61523 	5102736.2
208.41683 	5081915.4
209.21844 	5061093.9
210.02004 	5040271.6
210.82164 	5019448.7
211.62325 	4998625.3
212.42485 	4977801.4
213.22645 	4956977.1
214.02806 	4936152.5
214.82966 	4915327.8
215.63126 	4894503
216.43287 	4873678.1
217.23447 	4852853.3
218.03607 	4832028.4
219.63928 	4790378.9
220.44088 	4769554.1
221.24248 	4748729.5
222.04409 	4727904.8
222.84569 	4707080.2
223.64729 	4686255.7
224.4489 	4665431.2
225.2505 	4644606.7
226.0521 	4623782.2
227.65531 	4582133.4
228.45691 	4561309
229.25852 	4540484.7
230.86172 	4498836.1
231.66333 	4478011.9
232.46493 	4457187.6
234.06814 	4415539.2
234.86974 	4394714.9
235.67134 	4373890.6
236.47295 	4353066.3
237.27455 	4332241.8
238.07615 	4311417.3
238.87776 	4290592.7
239.67936 	4269767.9
240.48096 	4248942.9
241.28257 	4228117.8
242.08417 	4207292.4
242.88577 	4186466.8
243.68737 	4165641
244.48898 	4144814.9
245.29058 	4123988.6
246.09218 	4103162
246.89379 	4082335.1
247.69539 	4061507.9
248.49699 	4040680.6
249.2986 	4019852.9
250.1002 	3999025.1
250.9018 	3978197
251.70341 	3957368.8
252.50501 	3936540.3
253.30661 	3915711.6
254.10822 	3894882.6
254.90982 	3874053.4
255.71142 	3853224
256.51303 	3832394.3
257.31463 	3811564.3
258.11623 	3790733.9
258.91784 	3769903.1
259.71944 	3749072
260.52104 	3728240.3
261.32265 	3707408.3
262.12425 	3686575.7
262.92585 	3665742.6
263.72745 	3644909
264.52906 	3624074.9
265.33066 	3603240.2
266.13226 	3582405.1
266.93387 	3561569.4
267.73547 	3540733.3
268.53707 	3519896.7
269.33868 	3499059.7
270.14028 	3478222.2
270.94188 	3457384.4
271.74349 	3436546.1
272.54509 	3415707.5
273.34669 	3394868.5
274.1483 	3374029.2
274.9499 	3353189.5
274.95 	3353186.9
275.7515 	3332349.5
276.55311 	3311509.1
277.35471 	3290668.3
278.95792 	3248985.5
279.75952 	3228143.5
280.56112 	3207301.1
281.36273 	3186458.2
282.16433 	3165614.9
282.96593 	3144771.1
283.76754 	3123926.8
284.56914 	3103082.1
285.37074 	3082236.8
286.17234 	3061391.1
286.97395 	3040544.9
288.57715 	2998850.9
289.37876 	2978003.2
290.18036 	2957155
290.98196 	2936306.3
291.78357 	2915457.2
292.58517 	2894607.6
293.38677 	2873757.6
294.18838 	2852907.1
294.98998 	2832056.3
295.79158 	2811205.2
296.59319 	2790353.7
297.39479 	2769501.9
298.19639 	2748649.8
298.998 	2727797.6
299.7996 	2706945.1
300.6012 	2686092.4
301.40281 	2665239.6
302.20441 	2644386.6
303.00601 	2623533.5
303.80762 	2602680.3
304.60922 	2581827
306.21242 	2540119.9
307.01403 	2519266.2
307.81563 	2498412.3
308.61723 	2477558.3
309.41884 	2456704.1
310.22044 	2435849.6
311.02204 	2414994.9
311.82365 	2394140
312.62525 	2373284.8
313.42685 	2352429.4
314.22846 	2331573.6
315.03006 	2310717.6
315.83166 	2289861.3
316.63327 	2269004.7
317.43487 	2248147.9
318.23647 	2227290.8
319.03808 	2206433.5
319.83968 	2185576
320.64128 	2164718.4
321.44289 	2143860.6
322.24449 	2123002.8
323.04609 	2102144.9
323.8477 	2081287.1
324.6493 	2060429.3
325.4509 	2039571.6
326.25251 	2018714.1
327.05411 	1997856.8
327.85571 	1976999.7
328.65731 	1956142.9
329.45892 	1935286.5
330.26052 	1914430.4
331.06212 	1893574.7
331.86373 	1872719.5
332.66533 	1851864.8
333.46693 	1831010.6
334.26854 	1810156.9
335.07014 	1789303.7
335.87174 	1768451.2
336.67335 	1747599.2
337.47495 	1726747.8
338.27655 	1705897
339.07816 	1685046.9
339.87976 	1664197.4
340.68136 	1643348.5
341.48297 	1622500.2
342.28457 	1601652.5
343.08617 	1580805.5
343.88778 	1559959
344.68938 	1539113.1
345.49098 	1518267.8
346.29259 	1497423.1
347.09419 	1476578.9
347.89579 	1455735.2
348.69739 	1434892
349.499 	1414049.3
350.3006 	1393207
351.1022 	1372365.1
351.90381 	1351523.5
352.70541 	1330682.3
353.50701 	1309841.4
354.30862 	1289000.8
355.11022 	1268160.3
355.91182 	1247320
356.71343 	1226479.9
357.51503 	1205639.7
358.31663 	1184799.6
359.11824 	1163959.4
359.91984 	1143119.1
360.72144 	1122278.6
361.52305 	1101437.8
362.32465 	1080596.8
363.12625 	1059755.3
363.92786 	1038913.4
364.72946 	1018071
365.53106 	997228.08
366.33267 	976384.46
367.13427 	955540.13
367.93587 	934695.03
368.73747 	913849.09
369.53908 	893002.25
370.34068 	872154.47
371.14228 	851305.68
371.94389 	830455.84
372.74549 	809604.91
373.54709 	788752.83
374.3487 	767899.57
375.1503 	747045.1
375.9519 	726189.4
376.75351 	705332.43
377.55511 	684474.19
379.15832 	642753.82
379.95992 	621891.69
381.56313 	580163.53
382.36473 	559297.52
383.16633 	538430.26
383.96794 	517561.75
384.76954 	496692.02
385.57114 	475821.12
386.37275 	454949.06
387.17435 	434075.89
387.97595 	413201.65
388.77756 	392326.39
389.57916 	371450.17
390.38076 	350573.02
391.18236 	329695.02
391.98397 	308816.22
392.78557 	287936.69
393.58717 	267056.5
394.38878 	246175.72
395.19038 	225294.41
395.99198 	204412.66
396.79359 	183530.54
397.59519 	162648.14
399.1984 	120882.79
400 	100508.63
