0 	9740923.2
6.4128257 	9617789.1
34.468938 	9148280.1
37.675351 	9068951.6
40.881764 	8989636.7
50.501002 	8751694.2
53.707415 	8672375.8
62.52505 	8454225.2
65.731463 	8374886.4
68.937876 	8295541.8
69.739479 	8275704.8
96.993988 	7600988.6
103.40681 	7442167.5
106.61323 	7362753.8
116.23246 	7124512.9
123.44689 	6945840.7
125.05 	6906139.8
125.8517 	6886285.8
128.25651 	6826732.1
131.46293 	6747329.2
151.50301 	6251123
153.90782 	6191585.5
156.31263 	6132049.4
159.51904 	6052670
166.73347 	5874074.1
169.13828 	5814544.2
175.5511 	5655801.8
176.35271 	5635959.3
187.57515 	5358169.4
190.78156 	5278802.3
200.4008 	5040704.4
201.2024 	5020863.2
202.00401 	5001021.9
202.80561 	4981180.7
203.60721 	4961339.5
204.40882 	4941498.3
205.21042 	4921657.1
206.01202 	4901816
206.81363 	4881974.8
207.61523 	4862133.7
208.41683 	4842292.5
209.21844 	4822451.4
210.02004 	4802610.3
210.82164 	4782769.1
211.62325 	4762928
212.42485 	4743086.8
213.22645 	4723245.6
214.02806 	4703404.4
214.82966 	4683563.2
215.63126 	4663722
216.43287 	4643880.7
217.23447 	4624039.4
218.03607 	4604198
219.63928 	4564515.3
220.44088 	4544673.8
221.24248 	4524832.3
222.04409 	4504990.8
222.84569 	4485149.2
223.64729 	4465307.6
224.4489 	4445466
225.2505 	4425624.3
226.0521 	4405782.5
227.65531 	4366098.9
228.45691 	4346257
229.25852 	4326415.1
230.86172 	4286731.2
231.66333 	4266889.2
232.46493 	4247047.2
234.06814 	4207363
234.86974 	4187520.9
235.67134 	4167678.7
236.47295 	4147836.6
237.27455 	4127994.4
238.07615 	4108152.2
238.87776 	4088310
239.67936 	4068467.8
240.48096 	4048625.6
241.28257 	4028783.4
242.08417 	4008941.2
242.88577 	3989099
243.68737 	3969256.8
244.48898 	3949414.6
245.29058 	3929572.4
246.09218 	3909730.3
246.89379 	3889888.1
247.69539 	3870046
248.49699 	3850203.9
249.2986 	3830361.8
250.1002 	3810519.8
250.9018 	3790677.7
251.70341 	3770835.7
252.50501 	3750993.8
253.30661 	3731151.8
254.10822 	3711309.9
254.90982 	3691468
255.71142 	3671626.2
256.51303 	3651784.4
257.31463 	3631942.6
258.11623 	3612100.8
258.91784 	3592259.1
259.71944 	3572417.4
260.52104 	3552575.8
261.32265 	3532734.2
262.12425 	3512892.6
262.92585 	3493051.1
263.72745 	3473209.6
264.52906 	3453368.1
265.33066 	3433526.7
266.13226 	3413685.3
266.93387 	3393843.9
267.73547 	3374002.6
268.53707 	3354161.3
269.33868 	3334320.1
270.14028 	3314478.9
270.94188 	3294637.7
271.74349 	3274796.6
272.54509 	3254955.5
273.34669 	3235114.4
274.1483 	3215273.4
274.9499 	3195432.4
274.95 	3195429.9
275.7515 	3175591.4
276.55311 	3155750.4
277.35471 	3135909.5
278.95792 	3096227.8
279.75952 	3076387
280.56112 	3056546.2
281.36273 	3036705.4
282.16433 	3016864.7
282.96593 	2997024
283.76754 	2977183.3
284.56914 	2957342.6
285.37074 	2937502
286.17234 	2917661.4
286.97395 	2897820.7
288.57715 	2858139.5
289.37876 	2838299
290.18036 	2818458.4
290.98196 	2798617.8
291.78357 	2778777.3
292.58517 	2758936.7
293.38677 	2739096.2
294.18838 	2719255.6
294.98998 	2699415
295.79158 	2679574.5
296.59319 	2659733.9
297.39479 	2639893.3
298.19639 	2620052.7
298.998 	2600212
299.7996 	2580371.4
300.6012 	2560530.8
301.40281 	2540690.1
302.20441 	2520849.4
303.00601 	2501008.6
303.80762 	2481167.9
304.60922 	2461327.1
306.21242 	2421645.5
307.01403 	2401804.6
307.81563 	2381963.7
308.61723 	2362122.8
309.41884 	2342281.8
310.22044 	2322440.8
311.02204 	2302599.8
311.82365 	2282758.7
312.62525 	2262917.7
313.42685 	2243076.5
314.22846 	2223235.3
315.03006 	2203394.1
315.83166 	2183552.9
316.63327 	2163711.6
317.43487 	2143870.3
318.23647 	2124029
319.03808 	2104187.6
319.83968 	2084346.1
320.64128 	2064504.7
321.44289 	2044663.2
322.24449 	2024821.6
323.04609 	2004980.1
323.8477 	1985138.5
324.6493 	1965296.8
325.4509 	1945455.1
326.25251 	1925613.4
327.05411 	1905771.6
327.85571 	1885929.8
328.65731 	1866088
329.45892 	1846246.1
330.26052 	1826404.1
331.06212 	1806562.2
331.86373 	1786720.1
332.66533 	1766878.1
333.46693 	1747036
334.26854 	1727193.8
335.07014 	1707351.6
335.87174 	1687509.4
336.67335 	1667667.1
337.47495 	1647824.7
338.27655 	1627982.3
339.07816 	1608139.9
339.87976 	1588297.4
340.68136 	1568454.8
341.48297 	1548612.2
342.28457 	1528769.5
343.08617 	1508926.8
343.88778 	1489084
344.68938 	1469241.2
345.49098 	1449398.3
346.29259 	1429555.3
347.09419 	1409712.3
347.89579 	1389869.3
348.69739 	1370026.1
349.499 	1350182.9
350.3006 	1330339.7
351.1022 	1310496.4
351.90381 	1290653
352.70541 	1270809.6
353.50701 	1250966.1
354.30862 	1231122.6
355.11022 	1211279
355.91182 	1191435.3
356.71343 	1171591.6
357.51503 	1151747.8
358.31663 	1131904
359.11824 	1112060.2
359.91984 	1092216.2
360.72144 	1072372.3
361.52305 	1052528.3
362.32465 	1032684.2
363.12625 	1012840.1
363.92786 	992995.98
364.72946 	973151.81
365.53106 	953307.59
366.33267 	933463.34
367.13427 	913619.06
367.93587 	893774.74
368.73747 	873930.4
369.53908 	854086.03
370.34068 	834241.64
371.14228 	814397.22
371.94389 	794552.79
372.74549 	774708.33
373.54709 	754863.86
374.3487 	735019.38
375.1503 	715174.88
375.9519 	695330.38
376.75351 	675485.87
377.55511 	655641.35
379.15832 	615952.31
379.95992 	596107.79
381.56313 	556418.76
382.36473 	536574.25
383.16633 	516729.75
383.96794 	496885.26
384.76954 	477040.79
385.57114 	457196.32
386.37275 	437351.87
387.17435 	417507.44
387.97595 	397663.03
388.77756 	377818.64
389.57916 	357974.26
390.38076 	338129.91
391.18236 	318285.59
391.98397 	298441.29
392.78557 	278597.02
393.58717 	258752.77
394.38878 	238908.56
395.19038 	219064.38
395.99198 	199220.22
396.79359 	179376.11
397.59519 	159532.02
399.1984 	119843.97
400 	100483.32
