0 	3836485
0.35183948 	3829104
0.70367896 	3821341.8
1.0555184 	3813579.6
1.4073579 	3805817.4
1.7591974 	3798055.2
2.1110369 	3790293
2.4628764 	3782530.7
2.8147158 	3774769.8
3.1665553 	3767051.5
3.5183948 	3759471.2
3.8702343 	3751770.4
4.2220737 	3744025.3
4.9257527 	3728621.8
5.6294317 	3713638.6
5.9812711 	3708475.6
6.3331106 	3702134.3
8.092308 	3664754.2
8.795987 	3649271.7
9.1478265 	3641495.8
10.203345 	3618886.2
10.907024 	3616200.9
11.258863 	3616159.6
11.610703 	3616123.3
11.962542 	3616093.8
12.666221 	3616027.5
13.018061 	3615992.3
13.3699 	3615954
13.72174 	3615916.2
14.777258 	3615796.2
15.480937 	3615724
15.832777 	3615690.6
16.536456 	3615270.2
17.591974 	3595252.1
18.647492 	3571891.1
19.351171 	3556316.8
19.703011 	3548529.7
20.05485 	3540742.6
20.40669 	3532955.6
20.758529 	3525168.6
21.462208 	3509594.6
22.165887 	3494020.7
22.869566 	3478446.9
23.573245 	3462873.1
23.925085 	3455086.2
24.276924 	3447299.4
24.628764 	3439512.6
25.332442 	3423939
25.684282 	3416152.2
26.387961 	3400578.8
26.7398 	3392792
27.09164 	3385005.4
27.443479 	3377218.7
27.795319 	3369432
28.147158 	3361645.4
28.850837 	3346072.2
29.202677 	3338285.7
29.554516 	3330499.1
29.906356 	3322712.6
30.258195 	3314926.1
30.610035 	3307139.6
30.961874 	3299353.2
31.665553 	3283780.4
32.017393 	3275994
32.369232 	3268207.6
32.721072 	3260421.3
33.072911 	3252635
33.424751 	3244848.7
33.77659 	3237062.5
34.128429 	3229276.2
34.480269 	3221490
34.832108 	3213703.8
35.183948 	3205917.6
35.535787 	3198131.5
35.887627 	3190345.3
36.239466 	3182559.2
36.591306 	3174773.1
37.294985 	3159201
37.646824 	3151414.9
37.998664 	3143628.9
38.702343 	3128056.9
39.406022 	3112485
39.757861 	3104699.1
41.165219 	3073555.6
41.517059 	3065769.7
41.868898 	3057983.9
42.220737 	3050198.1
42.924416 	3034626.5
43.276256 	3026840.7
43.628095 	3019055
43.979935 	3011269.3
44.683614 	2995697.8
45.035453 	2987912.1
45.387293 	2980126.5
46.090972 	2964555.2
46.442811 	2956769.5
47.14649 	2941198.3
47.49833 	2933412.7
48.202009 	2917841.6
48.553848 	2910056.1
49.257527 	2894485
49.609367 	2886699.5
49.961206 	2878914
50.313045 	2871128.5
50.664885 	2863343.1
51.016724 	2855557.6
51.720403 	2839986.7
52.072243 	2832201.3
52.424082 	2824415.9
52.775922 	2816630.5
53.127761 	2808845.2
54.18328 	2785489.1
54.535119 	2777703.8
54.886959 	2769918.5
55.238798 	2762133.2
55.590638 	2754347.9
55.942477 	2746562.6
56.997996 	2723206.8
57.349835 	2715421.6
57.701675 	2707636.4
58.053514 	2699851.2
58.405354 	2692066
58.757193 	2684280.8
59.109032 	2676495.6
59.460872 	2668710.4
60.164551 	2653140.1
60.51639 	2645355
60.86823 	2637569.9
61.220069 	2629784.7
61.571909 	2621999.6
61.923748 	2614214.5
62.275588 	2606429.4
62.627427 	2598644.3
62.979267 	2590859.3
63.331106 	2583074.2
63.682946 	2575289.2
64.034785 	2567504.1
64.386625 	2559719.1
64.738464 	2551934
65.442143 	2536364
65.793983 	2528579
66.497662 	2513009
67.55318 	2489654.1
68.256859 	2474084.2
68.608698 	2466299.3
69.312377 	2450729.4
70.016056 	2435159.6
70.367896 	2427374.7
70.719735 	2419589.8
71.071575 	2411804.9
71.423414 	2404020
72.830772 	2372880.5
73.182612 	2365095.7
73.534451 	2357310.9
73.886291 	2349526
74.941809 	2326171.6
75.293648 	2318386.8
75.645488 	2310602
75.997327 	2302817.2
77.052846 	2279462.9
77.404685 	2271678.1
77.756525 	2263893.4
78.460204 	2248323.9
78.812043 	2240539.1
79.163883 	2232754.4
80.219401 	2209400.3
81.27492 	2186046.2
81.626759 	2178261.5
81.978599 	2170476.9
82.330438 	2162692.2
82.682278 	2154907.5
83.034117 	2147122.9
83.385957 	2139338.3
83.737796 	2131553.6
84.089635 	2123769
84.441475 	2115984.4
85.496993 	2092630.5
86.552512 	2069276.8
86.904351 	2061492.2
89.015388 	2014784.8
89.367228 	2007000.3
90.070907 	1991431.2
90.422746 	1983646.7
90.774586 	1975862.2
91.126425 	1968077.7
91.478265 	1960293.2
91.830104 	1952508.7
92.533783 	1936939.7
93.237462 	1921370.7
93.589301 	1913586.2
93.941141 	1905801.8
94.29298 	1898017.3
96.052178 	1859095
96.404017 	1851310.6
96.755857 	1843526.2
97.459536 	1827957.3
97.811375 	1820172.9
98.163215 	1812388.5
98.515054 	1804604.1
99.922412 	1773466.4
100.27425 	1765682
100.62609 	1757897.6
101.32977 	1742328.9
102.03345 	1726760.1
102.38529 	1718975.7
103.79265 	1687838.2
104.14449 	1680053.9
104.49633 	1672269.5
105.2 	1656700.8
105.90368 	1641132.1
106.25552 	1633347.7
106.60736 	1625563.4
108.01472 	1594426
108.36656 	1586641.7
108.7184 	1578857.4
109.07024 	1571073
109.77392 	1555504.4
110.12576 	1547720.1
110.82944 	1532151.4
111.18128 	1524367.1
111.53311 	1516582.8
111.88495 	1508798.5
112.58863 	1493229.9
112.94047 	1485445.6
113.29231 	1477661.3
113.64415 	1469877
113.99599 	1462092.7
114.34783 	1454308.5
114.69967 	1446524.2
115.05151 	1438739.9
115.40335 	1430955.6
115.75519 	1423171.4
116.45887 	1407602.8
116.81071 	1399818.6
117.16255 	1392034.3
117.51439 	1384250.1
118.21806 	1368681.6
118.5699 	1360897.4
118.92174 	1353113.1
119.27358 	1345328.9
119.62542 	1337544.7
119.97726 	1329760.5
120.3291 	1321976.3
120.68094 	1314192.1
121.03278 	1306407.9
121.38462 	1298623.7
121.73646 	1290839.5
122.0883 	1283055.3
122.79198 	1267487
123.14382 	1259702.8
123.49566 	1251918.7
123.8475 	1244134.5
124.19934 	1236350.4
124.55118 	1228566.2
124.90302 	1220782.1
125.25485 	1212998
125.60669 	1205213.9
126.66221 	1181861.6
127.01405 	1174077.5
127.36589 	1166293.4
127.71773 	1158509.4
128.06957 	1150725.3
128.42141 	1142941.2
128.77325 	1135157.2
129.12509 	1127373.2
129.47693 	1119589.1
130.18061 	1104021.1
130.53245 	1096237.1
130.88429 	1088453.1
131.23613 	1080669.2
132.29164 	1057317.3
132.64348 	1049533.3
132.99532 	1041749.4
133.699 	1026181.6
134.05084 	1018397.6
134.40268 	1010613.8
134.75452 	1002829.9
135.4582 	987262.12
135.81004 	979478.27
136.16188 	971694.42
136.51372 	963910.58
136.86556 	956126.75
137.56924 	940559.13
137.92108 	932775.33
138.27292 	924991.54
138.97659 	909423.99
139.68027 	893856.48
140.03211 	886072.74
140.38395 	878289.01
140.73579 	870505.29
141.08763 	862721.57
141.43947 	854937.87
141.79131 	847154.18
142.14315 	839370.49
142.49499 	831586.82
142.84683 	823803.15
144.25419 	792668.58
145.3097 	769317.75
145.66154 	761534.16
146.01338 	753750.57
146.36522 	745967
146.71706 	738183.43
147.0689 	730399.87
147.42074 	722616.32
148.12442 	707049.24
148.8281 	691482.19
149.17994 	683698.68
149.88362 	668131.68
150.23546 	660348.19
150.5873 	652564.71
151.29098 	636997.77
151.99465 	621430.86
152.69833 	605863.97
153.05017 	598080.54
153.40201 	590297.12
153.75385 	582513.7
154.45753 	566946.88
154.80937 	559163.48
155.16121 	551380.09
155.51305 	543596.7
155.86489 	535813.32
156.21673 	528029.95
156.56857 	520246.58
157.62409 	496896.52
157.97593 	489113.17
158.32777 	481329.83
158.67961 	473546.5
159.03144 	465763.18
159.38328 	457979.86
159.73512 	450196.54
160.08696 	442413.23
160.4388 	434629.93
160.79064 	426846.63
161.14248 	419063.34
161.49432 	411280.05
161.84616 	403496.77
162.90168 	380146.96
163.25352 	372363.71
163.9572 	356797.21
164.30904 	349013.96
164.66088 	341230.73
165.01272 	333447.5
165.71639 	317881.05
166.06823 	310097.84
167.12375 	286748.24
167.47559 	278965.05
167.82743 	271181.86
168.17927 	263398.69
168.53111 	255615.52
169.23479 	240049.19
169.58663 	232266.04
169.93847 	224482.89
170.64215 	208916.62
170.99399 	201133.49
171.34583 	193350.37
171.69767 	185567.26
172.04951 	177784.15
172.40134 	170001.05
172.75318 	162217.96
173.10502 	154434.88
174.16054 	131085.66
174.51238 	123302.6
174.86422 	115519.5
