0 	9420598.7
6.4128257 	9288041.8
34.468938 	8744601.2
37.675351 	8695275.1
40.881764 	8642180.4
50.501002 	8545075.7
53.707415 	8543575.5
62.52505 	8538879
65.731463 	8520929.2
68.937876 	8447526.8
69.739479 	8427307.3
96.993988 	7740450.6
103.40681 	7579241.5
106.61323 	7498636.3
116.23246 	7256628.8
123.44689 	7074819.7
125.05 	7034416.4
125.8517 	7014212.8
128.25651 	6953616.4
131.46293 	6872821.3
151.50301 	6366404.7
153.90782 	6305495.3
156.31263 	6244600
159.51904 	6163457.5
166.73347 	5981203.7
169.13828 	5920547.8
175.5511 	5758952.8
176.35271 	5738763.7
187.57515 	5456148.5
190.78156 	5375361.9
200.4008 	5132844.1
201.2024 	5112629.2
202.00401 	5092414.5
202.80561 	5072200.3
203.60721 	5051986.7
204.40882 	5031773.9
205.21042 	5011562.3
206.01202 	4991351.8
206.81363 	4971142.8
207.61523 	4950935.3
208.41683 	4930729.5
209.21844 	4910525.6
210.02004 	4890323.6
210.82164 	4870123.7
211.62325 	4849925.8
212.42485 	4829730.1
213.22645 	4809536.5
214.02806 	4789345.1
214.82966 	4769155.9
215.63126 	4748968.6
216.43287 	4728783.4
217.23447 	4708600.1
218.03607 	4688418.6
219.63928 	4648060.3
220.44088 	4627883.3
221.24248 	4607707.5
222.04409 	4587532.6
222.84569 	4567358.6
223.64729 	4547185.2
224.4489 	4527012.3
225.2505 	4506839.7
226.0521 	4486667.2
227.65531 	4446322.1
228.45691 	4426149.1
229.25852 	4405975.8
230.86172 	4365627.6
231.66333 	4345452.6
232.46493 	4325276.9
234.06814 	4284923
234.86974 	4264744.8
235.67134 	4244565.8
236.47295 	4224385.8
237.27455 	4204204.9
238.07615 	4184023
238.87776 	4163840.1
239.67936 	4143656.2
240.48096 	4123471.3
241.28257 	4103285.2
242.08417 	4083097.9
242.88577 	4062909.5
243.68737 	4042719.8
244.48898 	4022528.8
245.29058 	4002336.3
246.09218 	3982142.5
246.89379 	3961947
247.69539 	3941750
248.49699 	3921551.2
249.2986 	3901350.7
250.1002 	3881148.3
250.9018 	3860943.9
251.70341 	3840737.4
252.50501 	3820528.7
253.30661 	3800317.8
254.10822 	3780104.6
254.90982 	3759889
255.71142 	3739670.8
256.51303 	3719450.1
257.31463 	3699226.7
258.11623 	3679000.7
258.91784 	3658772
259.71944 	3638540.5
260.52104 	3618306.4
261.32265 	3598069.5
262.12425 	3577829.9
262.92585 	3557587.8
263.72745 	3537343
264.52906 	3517095.9
265.33066 	3496846.4
266.13226 	3476594.7
266.93387 	3456341
267.73547 	3436085.4
268.53707 	3415828.2
269.33868 	3395569.6
270.14028 	3375309.8
270.94188 	3355049
271.74349 	3334787.6
272.54509 	3314525.7
273.34669 	3294263.6
274.1483 	3274001.7
274.9499 	3253740.1
274.95 	3253737.5
275.7515 	3233479.1
276.55311 	3213219
277.35471 	3192960.1
278.95792 	3152446.7
279.75952 	3132192.6
280.56112 	3111940.5
281.36273 	3091690.7
282.16433 	3071443.2
282.96593 	3051198.2
283.76754 	3030955.8
284.56914 	3010716
285.37074 	2990479.1
286.17234 	2970244.9
286.97395 	2950013.5
288.57715 	2909559.1
289.37876 	2889336
290.18036 	2869115.5
290.98196 	2848897.6
291.78357 	2828682.1
292.58517 	2808468.9
293.38677 	2788257.8
294.18838 	2768048.7
294.98998 	2747841.5
295.79158 	2727635.9
296.59319 	2707431.8
297.39479 	2687229.1
298.19639 	2667027.5
298.998 	2646826.9
299.7996 	2626627.1
300.6012 	2606428
301.40281 	2586229.4
302.20441 	2566031.2
303.00601 	2545833.3
303.80762 	2525635.5
304.60922 	2505437.8
306.21242 	2465042.3
307.01403 	2444844.3
307.81563 	2424646.2
308.61723 	2404447.9
309.41884 	2384249.3
310.22044 	2364050.6
311.02204 	2343851.6
311.82365 	2323652.4
312.62525 	2303453
313.42685 	2283253.4
314.22846 	2263053.7
315.03006 	2242853.9
315.83166 	2222654.1
316.63327 	2202454.2
317.43487 	2182254.3
318.23647 	2162054.5
319.03808 	2141854.9
319.83968 	2121655.3
320.64128 	2101455.9
321.44289 	2081256.7
322.24449 	2061057.8
323.04609 	2040859
323.8477 	2020660.6
324.6493 	2000462.5
325.4509 	1980264.6
326.25251 	1960067.1
327.05411 	1939869.9
327.85571 	1919672.9
328.65731 	1899476.3
329.45892 	1879279.9
330.26052 	1859083.8
331.06212 	1838887.9
331.86373 	1818692.3
332.66533 	1798496.8
333.46693 	1778301.5
334.26854 	1758106.2
335.07014 	1737911.1
335.87174 	1717715.9
336.67335 	1697520.7
337.47495 	1677325.5
338.27655 	1657130.1
339.07816 	1636934.6
339.87976 	1616738.8
340.68136 	1596542.8
341.48297 	1576346.5
342.28457 	1556149.8
343.08617 	1535952.6
343.88778 	1515755.1
344.68938 	1495557
345.49098 	1475358.3
346.29259 	1455159
347.09419 	1434959.1
347.89579 	1414758.5
348.69739 	1394557.2
349.499 	1374355.1
350.3006 	1354152.2
351.1022 	1333948.5
351.90381 	1313743.9
352.70541 	1293538.4
353.50701 	1273332
354.30862 	1253124.7
355.11022 	1232916.3
355.91182 	1212707
356.71343 	1192496.6
357.51503 	1172285.2
358.31663 	1152072.8
359.11824 	1131859.3
359.91984 	1111644.8
360.72144 	1091429.2
361.52305 	1071212.5
362.32465 	1050994.8
363.12625 	1030776
363.92786 	1010556.2
364.72946 	990335.29
365.53106 	970113.41
366.33267 	949890.54
367.13427 	929666.69
367.93587 	909441.88
368.73747 	889216.16
369.53908 	868989.54
370.34068 	848762.05
371.14228 	828533.73
371.94389 	808304.61
372.74549 	788074.72
373.54709 	767844.09
374.3487 	747612.77
375.1503 	727380.78
375.9519 	707148.16
376.75351 	686914.95
377.55511 	666681.16
379.15832 	626212.01
379.95992 	605976.71
381.56313 	565504.77
382.36473 	545268.18
383.16633 	525031.22
383.96794 	504793.89
384.76954 	484556.23
385.57114 	464318.25
386.37275 	444079.97
387.17435 	423841.41
387.97595 	403602.58
388.77756 	383363.5
389.57916 	363124.19
390.38076 	342884.66
391.18236 	322644.93
391.98397 	302405.02
392.78557 	282164.94
393.58717 	261924.72
394.38878 	241684.37
395.19038 	221443.91
395.99198 	201203.36
396.79359 	180962.74
397.59519 	160722.07
399.1984 	120240.68
400 	100492.99
