0 	3836484.2
0.35183948 	3829087.1
0.70367896 	3821308
1.0555184 	3813528.9
1.4073579 	3805749.8
1.7591974 	3797970.7
2.1110369 	3790191.6
2.4628764 	3782412.4
2.8147158 	3774634
3.1665553 	3766883.7
3.5183948 	3759271.1
3.8702343 	3751584.6
4.2220737 	3743809.7
4.9257527 	3728492.5
5.6294317 	3713352.7
5.9812711 	3708769.9
6.3331106 	3701836.1
8.092308 	3664475.9
8.795987 	3648981.3
9.1478265 	3641198.7
10.203345 	3621958.4
10.907024 	3621479.8
11.258863 	3621451.5
11.610703 	3621417.6
11.962542 	3621379.5
12.666221 	3621298.4
13.018061 	3621257.6
13.3699 	3621213.8
13.72174 	3621168.9
14.777258 	3621055.6
15.480937 	3620980.8
15.832777 	3620918.7
16.536456 	3617571.3
17.591974 	3594713.8
18.647492 	3571358.9
19.351171 	3555789
19.703011 	3548004.1
20.05485 	3540219.2
20.40669 	3532434.3
20.758529 	3524649.4
21.462208 	3509079.7
22.165887 	3493510
22.869566 	3477940.3
23.573245 	3462370.7
23.925085 	3454585.9
24.276924 	3446801.1
24.628764 	3439016.3
25.332442 	3423446.7
25.684282 	3415661.9
26.387961 	3400092.4
26.7398 	3392307.6
27.09164 	3384522.8
27.443479 	3376738.1
27.795319 	3368953.3
28.147158 	3361168.6
28.850837 	3345599.1
29.202677 	3337814.4
29.554516 	3330029.6
29.906356 	3322244.9
30.258195 	3314460.2
30.610035 	3306675.4
30.961874 	3298890.7
31.665553 	3283321.3
32.017393 	3275536.6
32.369232 	3267751.8
32.721072 	3259967.1
33.072911 	3252182.4
33.424751 	3244397.7
33.77659 	3236612.9
34.128429 	3228828.2
34.480269 	3221043.5
34.832108 	3213258.8
35.183948 	3205474
35.535787 	3197689.3
35.887627 	3189904.5
36.239466 	3182119.8
36.591306 	3174335
37.294985 	3158765.5
37.646824 	3150980.7
37.998664 	3143195.9
38.702343 	3127626.3
39.406022 	3112056.6
39.757861 	3104271.8
41.165219 	3073132.4
41.517059 	3065347.5
41.868898 	3057562.6
42.220737 	3049777.7
42.924416 	3034207.9
43.276256 	3026423
43.628095 	3018638.1
43.979935 	3010853.1
44.683614 	2995283.3
45.035453 	2987498.3
45.387293 	2979713.4
46.090972 	2964143.5
46.442811 	2956358.5
47.14649 	2940788.6
47.49833 	2933003.6
48.202009 	2917433.7
48.553848 	2909648.7
49.257527 	2894078.8
49.609367 	2886293.9
49.961206 	2878508.9
50.313045 	2870724
50.664885 	2862939
51.016724 	2855154.1
51.720403 	2839584.3
52.072243 	2831799.3
52.424082 	2824014.4
52.775922 	2816229.6
53.127761 	2808444.7
54.18328 	2785090.1
54.535119 	2777305.3
54.886959 	2769520.5
55.238798 	2761735.7
55.590638 	2753950.9
55.942477 	2746166.1
56.997996 	2722811.9
57.349835 	2715027.2
57.701675 	2707242.6
58.053514 	2699457.9
58.405354 	2691673.2
58.757193 	2683888.6
59.109032 	2676104
59.460872 	2668319.4
60.164551 	2652750.3
60.51639 	2644965.8
60.86823 	2637181.3
61.220069 	2629396.8
61.571909 	2621612.3
61.923748 	2613827.9
62.275588 	2606043.4
62.627427 	2598259
62.979267 	2590474.7
63.331106 	2582690.3
63.682946 	2574906
64.034785 	2567121.6
64.386625 	2559337.3
64.738464 	2551553
65.442143 	2535984.6
65.793983 	2528200.3
66.497662 	2512632
67.55318 	2489279.5
68.256859 	2473711.4
68.608698 	2465927.3
69.312377 	2450359.3
70.016056 	2434791.3
70.367896 	2427007.3
70.719735 	2419223.4
71.071575 	2411439.4
71.423414 	2403655.5
72.830772 	2372520
73.182612 	2364736.2
73.534451 	2356952.4
73.886291 	2349168.6
74.941809 	2325817.3
75.293648 	2318033.6
75.645488 	2310249.9
75.997327 	2302466.2
77.052846 	2279115.1
77.404685 	2271331.5
77.756525 	2263547.9
78.460204 	2247980.6
78.812043 	2240197
79.163883 	2232413.5
80.219401 	2209062.8
81.27492 	2185712.2
81.626759 	2177928.8
81.978599 	2170145.3
82.330438 	2162361.8
82.682278 	2154578.3
83.034117 	2146794.9
83.385957 	2139011.4
83.737796 	2131228
84.089635 	2123444.6
84.441475 	2115661.2
85.496993 	2092311
86.552512 	2068961
86.904351 	2061177.6
89.015388 	2014477.8
89.367228 	2006694.6
90.070907 	1991128
90.422746 	1983344.8
90.774586 	1975561.6
91.126425 	1967778.3
91.478265 	1959995.1
91.830104 	1952211.9
92.533783 	1936645.5
93.237462 	1921079.1
93.589301 	1913295.9
93.941141 	1905512.8
94.29298 	1897729.6
96.052178 	1858813.9
96.404017 	1851030.8
96.755857 	1843247.7
97.459536 	1827681.5
97.811375 	1819898.4
98.163215 	1812115.4
98.515054 	1804332.3
99.922412 	1773200
100.27425 	1765417
100.62609 	1757633.9
101.32977 	1742067.9
102.03345 	1726501.8
102.38529 	1718718.8
103.79265 	1687586.8
104.14449 	1679803.8
104.49633 	1672020.8
105.2 	1656454.9
105.90368 	1640889
106.25552 	1633106
106.60736 	1625323
108.01472 	1594191.2
108.36656 	1586408.3
108.7184 	1578625.4
109.07024 	1570842.4
109.77392 	1555276.6
110.12576 	1547493.6
110.82944 	1531927.8
111.18128 	1524144.9
111.53311 	1516362
111.88495 	1508579.1
112.58863 	1493013.2
112.94047 	1485230.3
113.29231 	1477447.4
113.64415 	1469664.5
113.99599 	1461881.6
114.34783 	1454098.7
114.69967 	1446315.9
115.05151 	1438533
115.40335 	1430750.1
115.75519 	1422967.2
116.45887 	1407401.4
116.81071 	1399618.5
117.16255 	1391835.7
117.51439 	1384052.8
118.21806 	1368487
118.5699 	1360704.2
118.92174 	1352921.3
119.27358 	1345138.4
119.62542 	1337355.6
119.97726 	1329572.7
120.3291 	1321789.8
120.68094 	1314007
121.03278 	1306224.1
121.38462 	1298441.3
121.73646 	1290658.4
122.0883 	1282875.5
122.79198 	1267309.8
123.14382 	1259527
123.49566 	1251744.1
123.8475 	1243961.3
124.19934 	1236178.5
124.55118 	1228395.6
124.90302 	1220612.8
125.25485 	1212829.9
125.60669 	1205047.1
126.66221 	1181698.6
127.01405 	1173915.8
127.36589 	1166132.9
127.71773 	1158350.1
128.06957 	1150567.3
128.42141 	1142784.5
128.77325 	1135001.7
129.12509 	1127218.9
129.47693 	1119436.1
130.18061 	1103870.4
130.53245 	1096087.7
130.88429 	1088304.9
131.23613 	1080522.1
132.29164 	1057173.7
132.64348 	1049390.9
132.99532 	1041608.2
133.699 	1026042.6
134.05084 	1018259.9
134.40268 	1010477.1
134.75452 	1002694.4
135.4582 	987128.86
135.81004 	979346.13
136.16188 	971563.39
136.51372 	963780.67
136.86556 	955997.95
137.56924 	940432.52
137.92108 	932649.82
138.27292 	924867.12
138.97659 	909301.74
139.68027 	893736.39
140.03211 	885953.72
140.38395 	878171.06
140.73579 	870388.41
141.08763 	862605.76
141.43947 	854823.12
141.79131 	847040.49
142.14315 	839257.87
142.49499 	831475.25
142.84683 	823692.64
144.25419 	792562.28
145.3097 	769214.61
145.66154 	761432.06
146.01338 	753649.53
146.36522 	745867
146.71706 	738084.49
147.0689 	730301.98
147.42074 	722519.48
148.12442 	706954.52
148.8281 	691389.59
149.17994 	683607.14
149.88362 	668042.26
150.23546 	660259.84
150.5873 	652477.43
151.29098 	636912.64
151.99465 	621347.89
152.69833 	605783.19
153.05017 	598000.85
153.40201 	590218.52
153.75385 	582436.2
154.45753 	566871.6
154.80937 	559089.32
155.16121 	551307.04
155.51305 	543524.78
155.86489 	535742.53
156.21673 	527960.29
156.56857 	520178.06
157.62409 	496831.43
157.97593 	489049.25
158.32777 	481267.07
158.67961 	473484.91
159.03144 	465702.75
159.38328 	457920.61
159.73512 	450138.48
160.08696 	442356.36
160.4388 	434574.25
160.79064 	426792.15
161.14248 	419010.06
161.49432 	411227.98
161.84616 	403445.92
162.90168 	380099.79
163.25352 	372317.76
163.9572 	356753.75
164.30904 	348971.76
164.66088 	341189.78
165.01272 	333407.81
165.71639 	317843.9
166.06823 	310061.96
167.12375 	286716.21
167.47559 	278934.31
167.82743 	271152.42
168.17927 	263370.54
168.53111 	255588.68
169.23479 	240024.97
169.58663 	232243.13
169.93847 	224461.3
170.64215 	208897.67
170.99399 	201115.86
171.34583 	193334.07
171.69767 	185552.29
172.04951 	177770.51
172.40134 	169988.75
172.75318 	162206.99
173.10502 	154425.24
174.16054 	131080.04
174.51238 	123298.32
174.86422 	115516.56
