0 	8383995.3
6.4128257 	8308738.8
34.468938 	7789959.3
37.675351 	7709982.8
40.881764 	7630213.2
50.501002 	7409282.5
53.707415 	7383541.8
62.52505 	7260702.7
65.731463 	7222258.5
68.937876 	7140437.8
69.739479 	7124436.1
96.993988 	6560159.7
103.40681 	6399256.8
106.61323 	6317289.7
116.23246 	6109134.2
123.44689 	5953644.3
125.05 	5917768.2
125.8517 	5899770.5
128.25651 	5845903.6
131.46293 	5776140.8
151.50301 	5668318
153.90782 	5668312.4
156.31263 	5668303.2
159.51904 	5668131.1
166.73347 	5669317.6
169.13828 	5668870.5
175.5511 	5667390.6
176.35271 	5667262.6
187.57515 	5664777.4
190.78156 	5661633.5
200.4008 	5533376.6
201.2024 	5511504.6
202.00401 	5489652.7
202.80561 	5467826.3
203.60721 	5446029.8
204.40882 	5424262.5
205.21042 	5402521.9
206.01202 	5380807.7
206.81363 	5359123.6
207.61523 	5337474.7
208.41683 	5315862.8
209.21844 	5294283.3
210.02004 	5272727
210.82164 	5251185.1
211.62325 	5229652.4
212.42485 	5208127.7
213.22645 	5186611
214.02806 	5165101.3
214.82966 	5143595.6
215.63126 	5122089.7
216.43287 	5100579.2
217.23447 	5079060.3
218.03607 	5057530.3
219.63928 	5014425.5
220.44088 	4992842.8
221.24248 	4971233.5
222.04409 	4949593
222.84569 	4927918.1
223.64729 	4906207.3
224.4489 	4884460.3
225.2505 	4862678.5
226.0521 	4840863.5
227.65531 	4797143.3
228.45691 	4775242.9
229.25852 	4753319
230.86172 	4709411.7
231.66333 	4687434.2
232.46493 	4665444.9
234.06814 	4621443.1
234.86974 	4599436.5
235.67134 	4577429.8
236.47295 	4555425.7
237.27455 	4533426.3
238.07615 	4511433.9
238.87776 	4489450.2
239.67936 	4467477
240.48096 	4445515.5
241.28257 	4423566.5
242.08417 	4401630.9
242.88577 	4379709
243.68737 	4357800.6
244.48898 	4335905.7
245.29058 	4314023.5
246.09218 	4292153.1
246.89379 	4270293.6
247.69539 	4248443.5
248.49699 	4226601.5
249.2986 	4204766.2
250.1002 	4182936.1
250.9018 	4161109.8
251.70341 	4139285.9
252.50501 	4117463.1
253.30661 	4095640.1
254.10822 	4073815.7
254.90982 	4051988.9
255.71142 	4030158.9
256.51303 	4008325
257.31463 	3986486.9
258.11623 	3964644
258.91784 	3942796.4
259.71944 	3920943.9
260.52104 	3899086.4
261.32265 	3877224.1
262.12425 	3855357.1
262.92585 	3833485.6
263.72745 	3811609.9
264.52906 	3789730.5
265.33066 	3767847.8
266.13226 	3745962.4
266.93387 	3724074.9
267.73547 	3702185.9
268.53707 	3680296
269.33868 	3658405.9
270.14028 	3636516.1
270.94188 	3614627.3
271.74349 	3592740.1
272.54509 	3570854.8
273.34669 	3548972.1
274.1483 	3527092.1
274.9499 	3505215.2
274.95 	3505212.5
275.7515 	3483341.5
276.55311 	3461471.2
277.35471 	3439604.1
278.95792 	3395879.3
279.75952 	3374021
280.56112 	3352165.2
281.36273 	3330311.6
282.16433 	3308459.8
282.96593 	3286609.8
283.76754 	3264761.2
284.56914 	3242914
285.37074 	3221068
286.17234 	3199223.1
286.97395 	3177379.4
288.57715 	3133694.9
289.37876 	3111854.1
290.18036 	3090014.2
290.98196 	3068175.2
291.78357 	3046337
292.58517 	3024499.8
293.38677 	3002663.5
294.18838 	2980828.1
294.98998 	2958993.8
295.79158 	2937160.5
296.59319 	2915328.3
297.39479 	2893497.3
298.19639 	2871667.3
298.998 	2849838.3
299.7996 	2828010.3
300.6012 	2806183.2
301.40281 	2784356.7
302.20441 	2762530.7
303.00601 	2740705
303.80762 	2718879.4
304.60922 	2697053.6
306.21242 	2653400.6
307.01403 	2631573
307.81563 	2609744.4
308.61723 	2587914.6
309.41884 	2566083.4
310.22044 	2544250.7
311.02204 	2522416.4
311.82365 	2500580.3
312.62525 	2478742.4
313.42685 	2456902.6
314.22846 	2435060.7
315.03006 	2413216.7
315.83166 	2391370.5
316.63327 	2369521.8
317.43487 	2347670.6
318.23647 	2325816.7
319.03808 	2303960
319.83968 	2282100.4
320.64128 	2260237.7
321.44289 	2238371.9
322.24449 	2216503.1
323.04609 	2194631.3
323.8477 	2172756.7
324.6493 	2150879.5
325.4509 	2129000
326.25251 	2107118.7
327.05411 	2085235.8
327.85571 	2063352
328.65731 	2041467.8
329.45892 	2019583.5
330.26052 	1997699.9
331.06212 	1975817.3
331.86373 	1953936.2
332.66533 	1932057.2
333.46693 	1910180.5
334.26854 	1888306.6
335.07014 	1866435.7
335.87174 	1844568
336.67335 	1822703.8
337.47495 	1800843.3
338.27655 	1778986.4
339.07816 	1757133.2
339.87976 	1735283.8
340.68136 	1713438.1
341.48297 	1691595.9
342.28457 	1669757.2
343.08617 	1647921.9
343.88778 	1626089.7
344.68938 	1604260.6
345.49098 	1582434.2
346.29259 	1560610.4
347.09419 	1538789.1
347.89579 	1516969.9
348.69739 	1495152.7
349.499 	1473337.2
350.3006 	1451523.4
351.1022 	1429711
351.90381 	1407899.8
352.70541 	1386089.7
353.50701 	1364280.6
354.30862 	1342472.3
355.11022 	1320664.9
355.91182 	1298858.1
356.71343 	1277052.1
357.51503 	1255246.6
358.31663 	1233441.7
359.11824 	1211637.4
359.91984 	1189833.6
360.72144 	1168030.4
361.52305 	1146227.7
362.32465 	1124425.5
363.12625 	1102623.8
363.92786 	1080822.7
364.72946 	1059022
365.53106 	1037221.9
366.33267 	1015422.4
367.13427 	993623.32
367.93587 	971824.83
368.73747 	950026.88
369.53908 	928229.48
370.34068 	906432.63
371.14228 	884636.31
371.94389 	862840.52
372.74549 	841045.23
373.54709 	819250.42
374.3487 	797456.04
375.1503 	775662.05
375.9519 	753868.42
376.75351 	732075.07
377.55511 	710281.97
379.15832 	666696.27
379.95992 	644903.55
381.56313 	601318.12
382.36473 	579525.31
383.16633 	557732.37
383.96794 	535939.27
384.76954 	514145.96
385.57114 	492352.41
386.37275 	470558.58
387.17435 	448764.43
387.97595 	426969.94
388.77756 	405175.05
389.57916 	383379.75
390.38076 	361584.01
391.18236 	339787.78
391.98397 	317991.07
392.78557 	296193.85
393.58717 	274396.12
394.38878 	252597.89
395.19038 	230799.18
395.99198 	209000.04
396.79359 	187200.51
397.59519 	165400.66
399.1984 	121800.32
400 	100530.98
