0 	8387010.8
6.4128257 	8309045
34.468938 	7795170.5
37.675351 	7713901.5
40.881764 	7632681.2
50.501002 	7418386.7
53.707415 	7380470.7
62.52505 	7263873.8
65.731463 	7209796.4
68.937876 	7132803.4
69.739479 	7115748.6
96.993988 	6598324.4
103.40681 	6446984.5
106.61323 	6366071.2
116.23246 	6142010.1
123.44689 	5967246.9
125.05 	5932032.7
125.8517 	5914267.7
128.25651 	5860907.3
131.46293 	5789899.1
151.50301 	5674606.6
153.90782 	5673742.6
156.31263 	5672911
159.51904 	5673246.8
166.73347 	5675941.2
169.13828 	5675195.6
175.5511 	5676074.4
176.35271 	5676873.4
187.57515 	5675745.9
190.78156 	5675280.4
200.4008 	5532464.5
201.2024 	5510611.6
202.00401 	5488750.2
202.80561 	5466881.7
203.60721 	5445007.5
204.40882 	5423128.6
205.21042 	5401245.3
206.01202 	5379357.7
206.81363 	5357466
207.61523 	5335570.7
208.41683 	5313672.8
209.21844 	5291773.3
210.02004 	5269872.9
210.82164 	5247972
211.62325 	5226070.6
212.42485 	5204168.6
213.22645 	5182265.8
214.02806 	5160362.5
214.82966 	5138458.9
215.63126 	5116555.1
216.43287 	5094651.1
217.23447 	5072746.5
218.03607 	5050841.4
219.63928 	5007029.3
220.44088 	4985123.4
221.24248 	4963218.9
222.04409 	4941316.7
222.84569 	4919418
223.64729 	4897523.5
224.4489 	4875633.6
225.2505 	4853748.4
226.0521 	4831867.4
227.65531 	4788114.8
228.45691 	4766241.2
229.25852 	4744368
230.86172 	4700620.1
231.66333 	4678745.1
232.46493 	4656869.6
234.06814 	4613120.4
234.86974 	4591248.1
235.67134 	4569378.4
236.47295 	4547511.6
237.27455 	4525647.8
238.07615 	4503786.6
238.87776 	4481927.7
239.67936 	4460070.4
240.48096 	4438213.8
241.28257 	4416357.5
242.08417 	4394500.9
242.88577 	4372643.7
243.68737 	4350785.7
244.48898 	4328927
245.29058 	4307067.3
246.09218 	4285206.6
246.89379 	4263344.8
247.69539 	4241481.7
248.49699 	4219617.3
249.2986 	4197751.4
250.1002 	4175884.2
250.9018 	4154015.6
251.70341 	4132145.7
252.50501 	4110274.7
253.30661 	4088402.6
254.10822 	4066529.5
254.90982 	4044655.5
255.71142 	4022781
256.51303 	4000906.1
257.31463 	3979031.3
258.11623 	3957156.8
258.91784 	3935283
259.71944 	3913410
260.52104 	3891538.1
261.32265 	3869667.1
262.12425 	3847797.1
262.92585 	3825928
263.72745 	3804059.9
264.52906 	3782192.8
265.33066 	3760327
266.13226 	3738462.6
266.93387 	3716599.9
267.73547 	3694739.4
268.53707 	3672881.2
269.33868 	3651025.8
270.14028 	3629173.3
270.94188 	3607324.1
271.74349 	3585478.1
272.54509 	3563635.6
273.34669 	3541796.3
274.1483 	3519960.2
274.9499 	3498127
274.95 	3498124.2
275.7515 	3476296.3
276.55311 	3454467.8
277.35471 	3432640.9
278.95792 	3388989.9
279.75952 	3367164.7
280.56112 	3345339.1
281.36273 	3323512.4
282.16433 	3301684.4
282.96593 	3279854.4
283.76754 	3258022.3
284.56914 	3236187.8
285.37074 	3214350.6
286.17234 	3192510.5
286.97395 	3170667.6
288.57715 	3126972.6
289.37876 	3105120.6
290.18036 	3083265.6
290.98196 	3061407.6
291.78357 	3039546.7
292.58517 	3017682.8
293.38677 	2995815.9
294.18838 	2973946.2
294.98998 	2952073.5
295.79158 	2930198
296.59319 	2908319.8
297.39479 	2886438.9
298.19639 	2864555.6
298.998 	2842670.1
299.7996 	2820782.7
300.6012 	2798893.8
301.40281 	2777003.7
302.20441 	2755113.1
303.00601 	2733222.3
303.80762 	2711331.9
304.60922 	2689442.4
306.21242 	2645668.4
307.01403 	2623784.8
307.81563 	2601904.2
308.61723 	2580026.9
309.41884 	2558153.5
310.22044 	2536284.2
311.02204 	2514419.5
311.82365 	2492559.6
312.62525 	2470705
313.42685 	2448855.8
314.22846 	2427012.6
315.03006 	2405175.4
315.83166 	2383344.5
316.63327 	2361520.2
317.43487 	2339702.8
318.23647 	2317892.2
319.03808 	2296088.8
319.83968 	2274292.6
320.64128 	2252503.6
321.44289 	2230721.8
322.24449 	2208947.3
323.04609 	2187179.9
323.8477 	2165419.5
324.6493 	2143666
325.4509 	2121919.2
326.25251 	2100178.8
327.05411 	2078444.7
327.85571 	2056716.4
328.65731 	2034993.8
329.45892 	2013276.3
330.26052 	1991563.7
331.06212 	1969855.5
331.86373 	1948151.2
332.66533 	1926450.5
333.46693 	1904752.8
334.26854 	1883057.7
335.07014 	1861364.7
335.87174 	1839673.4
336.67335 	1817983.4
337.47495 	1796294.1
338.27655 	1774605.3
339.07816 	1752916.5
339.87976 	1731227.4
340.68136 	1709537.7
341.48297 	1687847.2
342.28457 	1666155.5
343.08617 	1644462.5
343.88778 	1622768
344.68938 	1601071.8
345.49098 	1579373.8
346.29259 	1557674
347.09419 	1535972.2
347.89579 	1514268.5
348.69739 	1492562.9
349.499 	1470855.3
350.3006 	1449145.8
351.1022 	1427434.5
351.90381 	1405721.6
352.70541 	1384006.9
353.50701 	1362290.8
354.30862 	1340573.3
355.11022 	1318854.4
355.91182 	1297134.3
356.71343 	1275413.1
357.51503 	1253690.8
358.31663 	1231967.5
359.11824 	1210243.2
359.91984 	1188517.9
360.72144 	1166791.6
361.52305 	1145064.3
362.32465 	1123336
363.12625 	1101606.6
363.92786 	1079876
364.72946 	1058144.1
365.53106 	1036411
366.33267 	1014676.4
367.13427 	992940.39
367.93587 	971202.72
368.73747 	949463.34
369.53908 	927722.12
370.34068 	905978.96
371.14228 	884233.73
371.94389 	862486.31
372.74549 	840736.58
373.54709 	818984.44
374.3487 	797229.77
375.1503 	775472.48
375.9519 	753712.5
376.75351 	731949.77
377.55511 	710184.25
379.15832 	666644.81
379.95992 	644870.93
381.56313 	601315.14
382.36473 	579533.42
383.16633 	557749.31
383.96794 	535962.93
384.76954 	514174.44
385.57114 	492384.01
386.37275 	470591.79
387.17435 	448797.97
387.97595 	427002.73
388.77756 	405206.23
389.57916 	383408.64
390.38076 	361610.14
391.18236 	339810.88
391.98397 	318011
392.78557 	296210.65
393.58717 	274409.93
394.38878 	252608.95
395.19038 	230807.79
395.99198 	209006.53
396.79359 	187205.21
397.59519 	165403.88
399.1984 	121801.27
400 	100531
