0 	3836514.1
0.35183948 	3829312
0.70367896 	3821667.3
1.0555184 	3814027.5
1.4073579 	3806389
1.7591974 	3798725.6
2.1110369 	3790837.9
2.4628764 	3781343.5
2.8147158 	3766672
3.1665553 	3755705.4
3.5183948 	3751567.8
3.8702343 	3748639.7
4.2220737 	3746086.3
4.9257527 	3745038.4
5.6294317 	3744986.2
5.9812711 	3744947.3
6.3331106 	3744956.6
8.092308 	3745329.7
8.795987 	3745370.9
9.1478265 	3745532.2
10.203345 	3745046
10.907024 	3736337.4
11.258863 	3728614.9
11.610703 	3720848.1
11.962542 	3713079.1
12.666221 	3697540.4
13.018061 	3689770.9
13.3699 	3682001.3
13.72174 	3674231.6
14.777258 	3650922.4
15.480937 	3635382.7
15.832777 	3627612.7
16.536456 	3612072.7
17.591974 	3588762.3
18.647492 	3565451.9
19.351171 	3549911.7
19.703011 	3542141.6
20.05485 	3534371.6
20.40669 	3526601.7
20.758529 	3518831.8
21.462208 	3503292.3
22.165887 	3487753
22.869566 	3472214
23.573245 	3456675.2
23.925085 	3448905.9
24.276924 	3441136.7
24.628764 	3433367.5
25.332442 	3417829.1
25.684282 	3410060
26.387961 	3394521.7
26.7398 	3386752.5
27.09164 	3378983.4
27.443479 	3371214.2
27.795319 	3363445
28.147158 	3355675.8
28.850837 	3340137.3
29.202677 	3332368
29.554516 	3324598.7
29.906356 	3316829.4
30.258195 	3309060
30.610035 	3301290.6
30.961874 	3293521.2
31.665553 	3277982.2
32.017393 	3270212.7
32.369232 	3262443.2
32.721072 	3254673.7
33.072911 	3246904.1
33.424751 	3239134.6
33.77659 	3231365.1
34.128429 	3223595.5
34.480269 	3215826
34.832108 	3208056.5
35.183948 	3200287
35.535787 	3192517.5
35.887627 	3184748
36.239466 	3176978.6
36.591306 	3169209.2
37.294985 	3153670.4
37.646824 	3145901.1
37.998664 	3138131.8
38.702343 	3122593.2
39.406022 	3107054.7
39.757861 	3099285.5
41.165219 	3068208.6
41.517059 	3060439.3
41.868898 	3052670.1
42.220737 	3044900.9
42.924416 	3029362.3
43.276256 	3021593
43.628095 	3013823.7
43.979935 	3006054.3
44.683614 	2990515.6
45.035453 	2982746.1
45.387293 	2974976.7
46.090972 	2959437.7
46.442811 	2951668.2
47.14649 	2936129.1
47.49833 	2928359.5
48.202009 	2912820.3
48.553848 	2905050.7
49.257527 	2889511.4
49.609367 	2881741.8
49.961206 	2873972.1
50.313045 	2866202.5
50.664885 	2858432.8
51.016724 	2850663.1
51.720403 	2835123.8
52.072243 	2827354.1
52.424082 	2819584.4
52.775922 	2811814.7
53.127761 	2804045.1
54.18328 	2780736
54.535119 	2772966.3
54.886959 	2765196.6
55.238798 	2757426.9
55.590638 	2749657.2
55.942477 	2741887.5
56.997996 	2718578.3
57.349835 	2710808.6
57.701675 	2703038.8
58.053514 	2695269
58.405354 	2687499.2
58.757193 	2679729.4
59.109032 	2671959.6
59.460872 	2664189.7
60.164551 	2648650
60.51639 	2640880.1
60.86823 	2633110.2
61.220069 	2625340.3
61.571909 	2617570.4
61.923748 	2609800.4
62.275588 	2602030.4
62.627427 	2594260.5
62.979267 	2586490.5
63.331106 	2578720.5
63.682946 	2570950.5
64.034785 	2563180.5
64.386625 	2555410.4
64.738464 	2547640.4
65.442143 	2532100.3
65.793983 	2524330.2
66.497662 	2508790.1
67.55318 	2485479.9
68.256859 	2469939.7
68.608698 	2462169.6
69.312377 	2446629.4
70.016056 	2431089.2
70.367896 	2423319.1
70.719735 	2415548.9
71.071575 	2407778.8
71.423414 	2400008.7
72.830772 	2368928
73.182612 	2361157.9
73.534451 	2353387.7
73.886291 	2345617.5
74.941809 	2322306.8
75.293648 	2314536.6
75.645488 	2306766.4
75.997327 	2298996.1
77.052846 	2275685.3
77.404685 	2267915.1
77.756525 	2260144.8
78.460204 	2244604.2
78.812043 	2236833.8
79.163883 	2229063.5
80.219401 	2205752.5
81.27492 	2182441.3
81.626759 	2174670.9
81.978599 	2166900.5
82.330438 	2159130.1
82.682278 	2151359.6
83.034117 	2143589.2
83.385957 	2135818.7
83.737796 	2128048.3
84.089635 	2120277.8
84.441475 	2112507.3
85.496993 	2089195.8
86.552512 	2065884.3
86.904351 	2058113.7
89.015388 	2011490.4
89.367228 	2003719.8
90.070907 	1988178.7
90.422746 	1980408.1
90.774586 	1972637.5
91.126425 	1964867
91.478265 	1957096.4
91.830104 	1949325.8
92.533783 	1933784.7
93.237462 	1918243.5
93.589301 	1910473
93.941141 	1902702.4
94.29298 	1894931.9
96.052178 	1856079.2
96.404017 	1848308.6
96.755857 	1840538.1
97.459536 	1824997.1
97.811375 	1817226.6
98.163215 	1809456.1
98.515054 	1801685.6
99.922412 	1770603.6
100.27425 	1762833.1
100.62609 	1755062.6
101.32977 	1739521.6
102.03345 	1723980.6
102.38529 	1716210.1
103.79265 	1685128.2
104.14449 	1677357.7
104.49633 	1669587.2
105.2 	1654046.2
105.90368 	1638505.3
106.25552 	1630734.8
106.60736 	1622964.3
108.01472 	1591882.3
108.36656 	1584111.8
108.7184 	1576341.4
109.07024 	1568570.9
109.77392 	1553029.9
110.12576 	1545259.4
110.82944 	1529718.5
111.18128 	1521948
111.53311 	1514177.6
111.88495 	1506407.1
112.58863 	1490866.2
112.94047 	1483095.8
113.29231 	1475325.3
113.64415 	1467554.9
113.99599 	1459784.5
114.34783 	1452014
114.69967 	1444243.6
115.05151 	1436473.2
115.40335 	1428702.8
115.75519 	1420932.4
116.45887 	1405391.5
116.81071 	1397621.1
117.16255 	1389850.7
117.51439 	1382080.3
118.21806 	1366539.5
118.5699 	1358769.1
118.92174 	1350998.6
119.27358 	1343228.2
119.62542 	1335457.8
119.97726 	1327687.4
120.3291 	1319917
120.68094 	1312146.5
121.03278 	1304376.1
121.38462 	1296605.7
121.73646 	1288835.2
122.0883 	1281064.8
122.79198 	1265523.8
123.14382 	1257753.4
123.49566 	1249982.9
123.8475 	1242212.4
124.19934 	1234441.9
124.55118 	1226671.4
124.90302 	1218900.9
125.25485 	1211130.4
125.60669 	1203359.9
126.66221 	1180048.3
127.01405 	1172277.7
127.36589 	1164507.2
127.71773 	1156736.6
128.06957 	1148966
128.42141 	1141195.4
128.77325 	1133424.8
129.12509 	1125654.2
129.47693 	1117883.6
130.18061 	1102342.3
130.53245 	1094571.7
130.88429 	1086801
131.23613 	1079030.4
132.29164 	1055718.4
132.64348 	1047947.7
132.99532 	1040177
133.699 	1024635.6
134.05084 	1016864.9
134.40268 	1009094.2
134.75452 	1001323.4
135.4582 	985781.99
135.81004 	978011.26
136.16188 	970240.53
136.51372 	962469.79
136.86556 	954699.05
137.56924 	939157.56
137.92108 	931386.81
138.27292 	923616.07
138.97659 	908074.58
139.68027 	892533.09
140.03211 	884762.35
140.38395 	876991.61
140.73579 	869220.88
141.08763 	861450.15
141.43947 	853679.42
141.79131 	845908.7
142.14315 	838137.99
142.49499 	830367.28
142.84683 	822596.57
144.25419 	791513.84
145.3097 	768201.88
145.66154 	760431.25
146.01338 	752660.63
146.36522 	744890.02
146.71706 	737119.42
147.0689 	729348.84
147.42074 	721578.27
148.12442 	706037.17
148.8281 	690496.12
149.17994 	682725.63
149.88362 	667184.68
150.23546 	659414.23
150.5873 	651643.8
151.29098 	636102.99
151.99465 	620562.25
152.69833 	605021.6
153.05017 	597251.3
153.40201 	589481.02
153.75385 	581710.76
154.45753 	566170.3
154.80937 	558400.1
155.16121 	550629.93
155.51305 	542859.78
155.86489 	535089.64
156.21673 	527319.53
156.56857 	519549.45
157.62409 	496239.31
157.97593 	488469.31
158.32777 	480699.34
158.67961 	472929.38
159.03144 	465159.45
159.38328 	457389.54
159.73512 	449619.65
160.08696 	441849.78
160.4388 	434079.93
160.79064 	426310.11
161.14248 	418540.31
161.49432 	410770.52
161.84616 	403000.76
162.90168 	379691.59
163.25352 	371921.91
163.9572 	356382.6
164.30904 	348612.97
164.66088 	340843.37
165.01272 	333073.77
165.71639 	317534.64
166.06823 	309765.1
167.12375 	286456.58
167.47559 	278687.1
167.82743 	270917.64
168.17927 	263148.19
168.53111 	255378.75
169.23479 	239839.92
169.58663 	232070.52
169.93847 	224301.14
170.64215 	208762.41
170.99399 	200993.06
171.34583 	193223.72
171.69767 	185454.4
172.04951 	177685.08
172.40134 	169915.78
172.75318 	162146.48
173.10502 	154377.2
174.16054 	131069.4
174.51238 	123300.15
174.86422 	115530.91
