0 	9314317.1
6.4128257 	9170946.7
34.468938 	8649044.9
37.675351 	8584058
40.881764 	8512186.4
50.501002 	8279679
53.707415 	8204201.7
62.52505 	8045606.8
65.731463 	8044222.4
68.937876 	8043672.3
69.739479 	8043581
96.993988 	7749653.2
103.40681 	7588186.6
106.61323 	7507520.4
116.23246 	7265473.3
123.44689 	7083572.9
125.05 	7043085.7
125.8517 	7022829
128.25651 	6962032.2
131.46293 	6880902.6
151.50301 	6373510.1
153.90782 	6312694.5
156.31263 	6251900.9
159.51904 	6170875.3
166.73347 	5988689.2
169.13828 	5927991.7
175.5511 	5766165.3
176.35271 	5745936.9
187.57515 	5462613.9
190.78156 	5381619
200.4008 	5138661
201.2024 	5118421.9
202.00401 	5098184.1
202.80561 	5077947.6
203.60721 	5057712.2
204.40882 	5037477.9
205.21042 	5017244.5
206.01202 	4997011.8
206.81363 	4976779.8
207.61523 	4956548.2
208.41683 	4936316.9
209.21844 	4916085.9
210.02004 	4895854.8
210.82164 	4875623.7
211.62325 	4855392.4
212.42485 	4835160.9
213.22645 	4814928.9
214.02806 	4794696.6
214.82966 	4774463.7
215.63126 	4754230.3
216.43287 	4733996.4
217.23447 	4713761.9
218.03607 	4693526.9
219.63928 	4653055.2
220.44088 	4632818.5
221.24248 	4612581.3
222.04409 	4592343.6
222.84569 	4572105.4
223.64729 	4551866.8
224.4489 	4531627.8
225.2505 	4511388.4
226.0521 	4491148.7
227.65531 	4450668.3
228.45691 	4430427.7
229.25852 	4410186.9
230.86172 	4369704.8
231.66333 	4349463.6
232.46493 	4329222.3
234.06814 	4288739.7
234.86974 	4268498.5
235.67134 	4248257.4
236.47295 	4228016.5
237.27455 	4207775.7
238.07615 	4187535.3
238.87776 	4167295.1
239.67936 	4147055.4
240.48096 	4126816
241.28257 	4106577.1
242.08417 	4086338.7
242.88577 	4066100.9
243.68737 	4045863.7
244.48898 	4025627.1
245.29058 	4005391.3
246.09218 	3985156.2
246.89379 	3964921.9
247.69539 	3944688.4
248.49699 	3924455.8
249.2986 	3904224.2
250.1002 	3883993.5
250.9018 	3863763.9
251.70341 	3843535.4
252.50501 	3823308
253.30661 	3803081.7
254.10822 	3782856.7
254.90982 	3762633
255.71142 	3742410.5
256.51303 	3722189.3
257.31463 	3701969.5
258.11623 	3681751
258.91784 	3661533.8
259.71944 	3641318
260.52104 	3621103.4
261.32265 	3600890.1
262.12425 	3580678
262.92585 	3560466.9
263.72745 	3540256.8
264.52906 	3520047.6
265.33066 	3499839.2
266.13226 	3479631.3
266.93387 	3459423.9
267.73547 	3439216.7
268.53707 	3419009.5
269.33868 	3398802.2
270.14028 	3378594.5
270.94188 	3358386.2
271.74349 	3338177.1
272.54509 	3317967
273.34669 	3297755.6
274.1483 	3277542.7
274.9499 	3257328.2
274.95 	3257325.7
275.7515 	3237111.9
276.55311 	3216893.5
277.35471 	3196673
278.95792 	3156224.7
279.75952 	3135996.8
280.56112 	3115766.2
281.36273 	3095532.9
282.16433 	3075296.9
282.96593 	3055058.1
283.76754 	3034816.5
284.56914 	3014572.3
285.37074 	2994325.3
286.17234 	2974075.7
286.97395 	2953823.6
288.57715 	2913312.4
289.37876 	2893053.5
290.18036 	2872792.7
290.98196 	2852530
291.78357 	2832265.8
292.58517 	2812000.1
293.38677 	2791733.3
294.18838 	2771465.5
294.98998 	2751196.9
295.79158 	2730927.7
296.59319 	2710658.2
297.39479 	2690388.5
298.19639 	2670118.9
298.998 	2649849.5
299.7996 	2629580.6
300.6012 	2609312.3
301.40281 	2589044.8
302.20441 	2568778.2
303.00601 	2548512.6
303.80762 	2528248.3
304.60922 	2507985.1
306.21242 	2467463
307.01403 	2447204.2
307.81563 	2426946.8
308.61723 	2406691
309.41884 	2386436.6
310.22044 	2366183.9
311.02204 	2345932.6
311.82365 	2325682.8
312.62525 	2305434.4
313.42685 	2285187.4
314.22846 	2264941.7
315.03006 	2244697.3
315.83166 	2224454
316.63327 	2204211.9
317.43487 	2183970.8
318.23647 	2163730.7
319.03808 	2143491.4
319.83968 	2123252.9
320.64128 	2103015.1
321.44289 	2082777.9
322.24449 	2062541.3
323.04609 	2042305.1
323.8477 	2022069.3
324.6493 	2001833.8
325.4509 	1981598.5
326.25251 	1961363.3
327.05411 	1941128.2
327.85571 	1920893.2
328.65731 	1900658.1
329.45892 	1880422.9
330.26052 	1860187.6
331.06212 	1839952.1
331.86373 	1819716.3
332.66533 	1799480.3
333.46693 	1779244
334.26854 	1759007.4
335.07014 	1738770.4
335.87174 	1718533.1
336.67335 	1698295.4
337.47495 	1678057.3
338.27655 	1657818.9
339.07816 	1637580.1
339.87976 	1617341
340.68136 	1597101.5
341.48297 	1576861.7
342.28457 	1556621.6
343.08617 	1536381.2
343.88778 	1516140.6
344.68938 	1495899.8
345.49098 	1475658.8
346.29259 	1455417.7
347.09419 	1435176.5
347.89579 	1414935.2
348.69739 	1394693.8
349.499 	1374452.5
350.3006 	1354211.3
351.1022 	1333970.1
351.90381 	1313729.1
352.70541 	1293488.3
353.50701 	1273247.7
354.30862 	1253007.3
355.11022 	1232767.2
355.91182 	1212527.4
356.71343 	1192288
357.51503 	1172048.9
358.31663 	1151810.2
359.11824 	1131572
359.91984 	1111334.2
360.72144 	1091096.8
361.52305 	1070860
362.32465 	1050623.6
363.12625 	1030387.7
363.92786 	1010152.4
364.72946 	989917.53
365.53106 	969683.19
366.33267 	949449.38
367.13427 	929216.09
367.93587 	908983.32
368.73747 	888751.06
369.53908 	868519.32
370.34068 	848288.09
371.14228 	828057.36
371.94389 	807827.13
372.74549 	787597.38
373.54709 	767368.11
374.3487 	747139.32
375.1503 	726910.99
375.9519 	706683.11
376.75351 	686455.68
377.55511 	666228.68
379.15832 	625775.94
379.95992 	605550.18
381.56313 	565099.82
382.36473 	544875.2
383.16633 	524650.93
383.96794 	504427.01
384.76954 	484203.42
385.57114 	463980.15
386.37275 	443757.19
387.17435 	423534.52
387.97595 	403312.13
388.77756 	383090
389.57916 	362868.13
390.38076 	342646.49
391.18236 	322425.08
391.98397 	302203.88
392.78557 	281982.87
393.58717 	261762.04
394.38878 	241541.37
395.19038 	221320.85
395.99198 	201100.47
396.79359 	180880.2
397.59519 	160660.04
399.1984 	120219.96
400 	100492.48
