0 	7358773.8
6.4128257 	7268765.9
34.468938 	6616191.9
37.675351 	6563522.7
40.881764 	6499551.8
50.501002 	6405800
53.707415 	6337566
62.52505 	6147762.6
65.731463 	6069797.6
68.937876 	5993188.9
69.739479 	5975629
96.993988 	5551041.4
103.40681 	5429721.7
106.61323 	5346759.3
116.23246 	5160839.2
123.44689 	5141014.2
125.05 	5137728
125.8517 	5138231.9
128.25651 	5135595.8
131.46293 	5088222.3
151.50301 	4583687.9
153.90782 	4521775.6
156.31263 	4469013.3
159.51904 	4410702.2
166.73347 	4311391.4
169.13828 	4240362.1
175.5511 	4053377.5
176.35271 	4029499.3
187.57515 	3720097.1
190.78156 	3640742.3
200.4008 	3473162
201.2024 	3467198.9
202.00401 	3464422.7
202.80561 	3463094.5
203.60721 	3462412
204.40882 	3461986.1
205.21042 	3461612.2
206.01202 	3461279.9
206.81363 	3460993.4
207.61523 	3460734.2
208.41683 	3460534.6
209.21844 	3460365.9
210.02004 	3460144
210.82164 	3459929
211.62325 	3459760
212.42485 	3459647.6
213.22645 	3459564
214.02806 	3459481
214.82966 	3459467.9
215.63126 	3459496.7
216.43287 	3459476.1
217.23447 	3459441.6
218.03607 	3459486.8
219.63928 	3459844.8
220.44088 	3460103.6
221.24248 	3460362.4
222.04409 	3460615.1
222.84569 	3460842.1
223.64729 	3461080
224.4489 	3461378.2
225.2505 	3461749.9
226.0521 	3462170.3
227.65531 	3463010.9
228.45691 	3463338.6
229.25852 	3463599
230.86172 	3463896.2
231.66333 	3463955.7
232.46493 	3463926.6
234.06814 	3463750.1
234.86974 	3463611.6
235.67134 	3463454.7
236.47295 	3463294.5
237.27455 	3463140.2
238.07615 	3463026.2
238.87776 	3462952.8
239.67936 	3462944.1
240.48096 	3462981.6
241.28257 	3463052.5
242.08417 	3463151.1
242.88577 	3463215.6
243.68737 	3463223.5
244.48898 	3463199.3
245.29058 	3463158
246.09218 	3463081.2
246.89379 	3462939.8
247.69539 	3462705.9
248.49699 	3462387.3
249.2986 	3462010.5
250.1002 	3461596.4
250.9018 	3461179.3
251.70341 	3460753.4
252.50501 	3460297.4
253.30661 	3459822.6
254.10822 	3459335.8
254.90982 	3458834.6
255.71142 	3458331
256.51303 	3457821.9
257.31463 	3457281.8
258.11623 	3456730
258.91784 	3456167.5
259.71944 	3455579.1
260.52104 	3454993.8
261.32265 	3454438.1
262.12425 	3453888
262.92585 	3453333.4
263.72745 	3452754.6
264.52906 	3452143.1
265.33066 	3451528.4
266.13226 	3450929.6
266.93387 	3450342.7
267.73547 	3449766.8
268.53707 	3449193.9
269.33868 	3448622.1
270.14028 	3448059.4
270.94188 	3447507
271.74349 	3446962.4
272.54509 	3446407.3
273.34669 	3445835.1
274.1483 	3445243
274.9499 	3444631.6
274.95 	3444631.5
275.7515 	3444026
276.55311 	3443433
277.35471 	3442838.1
278.95792 	3441756.2
279.75952 	3441368.2
280.56112 	3441252.6
281.36273 	3441468
282.16433 	3441581.5
282.96593 	3441373.4
283.76754 	3441021.5
284.56914 	3440667.6
285.37074 	3440351.8
286.17234 	3440074.5
286.97395 	3439840.9
288.57715 	3439493.3
289.37876 	3439396
290.18036 	3439421.4
290.98196 	3439578.4
291.78357 	3439740.9
292.58517 	3439856.7
293.38677 	3439972.9
294.18838 	3440116.5
294.98998 	3440293.7
295.79158 	3440498.4
296.59319 	3440683.2
297.39479 	3440773.1
298.19639 	3440786.2
298.998 	3440797.6
299.7996 	3440810.6
300.6012 	3440865.7
301.40281 	3440881.8
302.20441 	3440829.7
303.00601 	3440810.2
303.80762 	3440689.7
304.60922 	3440461.1
306.21242 	3439755.5
307.01403 	3439289.5
307.81563 	3438835.2
308.61723 	3438314.7
309.41884 	3437591.2
310.22044 	3436595
311.02204 	3434634.5
311.82365 	3431025.2
312.62525 	3423692.5
313.42685 	3409452.1
314.22846 	3385975.8
315.03006 	3356444.1
315.83166 	3325492.2
316.63327 	3294561.2
317.43487 	3263701.7
318.23647 	3232872.2
319.03808 	3202060.7
319.83968 	3171260.7
320.64128 	3140464.9
321.44289 	3109666.8
322.24449 	3078864.2
323.04609 	3048059
323.8477 	3017254.3
324.6493 	2986451.3
325.4509 	2955648.7
326.25251 	2924844.3
327.05411 	2894037.2
327.85571 	2863228
328.65731 	2832418.8
329.45892 	2801612.3
330.26052 	2770811.1
331.06212 	2740016.9
331.86373 	2709230.2
332.66533 	2678450
333.46693 	2647674.3
334.26854 	2616900.6
335.07014 	2586127
335.87174 	2555352.5
336.67335 	2524577.2
337.47495 	2493801.4
338.27655 	2463025.9
339.07816 	2432251
339.87976 	2401476.8
340.68136 	2370702.9
341.48297 	2339928.7
342.28457 	2309153.8
343.08617 	2278377.4
343.88778 	2247599.1
344.68938 	2216818.1
345.49098 	2186033.9
346.29259 	2155246.6
347.09419 	2124456.3
347.89579 	2093664
348.69739 	2062871
349.499 	2032079.1
350.3006 	2001290.2
351.1022 	1970506.3
351.90381 	1939729.4
352.70541 	1908961.8
353.50701 	1878205.4
354.30862 	1847461.5
355.11022 	1816730.1
355.91182 	1786009.6
356.71343 	1755296.9
357.51503 	1724587.9
358.31663 	1693878.8
359.11824 	1663166.3
359.91984 	1632449
360.72144 	1601726.5
361.52305 	1570999.5
362.32465 	1540269.4
363.12625 	1509537.7
363.92786 	1478806
364.72946 	1448075.3
365.53106 	1417346.6
366.33267 	1386620.5
367.13427 	1355897.4
367.93587 	1325177.4
368.73747 	1294460.3
369.53908 	1263745.7
370.34068 	1233033.3
371.14228 	1202322.7
371.94389 	1171613.5
372.74549 	1140905.6
373.54709 	1110198.7
374.3487 	1079493.1
375.1503 	1048788.8
375.9519 	1018086.3
376.75351 	987385.8
377.55511 	956687.83
379.15832 	895301.2
379.95992 	864613.45
381.56313 	803251.56
382.36473 	772578.53
383.16633 	741911.63
383.96794 	711251.57
384.76954 	680599.13
385.57114 	649955.12
386.37275 	619320.32
387.17435 	588695.45
387.97595 	558081.14
388.77756 	527477.86
389.57916 	496885.9
390.38076 	466305.35
391.18236 	435736.06
391.98397 	405177.66
392.78557 	374629.57
393.58717 	344091
394.38878 	313561.02
395.19038 	283038.59
395.99198 	252522.59
396.79359 	222011.89
397.59519 	191505.36
399.1984 	130500.47
400 	100742.89
