0 	9450584.3
6.4128257 	9312337
34.468938 	8712094.8
37.675351 	8645680.2
40.881764 	8573271.4
50.501002 	8465765.2
53.707415 	8464922.5
62.52505 	8465173.2
65.731463 	8464321.1
68.937876 	8452836.1
69.739479 	8440444
96.993988 	7750947.2
103.40681 	7587799.8
106.61323 	7506291.4
116.23246 	7262352.8
123.44689 	7079979.2
125.05 	7039505.3
125.8517 	7019269.6
128.25651 	6958585.4
131.46293 	6877693.4
151.50301 	6371989.4
153.90782 	6311306.1
156.31263 	6250626
159.51904 	6169720.9
166.73347 	5987666.8
169.13828 	5926976.3
175.5511 	5765173
176.35271 	5744956.5
187.57515 	5462225
190.78156 	5381508.5
200.4008 	5139242.7
201.2024 	5119037.8
202.00401 	5098830
202.80561 	5078619.1
203.60721 	5058405.1
204.40882 	5038188.1
205.21042 	5017968.1
206.01202 	4997745.1
206.81363 	4977519.1
207.61523 	4957290.3
208.41683 	4937058.7
209.21844 	4916824.3
210.02004 	4896587.2
210.82164 	4876347.6
211.62325 	4856105.5
212.42485 	4835861
213.22645 	4815614.3
214.02806 	4795365.3
214.82966 	4775114.3
215.63126 	4754861.3
216.43287 	4734606.5
217.23447 	4714349.9
218.03607 	4694091.7
219.63928 	4653570.7
220.44088 	4633308.2
221.24248 	4613044.4
222.04409 	4592779.5
222.84569 	4572513.6
223.64729 	4552246.8
224.4489 	4531979.1
225.2505 	4511710.7
226.0521 	4491441.6
227.65531 	4450901.8
228.45691 	4430631.3
229.25852 	4410360.4
230.86172 	4369818.1
231.66333 	4349546.8
232.46493 	4329275.5
234.06814 	4288733.1
234.86974 	4268462.2
235.67134 	4248191.6
236.47295 	4227921.4
237.27455 	4207651.6
238.07615 	4187382.4
238.87776 	4167113.7
239.67936 	4146845.7
240.48096 	4126578.4
241.28257 	4106311.9
242.08417 	4086046.3
242.88577 	4065781.6
243.68737 	4045517.8
244.48898 	4025255.1
245.29058 	4004993.5
246.09218 	3984732.9
246.89379 	3964473.5
247.69539 	3944215.2
248.49699 	3923958.2
249.2986 	3903702.3
250.1002 	3883447.6
250.9018 	3863194.1
251.70341 	3842941.7
252.50501 	3822690.5
253.30661 	3802440.4
254.10822 	3782191.4
254.90982 	3761943.3
255.71142 	3741696.2
256.51303 	3721450.1
257.31463 	3701204.7
258.11623 	3680960.1
258.91784 	3660716.2
259.71944 	3640472.9
260.52104 	3620230.2
261.32265 	3599987.8
262.12425 	3579745.9
262.92585 	3559504.2
263.72745 	3539262.7
264.52906 	3519021.4
265.33066 	3498780.1
266.13226 	3478538.9
266.93387 	3458297.7
267.73547 	3438056.3
268.53707 	3417814.9
269.33868 	3397573.4
270.14028 	3377331.7
270.94188 	3357089.8
271.74349 	3336847.9
272.54509 	3316605.8
273.34669 	3296363.5
274.1483 	3276121.2
274.9499 	3255878.9
274.95 	3255876.4
275.7515 	3235636.6
276.55311 	3215394.3
277.35471 	3195152.1
278.95792 	3154668.2
279.75952 	3134426.7
280.56112 	3114185.5
281.36273 	3093944.7
282.16433 	3073704.3
282.96593 	3053464.5
283.76754 	3033225.2
284.56914 	3012986.5
285.37074 	2992748.6
286.17234 	2972511.3
286.97395 	2952274.7
288.57715 	2911804
289.37876 	2891569.9
290.18036 	2871336.5
290.98196 	2851104.1
291.78357 	2830872.4
292.58517 	2810641.7
293.38677 	2790411.7
294.18838 	2770182.6
294.98998 	2749954.2
295.79158 	2729726.6
296.59319 	2709499.8
297.39479 	2689273.6
298.19639 	2669048.1
298.998 	2648823.2
299.7996 	2628598.9
300.6012 	2608375.1
301.40281 	2588151.8
302.20441 	2567928.8
303.00601 	2547706.3
303.80762 	2527484
304.60922 	2507262
306.21242 	2466818.4
307.01403 	2446596.8
307.81563 	2426375.2
308.61723 	2406153.5
309.41884 	2385931.8
310.22044 	2365710
311.02204 	2345487.9
311.82365 	2325265.7
312.62525 	2305043.2
313.42685 	2284820.4
314.22846 	2264597.3
315.03006 	2244373.8
315.83166 	2224149.9
316.63327 	2203925.6
317.43487 	2183700.9
318.23647 	2163475.8
319.03808 	2143250.2
319.83968 	2123024.1
320.64128 	2102797.6
321.44289 	2082570.6
322.24449 	2062343.1
323.04609 	2042115.1
323.8477 	2021886.6
324.6493 	2001657.6
325.4509 	1981428.1
326.25251 	1961198.2
327.05411 	1940967.8
327.85571 	1920736.9
328.65731 	1900505.6
329.45892 	1880273.9
330.26052 	1860041.7
331.06212 	1839809.1
331.86373 	1819576.1
332.66533 	1799342.7
333.46693 	1779109
334.26854 	1758874.9
335.07014 	1738640.5
335.87174 	1718405.8
336.67335 	1698170.7
337.47495 	1677935.4
338.27655 	1657699.8
339.07816 	1637464
339.87976 	1617227.9
340.68136 	1596991.6
341.48297 	1576755.2
342.28457 	1556518.5
343.08617 	1536281.7
343.88778 	1516044.7
344.68938 	1495807.6
345.49098 	1475570.3
346.29259 	1455333
347.09419 	1435095.5
347.89579 	1414858
348.69739 	1394620.4
349.499 	1374382.8
350.3006 	1354145.1
351.1022 	1333907.4
351.90381 	1313669.7
352.70541 	1293432
353.50701 	1273194.3
354.30862 	1252956.6
355.11022 	1232719
355.91182 	1212481.4
356.71343 	1192243.9
357.51503 	1172006.4
358.31663 	1151769.1
359.11824 	1131531.9
359.91984 	1111294.8
360.72144 	1091057.9
361.52305 	1070821.2
362.32465 	1050584.6
363.12625 	1030348.3
363.92786 	1010112.2
364.72946 	989876.43
365.53106 	969640.9
366.33267 	949405.69
367.13427 	929170.82
367.93587 	908936.3
368.73747 	888702.18
369.53908 	868468.47
370.34068 	848235.2
371.14228 	828002.39
371.94389 	807770.07
372.74549 	787538.26
373.54709 	767306.99
374.3487 	747076.27
375.1503 	726846.12
375.9519 	706616.57
376.75351 	686387.63
377.55511 	666159.31
379.15832 	625704.59
379.95992 	605478.21
381.56313 	565027.42
382.36473 	544803.01
383.16633 	524579.27
383.96794 	504356.17
384.76954 	484133.72
385.57114 	463911.89
386.37275 	443690.69
387.17435 	423470.08
387.97595 	403250.06
388.77756 	383030.59
389.57916 	362811.66
390.38076 	342593.24
391.18236 	322375.3
391.98397 	302157.81
392.78557 	281940.73
393.58717 	261724.05
394.38878 	241507.71
395.19038 	221291.69
395.99198 	201075.94
396.79359 	180860.43
397.59519 	160645.13
399.1984 	120214.95
400 	100492.36
