0 	8041645.3
6.4128257 	7906159.5
34.468938 	7441705.7
37.675351 	7365691
40.881764 	7286690
50.501002 	7041551.5
53.707415 	6989917.7
62.52505 	6979792.9
65.731463 	6928459.5
68.937876 	6845012.4
69.739479 	6824300.6
96.993988 	6136742.1
103.40681 	6027318.6
106.61323 	5948465.3
116.23246 	5755117
123.44689 	5669071.8
125.05 	5629230
125.8517 	5609196.9
128.25651 	5548732.3
131.46293 	5480727.7
151.50301 	4982307.1
153.90782 	4926954.7
156.31263 	4871711
159.51904 	4801146.6
166.73347 	4765077.8
169.13828 	4764931.1
175.5511 	4765144.1
176.35271 	4764986.8
187.57515 	4768040.2
190.78156 	4767281.7
200.4008 	4766097.3
201.2024 	4766209.9
202.00401 	4766272.3
202.80561 	4766125.1
203.60721 	4765836.9
204.40882 	4765559.9
205.21042 	4765293.7
206.01202 	4764998.3
206.81363 	4764660.2
207.61523 	4764544.8
208.41683 	4764670.8
209.21844 	4764693.8
210.02004 	4764604.3
210.82164 	4764624.4
211.62325 	4764656.2
212.42485 	4764636.4
213.22645 	4764511.6
214.02806 	4764243.5
214.82966 	4763895.5
215.63126 	4763470.2
216.43287 	4763054.1
217.23447 	4762739.8
218.03607 	4762598.8
219.63928 	4763202.6
220.44088 	4764044.5
221.24248 	4765218.8
222.04409 	4766518.1
222.84569 	4767705
223.64729 	4768638.9
224.4489 	4769119.8
225.2505 	4769112.7
226.0521 	4768811
227.65531 	4767470.1
228.45691 	4766851.5
229.25852 	4766328.6
230.86172 	4765631.8
231.66333 	4765278.1
232.46493 	4765047.1
234.06814 	4764232.3
234.86974 	4763768.2
235.67134 	4763440.6
236.47295 	4763425.5
237.27455 	4763528.4
238.07615 	4763419.6
238.87776 	4763197.1
239.67936 	4762931.3
240.48096 	4762568.3
241.28257 	4762162.4
242.08417 	4761615.4
242.88577 	4760669.3
243.68737 	4758576.6
244.48898 	4753810.5
245.29058 	4744019.8
246.09218 	4726665.8
246.89379 	4703757.4
247.69539 	4679553.5
248.49699 	4655394.3
249.2986 	4631303.3
250.1002 	4607232.6
250.9018 	4583168.4
251.70341 	4559107.8
252.50501 	4535049
253.30661 	4510991.2
254.10822 	4486934.8
254.90982 	4462880.1
255.71142 	4438827.4
256.51303 	4414777
257.31463 	4390729.4
258.11623 	4366685.3
258.91784 	4342645.4
259.71944 	4318610.6
260.52104 	4294581.6
261.32265 	4270559
262.12425 	4246543.3
262.92585 	4222534.4
263.72745 	4198532.2
264.52906 	4174536.2
265.33066 	4150546.3
266.13226 	4126562.2
266.93387 	4102583.7
267.73547 	4078610.4
268.53707 	4054642.2
269.33868 	4030678.5
270.14028 	4006718.8
270.94188 	3982762.4
271.74349 	3958808.9
272.54509 	3934857.7
273.34669 	3910908.5
274.1483 	3886961
274.9499 	3863014.7
274.95 	3863011.7
275.7515 	3839068.9
276.55311 	3815122.8
277.35471 	3791175.4
278.95792 	3743272.1
279.75952 	3719313.8
280.56112 	3695349.5
281.36273 	3671378.2
282.16433 	3647398.8
282.96593 	3623410.6
283.76754 	3599412.9
284.56914 	3575404.9
285.37074 	3551386.2
286.17234 	3527356.4
286.97395 	3503315.2
288.57715 	3455198
289.37876 	3431122
290.18036 	3407034.4
290.98196 	3382935.6
291.78357 	3358825.6
292.58517 	3334704.8
293.38677 	3310573.3
294.18838 	3286431.4
294.98998 	3262279.6
295.79158 	3238118
296.59319 	3213947.3
297.39479 	3189767.9
298.19639 	3165580.7
298.998 	3141386.5
299.7996 	3117186.2
300.6012 	3092980.9
301.40281 	3068771.5
302.20441 	3044558.9
303.00601 	3020343.9
303.80762 	2996127
304.60922 	2971908.9
306.21242 	2923470.1
307.01403 	2899250
307.81563 	2875029.7
308.61723 	2850809.5
309.41884 	2826589.6
310.22044 	2802370.4
311.02204 	2778152.4
311.82365 	2753936
312.62525 	2729721.7
313.42685 	2705510.2
314.22846 	2681302
315.03006 	2657097.4
315.83166 	2632896.8
316.63327 	2608700.4
317.43487 	2584508.1
318.23647 	2560320.1
319.03808 	2536136
319.83968 	2511955.8
320.64128 	2487779.2
321.44289 	2463606
322.24449 	2439435.8
323.04609 	2415268.5
323.8477 	2391103.8
324.6493 	2366941.4
325.4509 	2342781
326.25251 	2318622.2
327.05411 	2294464.9
327.85571 	2270308.7
328.65731 	2246153.4
329.45892 	2221998.6
330.26052 	2197844.2
331.06212 	2173690
331.86373 	2149535.9
332.66533 	2125381.7
333.46693 	2101227.4
334.26854 	2077073
335.07014 	2052918.5
335.87174 	2028763.9
336.67335 	2004609.5
337.47495 	1980455.2
338.27655 	1956301.1
339.07816 	1932147.4
339.87976 	1907994.1
340.68136 	1883841.4
341.48297 	1859689.2
342.28457 	1835537.6
343.08617 	1811386.7
343.88778 	1787236.5
344.68938 	1763087
345.49098 	1738938.3
346.29259 	1714790.3
347.09419 	1690643.2
347.89579 	1666497
348.69739 	1642351.7
349.499 	1618207.4
350.3006 	1594064.2
351.1022 	1569922.2
351.90381 	1545781.3
352.70541 	1521641.7
353.50701 	1497503.4
354.30862 	1473366.4
355.11022 	1449230.9
355.91182 	1425096.8
356.71343 	1400964.2
357.51503 	1376833.2
358.31663 	1352703.8
359.11824 	1328576
359.91984 	1304450
360.72144 	1280325.9
361.52305 	1256203.6
362.32465 	1232083.3
363.12625 	1207965.1
363.92786 	1183848.9
364.72946 	1159734.9
365.53106 	1135622.9
366.33267 	1111513.1
367.13427 	1087405.4
367.93587 	1063299.8
368.73747 	1039196.3
369.53908 	1015094.7
370.34068 	990995.18
371.14228 	966897.57
371.94389 	942801.88
372.74549 	918708.1
373.54709 	894616.21
374.3487 	870526.21
375.1503 	846438.11
375.9519 	822351.88
376.75351 	798267.51
377.55511 	774184.95
379.15832 	726024.99
379.95992 	701947.35
381.56313 	653796.02
382.36473 	629721.92
383.16633 	605648.57
383.96794 	581575.74
384.76954 	557503.19
385.57114 	533430.68
386.37275 	509357.99
387.17435 	485284.93
387.97595 	461211.29
388.77756 	437136.94
389.57916 	413061.73
390.38076 	388985.57
391.18236 	364908.38
391.98397 	340830.13
392.78557 	316750.81
393.58717 	292670.44
394.38878 	268589.06
395.19038 	244506.76
395.99198 	220423.62
396.79359 	196339.77
397.59519 	172255.34
399.1984 	124085.3
400 	100586.63
