0 	7594806.3
6.4128257 	7461690.5
34.468938 	6999075.7
37.675351 	6918042.2
40.881764 	6837468.7
50.501002 	6600258.4
53.707415 	6520533.3
62.52505 	6407768.1
65.731463 	6400161.5
68.937876 	6367923.8
69.739479 	6347797.9
96.993988 	5783570.1
103.40681 	5777423.9
106.61323 	5743900
116.23246 	5571239.6
123.44689 	5400488.8
125.05 	5359897.2
125.8517 	5338331.6
128.25651 	5274074.9
131.46293 	5188695.6
151.50301 	4765730.1
153.90782 	4712829.4
156.31263 	4648446.7
159.51904 	4563296.8
166.73347 	4375942.1
169.13828 	4322526.7
175.5511 	4191652.2
176.35271 	4171507.6
187.57515 	3871997.7
190.78156 	3807096.8
200.4008 	3798918.8
201.2024 	3798634.1
202.00401 	3798351.8
202.80561 	3798068.5
203.60721 	3797818
204.40882 	3797588.1
205.21042 	3797344.2
206.01202 	3797087.6
206.81363 	3796807.4
207.61523 	3796474
208.41683 	3796133.4
209.21844 	3795796.2
210.02004 	3795428.1
210.82164 	3795072
211.62325 	3794927.4
212.42485 	3795032.1
213.22645 	3795058
214.02806 	3794918.9
214.82966 	3794642.2
215.63126 	3794281.1
216.43287 	3793858.9
217.23447 	3793391.1
218.03607 	3792923.3
219.63928 	3791821.9
220.44088 	3791279
221.24248 	3790818.9
222.04409 	3790340.4
222.84569 	3789788.7
223.64729 	3789145
224.4489 	3788511.5
225.2505 	3787957.3
226.0521 	3787491.7
227.65531 	3786808.3
228.45691 	3786522.3
229.25852 	3786201.4
230.86172 	3785536.1
231.66333 	3785240
232.46493 	3785015.7
234.06814 	3784695.7
234.86974 	3784506.1
235.67134 	3784304.6
236.47295 	3784113.2
237.27455 	3783865
238.07615 	3783578.4
238.87776 	3783269.8
239.67936 	3782938.1
240.48096 	3782594.9
241.28257 	3782251.1
242.08417 	3781905
242.88577 	3781556.6
243.68737 	3781190.6
244.48898 	3780834.9
245.29058 	3780506.6
246.09218 	3780188.3
246.89379 	3779936.8
247.69539 	3779765.1
248.49699 	3779607.3
249.2986 	3779436.4
250.1002 	3779316.5
250.9018 	3779317.5
251.70341 	3779407.2
252.50501 	3779479.5
253.30661 	3779526.9
254.10822 	3779568.7
254.90982 	3779596.2
255.71142 	3779637.9
256.51303 	3779711.4
257.31463 	3779804.2
258.11623 	3779911.6
258.91784 	3780047.6
259.71944 	3780208.7
260.52104 	3780408.1
261.32265 	3780664.1
262.12425 	3780961.1
262.92585 	3781309.8
263.72745 	3781736.3
264.52906 	3782215.5
265.33066 	3782747.4
266.13226 	3783367.2
266.93387 	3784026
267.73547 	3784683.2
268.53707 	3785273.2
269.33868 	3785705.2
270.14028 	3785928.5
270.94188 	3785940.8
271.74349 	3785763.5
272.54509 	3785459.1
273.34669 	3785091.1
274.1483 	3784703.2
274.9499 	3784339.8
274.95 	3784339.8
275.7515 	3784022.1
276.55311 	3783763.6
277.35471 	3783558.8
278.95792 	3783264.2
279.75952 	3783125
280.56112 	3782996.4
281.36273 	3782906.6
282.16433 	3782839.3
282.96593 	3782796.7
283.76754 	3782718.3
284.56914 	3782614.4
285.37074 	3782527.4
286.17234 	3782447.8
286.97395 	3782350.8
288.57715 	3782040.6
289.37876 	3781627.2
290.18036 	3780867.5
290.98196 	3779352.8
291.78357 	3776104.9
292.58517 	3769098.1
293.38677 	3755160
294.18838 	3732923.9
294.98998 	3706190.7
295.79158 	3678664
296.59319 	3651174.7
297.39479 	3623722.1
298.19639 	3596278.6
298.998 	3568838
299.7996 	3541398.9
300.6012 	3513959.4
301.40281 	3486517.3
302.20441 	3459071.3
303.00601 	3431620.9
303.80762 	3404166.5
304.60922 	3376708.5
306.21242 	3321782.1
307.01403 	3294313.3
307.81563 	3266840.6
308.61723 	3239363.8
309.41884 	3211883.1
310.22044 	3184398.5
311.02204 	3156910.2
311.82365 	3129418.1
312.62525 	3101922
313.42685 	3074421.8
314.22846 	3046917.5
315.03006 	3019409.4
315.83166 	2991898.1
316.63327 	2964384.2
317.43487 	2936868.6
318.23647 	2909351.6
319.03808 	2881833.6
319.83968 	2854314.6
320.64128 	2826794.4
321.44289 	2799272.5
322.24449 	2771748.7
323.04609 	2744222.7
323.8477 	2716694.3
324.6493 	2689163.4
325.4509 	2661630.1
326.25251 	2634094.6
327.05411 	2606557
327.85571 	2579017.6
328.65731 	2551476.8
329.45892 	2523935.3
330.26052 	2496393.6
331.06212 	2468852.5
331.86373 	2441312.6
332.66533 	2413774.3
333.46693 	2386238
334.26854 	2358703.4
335.07014 	2331170.4
335.87174 	2303638.4
336.67335 	2276106.6
337.47495 	2248574.3
338.27655 	2221040.8
339.07816 	2193505.3
339.87976 	2165967.4
340.68136 	2138426.6
341.48297 	2110882.5
342.28457 	2083335
343.08617 	2055784.1
343.88778 	2028229.7
344.68938 	2000672
345.49098 	1973111.2
346.29259 	1945547.3
347.09419 	1917980.7
347.89579 	1890411.5
348.69739 	1862839.9
349.499 	1835266.2
350.3006 	1807690.6
351.1022 	1780113.4
351.90381 	1752534.7
352.70541 	1724955
353.50701 	1697374.4
354.30862 	1669793.3
355.11022 	1642212
355.91182 	1614630.7
356.71343 	1587049.9
357.51503 	1559469.6
358.31663 	1531890.3
359.11824 	1504312.2
359.91984 	1476735.4
360.72144 	1449160.3
361.52305 	1421587
362.32465 	1394015.6
363.12625 	1366446.3
363.92786 	1338879.2
364.72946 	1311314.5
365.53106 	1283752
366.33267 	1256191.7
367.13427 	1228633.7
367.93587 	1201077.8
368.73747 	1173523.9
369.53908 	1145971.9
370.34068 	1118421.6
371.14228 	1090873.1
371.94389 	1063326.2
372.74549 	1035780.9
373.54709 	1008237.2
374.3487 	980695.17
375.1503 	953154.83
375.9519 	925616.26
376.75351 	898079.54
377.55511 	870544.75
379.15832 	815481.14
379.95992 	787952.38
381.56313 	732900.75
382.36473 	705377.72
383.16633 	677856.35
383.96794 	650336.47
384.76954 	622817.87
385.57114 	595300.32
386.37275 	567783.6
387.17435 	540267.48
387.97595 	512751.74
388.77756 	485236.21
389.57916 	457720.72
390.38076 	430205.14
391.18236 	402689.38
391.98397 	375173.37
392.78557 	347657.07
393.58717 	320140.49
394.38878 	292623.61
395.19038 	265106.46
395.99198 	237589.07
396.79359 	210071.49
397.59519 	182553.74
399.1984 	127517.97
400 	100670.24
