0 	3836481
0.35183948 	3829036.2
0.70367896 	3821192.8
1.0555184 	3813358.6
1.4073579 	3805511.6
1.7591974 	3797670.6
2.1110369 	3789849.7
2.4628764 	3782006.7
2.8147158 	3774177.3
3.1665553 	3766315.6
3.5183948 	3758470.6
3.8702343 	3750862.5
4.2220737 	3743191.1
4.9257527 	3727702.3
5.6294317 	3712303
5.9812711 	3704365.5
6.3331106 	3696507.3
8.092308 	3657619.7
8.795987 	3641937.3
9.1478265 	3634081.9
10.203345 	3610505.9
10.907024 	3596231.5
11.258863 	3588473.1
11.610703 	3580622.3
11.962542 	3572762.6
12.666221 	3557050.9
13.018061 	3549192.9
13.3699 	3541332.1
13.72174 	3533474.1
14.777258 	3509898.2
15.480937 	3494200.2
15.832777 	3488745.6
16.536456 	3473052
17.591974 	3449475.9
18.647492 	3425900.2
19.351171 	3410183
19.703011 	3402324.5
20.05485 	3394466
20.40669 	3386607.4
20.758529 	3378748.9
21.462208 	3363031.6
22.165887 	3347314.2
22.869566 	3331596
23.573245 	3315930.9
23.925085 	3308245.5
24.276924 	3300425.3
24.628764 	3292567.7
25.332442 	3276849.4
25.684282 	3268990.1
26.387961 	3253271.3
26.7398 	3245411.8
27.09164 	3237552.2
27.443479 	3229692.7
27.795319 	3221833.1
28.147158 	3213973.5
28.850837 	3198254.4
29.202677 	3190394.9
29.554516 	3182535.4
29.906356 	3174676
30.258195 	3166816.5
30.610035 	3158957.1
30.961874 	3151097.7
31.665553 	3135379
32.017393 	3127519.6
32.369232 	3119660.4
32.721072 	3111801.1
33.072911 	3103941.9
33.424751 	3096082.6
33.77659 	3088223.5
34.128429 	3080364.3
34.480269 	3072505.2
34.832108 	3064646
35.183948 	3056787
35.535787 	3048927.9
35.887627 	3041068.8
36.239466 	3033209.8
36.591306 	3025350.8
37.294985 	3009632.9
37.646824 	3001774
37.998664 	2993915
38.702343 	2978197.2
39.406022 	2962479.5
39.757861 	2954620.6
41.165219 	2923185.3
41.517059 	2915326.5
41.868898 	2907467.7
42.220737 	2899608.9
42.924416 	2883891.3
43.276256 	2876032.5
43.628095 	2868173.7
43.979935 	2860314.8
44.683614 	2844597.2
45.035453 	2836738.3
45.387293 	2828879.4
46.090972 	2813161.5
46.442811 	2805302.5
47.14649 	2789584.4
47.49833 	2781725.3
48.202009 	2766006.9
48.553848 	2758147.6
49.257527 	2742428.7
49.609367 	2734569
49.961206 	2726709.3
50.313045 	2718849.4
50.664885 	2710989.3
51.016724 	2703129.1
51.720403 	2687408.1
52.072243 	2679547.8
52.424082 	2671686
52.775922 	2663802.2
53.127761 	2655881.5
54.18328 	2648284.3
54.535119 	2648253.9
54.886959 	2648224.9
55.238798 	2648195.8
55.590638 	2648166.9
55.942477 	2648138.4
56.997996 	2648053.1
57.349835 	2648024.8
57.701675 	2647997
58.053514 	2647969.5
58.405354 	2647942.2
58.757193 	2647914.6
59.109032 	2647886.2
59.460872 	2647856.9
60.164551 	2647805.8
60.51639 	2647777.6
60.86823 	2647747.3
61.220069 	2647721.5
61.571909 	2647660
61.923748 	2647307.6
62.275588 	2642772
62.627427 	2635169
62.979267 	2627288.2
63.331106 	2619392
63.682946 	2611493.8
64.034785 	2603594.5
64.386625 	2595694.4
64.738464 	2587793.8
65.442143 	2571991.8
65.793983 	2564090.7
66.497662 	2548288.5
67.55318 	2524585.6
68.256859 	2508784.1
68.608698 	2500883.5
69.312377 	2485082.4
70.016056 	2469281.6
70.367896 	2461381.3
70.719735 	2453481
71.071575 	2445580.8
71.423414 	2437680.7
72.830772 	2406080.6
73.182612 	2398180.7
73.534451 	2390280.9
73.886291 	2382381.1
74.941809 	2358682
75.293648 	2350782.5
75.645488 	2342882.9
75.997327 	2334983.4
77.052846 	2311285.2
77.404685 	2303385.9
77.756525 	2295486.6
78.460204 	2279688.2
78.812043 	2271789.1
79.163883 	2263890
80.219401 	2240193
81.27492 	2216496.3
81.626759 	2208597.5
81.978599 	2200698.7
82.330438 	2192799.9
82.682278 	2184901.2
83.034117 	2177002.5
83.385957 	2169103.9
83.737796 	2161205.3
84.089635 	2153306.7
84.441475 	2145408.1
85.496993 	2121712.6
86.552512 	2098017.4
86.904351 	2090119.1
89.015388 	2042729.6
89.367228 	2034831.5
90.070907 	2019035.3
90.422746 	2011137.3
90.774586 	2003239.2
91.126425 	1995341.2
91.478265 	1987443.2
91.830104 	1979545.3
92.533783 	1963749.4
93.237462 	1947953.7
93.589301 	1940055.8
93.941141 	1932158
94.29298 	1924260.2
96.052178 	1884771.5
96.404017 	1876873.8
96.755857 	1868976.2
97.459536 	1853181
97.811375 	1845283.4
98.163215 	1837385.8
98.515054 	1829488.3
99.922412 	1797898.4
100.27425 	1790001
100.62609 	1782103.6
101.32977 	1766308.8
102.03345 	1750514.1
102.38529 	1742616.8
103.79265 	1711027.8
104.14449 	1703130.6
104.49633 	1695233.4
105.2 	1679439.1
105.90368 	1663644.8
106.25552 	1655747.7
106.60736 	1647850.6
108.01472 	1616262.4
108.36656 	1608365.4
108.7184 	1600468.4
109.07024 	1592571.4
109.77392 	1576777.4
110.12576 	1568880.5
110.82944 	1553086.6
111.18128 	1545189.6
111.53311 	1537292.7
111.88495 	1529395.8
112.58863 	1513602
112.94047 	1505705.1
113.29231 	1497808.3
113.64415 	1489911.4
113.99599 	1482014.5
114.34783 	1474117.7
114.69967 	1466220.8
115.05151 	1458324
115.40335 	1450427.1
115.75519 	1442530.3
116.45887 	1426736.6
116.81071 	1418839.7
117.16255 	1410942.9
117.51439 	1403046.1
118.21806 	1387252.4
118.5699 	1379355.6
118.92174 	1371458.7
119.27358 	1363561.9
119.62542 	1355665.1
119.97726 	1347768.2
120.3291 	1339871.4
120.68094 	1331974.5
121.03278 	1324077.7
121.38462 	1316180.8
121.73646 	1308284
122.0883 	1300387.1
122.79198 	1284593.4
123.14382 	1276696.5
123.49566 	1268799.6
123.8475 	1260902.8
124.19934 	1253005.9
124.55118 	1245109
124.90302 	1237212.1
125.25485 	1229315.1
125.60669 	1221418.2
126.66221 	1197727.4
127.01405 	1189830.5
127.36589 	1181933.5
127.71773 	1174036.5
128.06957 	1166139.6
128.42141 	1158242.6
128.77325 	1150345.6
129.12509 	1142448.6
129.47693 	1134551.6
130.18061 	1118757.5
130.53245 	1110860.5
130.88429 	1102963.4
131.23613 	1095066.4
132.29164 	1071375.1
132.64348 	1063478
132.99532 	1055580.9
133.699 	1039786.7
134.05084 	1031889.6
134.40268 	1023992.5
134.75452 	1016095.3
135.4582 	1000301
135.81004 	992403.86
136.16188 	984506.68
136.51372 	976609.49
136.86556 	968712.29
137.56924 	952917.87
137.92108 	945020.64
138.27292 	937123.4
138.97659 	921328.91
139.68027 	905534.37
140.03211 	897637.09
140.38395 	889739.81
140.73579 	881842.51
141.08763 	873945.2
141.43947 	866047.89
141.79131 	858150.57
142.14315 	850253.24
142.49499 	842355.9
142.84683 	834458.56
144.25419 	802869.11
145.3097 	779176.95
145.66154 	771279.55
146.01338 	763382.15
146.36522 	755484.74
146.71706 	747587.32
147.0689 	739689.9
147.42074 	731792.47
148.12442 	715997.6
148.8281 	700202.7
149.17994 	692305.25
149.88362 	676510.33
150.23546 	668612.87
150.5873 	660715.4
151.29098 	644920.45
151.99465 	629125.49
152.69833 	613330.52
153.05017 	605433.02
153.40201 	597535.53
153.75385 	589638.04
154.45753 	573843.04
154.80937 	565945.54
155.16121 	558048.04
155.51305 	550150.53
155.86489 	542253.03
156.21673 	534355.52
156.56857 	526458.02
157.62409 	502765.5
157.97593 	494867.99
158.32777 	486970.48
158.67961 	479072.97
159.03144 	471175.47
159.38328 	463277.96
159.73512 	455380.46
160.08696 	447482.95
160.4388 	439585.45
160.79064 	431687.95
161.14248 	423790.45
161.49432 	415892.95
161.84616 	407995.45
162.90168 	384302.98
163.25352 	376405.49
163.9572 	360610.52
164.30904 	352713.04
164.66088 	344815.57
165.01272 	336918.1
165.71639 	321123.16
166.06823 	313225.7
167.12375 	289533.34
167.47559 	281635.89
167.82743 	273738.45
168.17927 	265841.01
168.53111 	257943.58
169.23479 	242148.73
169.58663 	234251.32
169.93847 	226353.91
170.64215 	210559.1
170.99399 	202661.71
171.34583 	194764.32
171.69767 	186866.94
172.04951 	178969.56
172.40134 	171072.19
172.75318 	163174.83
173.10502 	155277.47
174.16054 	131585.44
174.51238 	123688.11
174.86422 	115790.78
