0 	13682830
6.4128257 	13505497
34.468938 	12741006
37.675351 	12650814
40.881764 	12560050
50.501002 	12284377
53.707415 	12191370
62.52505 	11932794
65.731463 	11837763
68.937876 	11742204
69.739479 	11718233
96.993988 	10884476
103.40681 	10683214
106.61323 	10581886
116.23246 	10275180
123.44689 	10042531
125.05 	9990536.7
125.8517 	9964493.9
128.25651 	9886214.9
131.46293 	9781473.1
151.50301 	9117585.1
153.90782 	9036882.7
156.31263 	8955966.9
159.51904 	8847751.8
166.73347 	8602927.5
169.13828 	8520915
175.5511 	8301261.2
176.35271 	8273707.5
187.57515 	7885791.4
190.78156 	7774237.8
200.4008 	7437755.5
201.2024 	7409595.1
202.00401 	7381416.8
202.80561 	7353220.7
203.60721 	7325007.2
204.40882 	7296776.3
205.21042 	7268527.8
206.01202 	7240261.8
206.81363 	7211978.3
207.61523 	7183677.6
208.41683 	7155359.8
209.21844 	7127024.9
210.02004 	7098673.1
210.82164 	7070304.5
211.62325 	7041919.3
212.42485 	7013517.3
213.22645 	6985098.8
214.02806 	6956663.9
214.82966 	6928212.8
215.63126 	6899745.1
216.43287 	6871261
217.23447 	6842760.7
218.03607 	6814244.5
219.63928 	6757165.7
220.44088 	6728603.3
221.24248 	6700025.3
222.04409 	6671431.8
222.84569 	6642823
223.64729 	6614199.1
224.4489 	6585560
225.2505 	6556905.6
226.0521 	6528235.9
227.65531 	6470852.1
228.45691 	6442138.2
229.25852 	6413409.7
230.86172 	6355909.8
231.66333 	6327138.7
232.46493 	6298353.9
234.06814 	6240742.2
234.86974 	6211915.4
235.67134 	6183074.9
236.47295 	6154220.7
237.27455 	6125353
238.07615 	6096471.7
238.87776 	6067577.1
239.67936 	6038669.4
240.48096 	6009748.4
241.28257 	5980814.3
242.08417 	5951867.3
242.88577 	5922907.6
243.68737 	5893934.9
244.48898 	5864949.2
245.29058 	5835950.8
246.09218 	5806940
246.89379 	5777916.7
247.69539 	5748881.1
248.49699 	5719833.4
249.2986 	5690773.5
250.1002 	5661701.8
250.9018 	5632618.4
251.70341 	5603523.4
252.50501 	5574416.6
253.30661 	5545298
254.10822 	5516167.9
254.90982 	5487026.4
255.71142 	5457873.4
256.51303 	5428708.9
257.31463 	5399533
258.11623 	5370346
258.91784 	5341148
259.71944 	5311939.1
260.52104 	5282719.4
261.32265 	5253488.9
262.12425 	5224247.8
262.92585 	5194996.1
263.72745 	5165733.9
264.52906 	5136461.3
265.33066 	5107178.3
266.13226 	5077885.2
266.93387 	5048581.8
267.73547 	5019268.4
268.53707 	4989945.1
269.33868 	4960612.2
270.14028 	4931269.6
270.94188 	4901917.4
271.74349 	4872555.4
272.54509 	4843183.6
273.34669 	4813802.2
274.1483 	4784411.3
274.9499 	4755011.1
274.95 	4755007.4
275.7515 	4725601.6
276.55311 	4696182.9
277.35471 	4666755.2
278.95792 	4607873.4
279.75952 	4578419.7
280.56112 	4548957.2
281.36273 	4519486
282.16433 	4490006.2
282.96593 	4460518
283.76754 	4431021.3
284.56914 	4401516.3
285.37074 	4372003.2
286.17234 	4342481.9
286.97395 	4312952.5
288.57715 	4253869
289.37876 	4224315.3
290.18036 	4194753.8
290.98196 	4165184.8
291.78357 	4135608.4
292.58517 	4106024.6
293.38677 	4076433.2
294.18838 	4046834.4
294.98998 	4017228.4
295.79158 	3987615.2
296.59319 	3957994.7
297.39479 	3928366.8
298.19639 	3898731.8
298.998 	3869089.8
299.7996 	3839440.9
300.6012 	3809785.2
301.40281 	3780122.8
302.20441 	3750453.7
303.00601 	3720778.1
303.80762 	3691096.2
304.60922 	3661408
306.21242 	3602012.5
307.01403 	3572305.3
307.81563 	3542591.9
308.61723 	3512872.5
309.41884 	3483146.9
310.22044 	3453415.3
311.02204 	3423677.9
311.82365 	3393934.7
312.62525 	3364185.6
313.42685 	3334430.6
314.22846 	3304669.9
315.03006 	3274903.7
315.83166 	3245132
316.63327 	3215354.9
317.43487 	3185572.5
318.23647 	3155784.8
319.03808 	3125991.8
319.83968 	3096193.7
320.64128 	3066390.4
321.44289 	3036582.1
322.24449 	3006768.8
323.04609 	2976950.5
323.8477 	2947127.3
324.6493 	2917299.4
325.4509 	2887466.7
326.25251 	2857629.6
327.05411 	2827787.8
327.85571 	2797941.4
328.65731 	2768090.5
329.45892 	2738235.2
330.26052 	2708375.5
331.06212 	2678511.4
331.86373 	2648643.1
332.66533 	2618770.6
333.46693 	2588894
334.26854 	2559013.2
335.07014 	2529128.4
335.87174 	2499239.7
336.67335 	2469347
337.47495 	2439450.5
338.27655 	2409550.2
339.07816 	2379646.2
339.87976 	2349738.6
340.68136 	2319827.2
341.48297 	2289912.1
342.28457 	2259993.4
343.08617 	2230071.3
343.88778 	2200145.8
344.68938 	2170217.1
345.49098 	2140285.3
346.29259 	2110350.1
347.09419 	2080411.8
347.89579 	2050470.2
348.69739 	2020525.7
349.499 	1990578
350.3006 	1960627.4
351.1022 	1930673.9
351.90381 	1900717.6
352.70541 	1870758.4
353.50701 	1840796.3
354.30862 	1810831.5
355.11022 	1780864
355.91182 	1750893.9
356.71343 	1720921.3
357.51503 	1690946.3
358.31663 	1660968.9
359.11824 	1630989.1
359.91984 	1601006.8
360.72144 	1571022.1
361.52305 	1541035.2
362.32465 	1511046
363.12625 	1481054.8
363.92786 	1451061.6
364.72946 	1421066.4
365.53106 	1391069.1
366.33267 	1361069.8
367.13427 	1331068.4
367.93587 	1301065.3
368.73747 	1271060.3
369.53908 	1241053.5
370.34068 	1211045.1
371.14228 	1181034.9
371.94389 	1151023.2
372.74549 	1121009.8
373.54709 	1090995
374.3487 	1060978.6
375.1503 	1030960.8
375.9519 	1000941.6
376.75351 	970921.1
377.55511 	940899.28
379.15832 	880852.12
379.95992 	850826.89
381.56313 	790773.02
382.36473 	760744.42
383.16633 	730714.84
383.96794 	700684.34
384.76954 	670652.97
385.57114 	640620.77
386.37275 	610587.8
387.17435 	580554.09
387.97595 	550519.69
388.77756 	520484.65
389.57916 	490449.01
390.38076 	460412.83
391.18236 	430376.23
391.98397 	400339.27
392.78557 	370301.91
393.58717 	340264.14
394.38878 	310226.03
395.19038 	280187.69
395.99198 	250149.09
396.79359 	220110.03
397.59519 	190069.78
399.1984 	129987.08
400 	100715.98
