0 	9499782.3
6.4128257 	9355552.3
34.468938 	8838921.3
37.675351 	8767405.6
40.881764 	8692111.2
50.501002 	8655256.8
53.707415 	8654367.3
62.52505 	8535246.8
65.731463 	8455044.1
68.937876 	8374845.6
69.739479 	8354796.3
96.993988 	7673328
103.40681 	7513052.8
106.61323 	7432918
116.23246 	7192492.7
123.44689 	7012146.9
125.05 	6972070.1
125.8517 	6952027.6
128.25651 	6891906.3
131.46293 	6811741.4
151.50301 	6310630.6
153.90782 	6250492.4
156.31263 	6190354.6
159.51904 	6110171.9
166.73347 	5929767.1
169.13828 	5869635
175.5511 	5709293.5
176.35271 	5689252.1
187.57515 	5408706.6
190.78156 	5328561.6
200.4008 	5088146.6
201.2024 	5068113
202.00401 	5048079.4
202.80561 	5028046
203.60721 	5008012.6
204.40882 	4987979.2
205.21042 	4967946
206.01202 	4947912.7
206.81363 	4927879.5
207.61523 	4907846.3
208.41683 	4887813.1
209.21844 	4867779.9
210.02004 	4847746.7
210.82164 	4827713.4
211.62325 	4807680.2
212.42485 	4787646.8
213.22645 	4767613.5
214.02806 	4747580
214.82966 	4727546.5
215.63126 	4707512.9
216.43287 	4687479.2
217.23447 	4667445.5
218.03607 	4647411.6
219.63928 	4607343.5
220.44088 	4587309.2
221.24248 	4567274.8
222.04409 	4547240.3
222.84569 	4527205.6
223.64729 	4507170.8
224.4489 	4487135.8
225.2505 	4467100.7
226.0521 	4447065.4
227.65531 	4406994.3
228.45691 	4386958.5
229.25852 	4366922.6
230.86172 	4326850.1
231.66333 	4306813.7
232.46493 	4286777
234.06814 	4246703.2
234.86974 	4226666.1
235.67134 	4206628.8
236.47295 	4186591.4
237.27455 	4166553.8
238.07615 	4146516.1
238.87776 	4126478.2
239.67936 	4106440.2
240.48096 	4086402.1
241.28257 	4066363.9
242.08417 	4046325.6
242.88577 	4026287.2
243.68737 	4006248.6
244.48898 	3986210
245.29058 	3966171.4
246.09218 	3946132.6
246.89379 	3926093.8
247.69539 	3906055
248.49699 	3886016.1
249.2986 	3865977.3
250.1002 	3845938.3
250.9018 	3825899.4
251.70341 	3805860.5
252.50501 	3785821.6
253.30661 	3765782.8
254.10822 	3745743.9
254.90982 	3725705.1
255.71142 	3705666.4
256.51303 	3685627.7
257.31463 	3665589.1
258.11623 	3645550.5
258.91784 	3625512.1
259.71944 	3605473.7
260.52104 	3585435.5
261.32265 	3565397.4
262.12425 	3545359.4
262.92585 	3525321.5
263.72745 	3505283.8
264.52906 	3485246.2
265.33066 	3465208.8
266.13226 	3445171.5
266.93387 	3425134.5
267.73547 	3405097.6
268.53707 	3385060.9
269.33868 	3365024.3
270.14028 	3344988
270.94188 	3324951.9
271.74349 	3304916
272.54509 	3284880.3
273.34669 	3264844.8
274.1483 	3244809.5
274.9499 	3224774.4
274.95 	3224771.9
275.7515 	3204739.6
276.55311 	3184704.9
277.35471 	3164670.5
278.95792 	3124602.4
279.75952 	3104568.6
280.56112 	3084535.1
281.36273 	3064501.7
282.16433 	3044468.6
282.96593 	3024435.7
283.76754 	3004403
284.56914 	2984370.5
285.37074 	2964338.2
286.17234 	2944306
286.97395 	2924274.1
288.57715 	2884210.7
289.37876 	2864179.2
290.18036 	2844147.9
290.98196 	2824116.7
291.78357 	2804085.7
292.58517 	2784054.8
293.38677 	2764024
294.18838 	2743993.4
294.98998 	2723962.8
295.79158 	2703932.3
296.59319 	2683901.9
297.39479 	2663871.6
298.19639 	2643841.4
298.998 	2623811.2
299.7996 	2603781.1
300.6012 	2583750.9
301.40281 	2563720.9
302.20441 	2543690.8
303.00601 	2523660.8
303.80762 	2503630.7
304.60922 	2483600.7
306.21242 	2443540.6
307.01403 	2423510.5
307.81563 	2403480.3
308.61723 	2383450.1
309.41884 	2363419.9
310.22044 	2343389.6
311.02204 	2323359.2
311.82365 	2303328.8
312.62525 	2283298.3
313.42685 	2263267.7
314.22846 	2243237.1
315.03006 	2223206.4
315.83166 	2203175.5
316.63327 	2183144.6
317.43487 	2163113.6
318.23647 	2143082.5
319.03808 	2123051.3
319.83968 	2103019.9
320.64128 	2082988.5
321.44289 	2062957
322.24449 	2042925.4
323.04609 	2022893.7
323.8477 	2002861.8
324.6493 	1982829.9
325.4509 	1962797.9
326.25251 	1942765.8
327.05411 	1922733.6
327.85571 	1902701.2
328.65731 	1882668.8
329.45892 	1862636.3
330.26052 	1842603.8
331.06212 	1822571.1
331.86373 	1802538.4
332.66533 	1782505.5
333.46693 	1762472.6
334.26854 	1742439.7
335.07014 	1722406.6
335.87174 	1702373.6
336.67335 	1682340.4
337.47495 	1662307.2
338.27655 	1642274
339.07816 	1622240.7
339.87976 	1602207.4
340.68136 	1582174.1
341.48297 	1562140.7
342.28457 	1542107.3
343.08617 	1522073.9
343.88778 	1502040.5
344.68938 	1482007.1
345.49098 	1461973.7
346.29259 	1441940.3
347.09419 	1421906.9
347.89579 	1401873.6
348.69739 	1381840.3
349.499 	1361807
350.3006 	1341773.8
351.1022 	1321740.6
351.90381 	1301707.5
352.70541 	1281674.5
353.50701 	1261641.5
354.30862 	1241608.6
355.11022 	1221575.8
355.91182 	1201543.1
356.71343 	1181510.5
357.51503 	1161478
358.31663 	1141445.6
359.11824 	1121413.3
359.91984 	1101381.2
360.72144 	1081349.2
361.52305 	1061317.3
362.32465 	1041285.6
363.12625 	1021254
363.92786 	1001222.6
364.72946 	981191.4
365.53106 	961160.34
366.33267 	941129.45
367.13427 	921098.74
367.93587 	901068.21
368.73747 	881037.87
369.53908 	861007.73
370.34068 	840977.78
371.14228 	820948.02
371.94389 	800918.47
372.74549 	780889.12
373.54709 	760859.98
374.3487 	740831.05
375.1503 	720802.32
375.9519 	700773.79
376.75351 	680745.48
377.55511 	660717.37
379.15832 	620661.78
379.95992 	600634.29
381.56313 	560579.9
382.36473 	540553.01
383.16633 	520526.3
383.96794 	500499.79
384.76954 	480473.45
385.57114 	460447.3
386.37275 	440421.32
387.17435 	420395.51
387.97595 	400369.86
388.77756 	380344.37
389.57916 	360319.03
390.38076 	340293.84
391.18236 	320268.78
391.98397 	300243.85
392.78557 	280219.05
393.58717 	260194.36
394.38878 	240169.78
395.19038 	220145.29
395.99198 	200120.9
396.79359 	180096.59
397.59519 	160072.35
399.1984 	120024.07
400 	100487.71
