0 	3836484.9
0.35183948 	3829103.1
0.70367896 	3821340
1.0555184 	3813576.9
1.4073579 	3805814.1
1.7591974 	3798055.5
2.1110369 	3790297.5
2.4628764 	3782545.6
2.8147158 	3774890.2
3.1665553 	3767185.1
3.5183948 	3759441.6
3.8702343 	3751742.8
4.2220737 	3744000.6
4.9257527 	3728452.6
5.6294317 	3713081.8
5.9812711 	3705151.2
6.3331106 	3699565.6
8.092308 	3664155.1
8.795987 	3648696.8
9.1478265 	3640989.6
10.203345 	3617752.3
10.907024 	3602361.4
11.258863 	3594646.4
11.610703 	3586881.5
11.962542 	3579114.9
12.666221 	3563544.7
13.018061 	3556208.7
13.3699 	3552993.9
13.72174 	3552717.3
14.777258 	3552594
15.480937 	3552516
15.832777 	3552477.4
16.536456 	3552400.3
17.591974 	3552286.5
18.647492 	3552182.4
19.351171 	3552055.8
19.703011 	3550395.8
20.05485 	3543740.4
20.40669 	3536003.1
20.758529 	3528212.2
21.462208 	3512625.1
22.165887 	3497037.9
22.869566 	3481451
23.573245 	3465864.3
23.925085 	3458071.1
24.276924 	3450277.9
24.628764 	3442484.8
25.332442 	3426898.7
25.684282 	3419105.8
26.387961 	3403519.8
26.7398 	3395726.9
27.09164 	3387933.9
27.443479 	3380141
27.795319 	3372348
28.147158 	3364555
28.850837 	3348969
29.202677 	3341175.9
29.554516 	3333382.9
29.906356 	3325589.8
30.258195 	3317796.7
30.610035 	3310003.6
30.961874 	3302210.5
31.665553 	3286624.3
32.017393 	3278831.1
32.369232 	3271038
32.721072 	3263244.9
33.072911 	3255451.8
33.424751 	3247658.6
33.77659 	3239865.5
34.128429 	3232072.4
34.480269 	3224279.3
34.832108 	3216486.2
35.183948 	3208693
35.535787 	3200899.9
35.887627 	3193106.8
36.239466 	3185313.7
36.591306 	3177520.6
37.294985 	3161934.5
37.646824 	3154141.4
37.998664 	3146348.3
38.702343 	3130762.2
39.406022 	3115176.1
39.757861 	3107383.1
41.165219 	3076211.1
41.517059 	3068418.1
41.868898 	3060625.1
42.220737 	3052832.1
42.924416 	3037246.2
43.276256 	3029453.2
43.628095 	3021660.3
43.979935 	3013867.3
44.683614 	2998281.5
45.035453 	2990488.6
45.387293 	2982695.7
46.090972 	2967109.9
46.442811 	2959317
47.14649 	2943731.3
47.49833 	2935938.4
48.202009 	2920352.7
48.553848 	2912559.9
49.257527 	2896974.3
49.609367 	2889181.5
49.961206 	2881388.7
50.313045 	2873596
50.664885 	2865803.2
51.016724 	2858010.4
51.720403 	2842425
52.072243 	2834632.2
52.424082 	2826839.5
52.775922 	2819046.8
53.127761 	2811254.1
54.18328 	2787876.1
54.535119 	2780083.5
54.886959 	2772290.8
55.238798 	2764498.2
55.590638 	2756705.6
55.942477 	2748913
56.997996 	2725535.3
57.349835 	2717742.7
57.701675 	2709950.2
58.053514 	2702157.6
58.405354 	2694365.1
58.757193 	2686572.6
59.109032 	2678780.1
59.460872 	2670987.6
60.164551 	2655402.7
60.51639 	2647610.3
60.86823 	2639817.8
61.220069 	2632025.4
61.571909 	2624233
61.923748 	2616440.6
62.275588 	2608648.2
62.627427 	2600855.9
62.979267 	2593063.5
63.331106 	2585271.2
63.682946 	2577478.8
64.034785 	2569686.5
64.386625 	2561894.2
64.738464 	2554101.9
65.442143 	2538517.4
65.793983 	2530725.1
66.497662 	2515140.6
67.55318 	2491764
68.256859 	2476179.6
68.608698 	2468387.5
69.312377 	2452803.2
70.016056 	2437218.9
70.367896 	2429426.8
70.719735 	2421634.8
71.071575 	2413842.7
71.423414 	2406050.6
72.830772 	2374882.5
73.182612 	2367090.5
73.534451 	2359298.5
73.886291 	2351506.5
74.941809 	2328130.6
75.293648 	2320338.6
75.645488 	2312546.7
75.997327 	2304754.8
77.052846 	2281379.1
77.404685 	2273587.2
77.756525 	2265795.4
78.460204 	2250211.7
78.812043 	2242419.9
79.163883 	2234628
80.219401 	2211252.6
81.27492 	2187877.3
81.626759 	2180085.6
81.978599 	2172293.8
82.330438 	2164502.1
82.682278 	2156710.4
83.034117 	2148918.7
83.385957 	2141127
83.737796 	2133335.3
84.089635 	2125543.6
84.441475 	2117751.9
85.496993 	2094377
86.552512 	2071002.1
86.904351 	2063210.5
89.015388 	2016461.1
89.367228 	2008669.5
90.070907 	1993086.5
90.422746 	1985295
90.774586 	1977503.5
91.126425 	1969712
91.478265 	1961920.5
91.830104 	1954129
92.533783 	1938546.1
93.237462 	1922963.2
93.589301 	1915171.7
93.941141 	1907380.3
94.29298 	1899588.9
96.052178 	1860631.9
96.404017 	1852840.5
96.755857 	1845049.1
97.459536 	1829466.4
97.811375 	1821675.1
98.163215 	1813883.8
98.515054 	1806092.4
99.922412 	1774927.2
100.27425 	1767135.9
100.62609 	1759344.7
101.32977 	1743762.1
102.03345 	1728179.6
102.38529 	1720388.4
103.79265 	1689223.5
104.14449 	1681432.3
104.49633 	1673641.1
105.2 	1658058.8
105.90368 	1642476.4
106.25552 	1634685.3
106.60736 	1626894.1
108.01472 	1595729.6
108.36656 	1587938.5
108.7184 	1580147.4
109.07024 	1572356.3
109.77392 	1556774.1
110.12576 	1548983.1
110.82944 	1533400.9
111.18128 	1525609.9
111.53311 	1517818.8
111.88495 	1510027.8
112.58863 	1494445.7
112.94047 	1486654.7
113.29231 	1478863.7
113.64415 	1471072.7
113.99599 	1463281.7
114.34783 	1455490.7
114.69967 	1447699.7
115.05151 	1439908.8
115.40335 	1432117.8
115.75519 	1424326.8
116.45887 	1408744.9
116.81071 	1400954
117.16255 	1393163.1
117.51439 	1385372.1
118.21806 	1369790.3
118.5699 	1361999.4
118.92174 	1354208.5
119.27358 	1346417.6
119.62542 	1338626.7
119.97726 	1330835.9
120.3291 	1323045
120.68094 	1315254.1
121.03278 	1307463.3
121.38462 	1299672.4
121.73646 	1291881.6
122.0883 	1284090.7
122.79198 	1268509.1
123.14382 	1260718.3
123.49566 	1252927.5
123.8475 	1245136.6
124.19934 	1237345.8
124.55118 	1229555.1
124.90302 	1221764.3
125.25485 	1213973.5
125.60669 	1206182.7
126.66221 	1182810.4
127.01405 	1175019.7
127.36589 	1167229
127.71773 	1159438.2
128.06957 	1151647.5
128.42141 	1143856.8
128.77325 	1136066.1
129.12509 	1128275.3
129.47693 	1120484.6
130.18061 	1104903.3
130.53245 	1097112.6
130.88429 	1089321.9
131.23613 	1081531.2
132.29164 	1058159.3
132.64348 	1050368.6
132.99532 	1042578
133.699 	1026996.7
134.05084 	1019206.1
134.40268 	1011415.5
134.75452 	1003624.9
135.4582 	988043.68
135.81004 	980253.09
136.16188 	972462.51
136.51372 	964671.93
136.86556 	956881.36
137.56924 	941300.24
137.92108 	933509.68
138.27292 	925719.14
138.97659 	910138.06
139.68027 	894557.01
140.03211 	886766.5
140.38395 	878975.99
140.73579 	871185.48
141.08763 	863394.99
141.43947 	855604.49
141.79131 	847814.01
142.14315 	840023.53
142.49499 	832233.05
142.84683 	824442.59
144.25419 	793280.78
145.3097 	769909.48
145.66154 	762119.06
146.01338 	754328.65
146.36522 	746538.24
146.71706 	738747.84
147.0689 	730957.44
147.42074 	723167.05
148.12442 	707586.29
148.8281 	692005.56
149.17994 	684215.2
149.88362 	668634.5
150.23546 	660844.16
150.5873 	653053.83
151.29098 	637473.18
151.99465 	621892.55
152.69833 	606311.95
153.05017 	598521.66
153.40201 	590731.38
153.75385 	582941.1
154.45753 	567360.56
154.80937 	559570.3
155.16121 	551780.05
155.51305 	543989.8
155.86489 	536199.56
156.21673 	528409.33
156.56857 	520619.1
157.62409 	497248.46
157.97593 	489458.26
158.32777 	481668.07
158.67961 	473877.88
159.03144 	466087.7
159.38328 	458297.53
159.73512 	450507.36
160.08696 	442717.2
160.4388 	434927.04
160.79064 	427136.9
161.14248 	419346.76
161.49432 	411556.62
161.84616 	403766.49
162.90168 	380396.15
163.25352 	372606.05
163.9572 	357025.88
164.30904 	349235.8
164.66088 	341445.72
165.01272 	333655.66
165.71639 	318075.55
166.06823 	310285.51
167.12375 	286915.42
167.47559 	279125.4
167.82743 	271335.39
168.17927 	263545.39
168.53111 	255755.4
169.23479 	240175.43
169.58663 	232385.46
169.93847 	224595.5
170.64215 	209015.59
170.99399 	201225.65
171.34583 	193435.71
171.69767 	185645.78
172.04951 	177855.86
172.40134 	170065.95
172.75318 	162276.05
173.10502 	154486.15
174.16054 	131116.5
174.51238 	123326.63
174.86422 	115536.73
