0 	6708977.1
6.4128257 	6639506.1
34.468938 	6032477.2
37.675351 	5950904.5
40.881764 	5875890.8
50.501002 	5656602.1
53.707415 	5581277.9
62.52505 	5391747.8
65.731463 	5375574.4
68.937876 	5367737.8
69.739479 	5359233.8
96.993988 	4849713.2
103.40681 	4830564.2
106.61323 	4745329.6
116.23246 	4488596.6
123.44689 	4306789.8
125.05 	4280561.6
125.8517 	4268570.2
128.25651 	4215484.1
131.46293 	4178656.4
151.50301 	4021029.6
153.90782 	4017866.7
156.31263 	4018000.5
159.51904 	4017339.4
166.73347 	3884778
169.13828 	3821812.5
175.5511 	3668392.4
176.35271 	3645010
187.57515 	3393101.3
190.78156 	3379703
200.4008 	3168881.1
201.2024 	3145099
202.00401 	3118910.7
202.80561 	3091218.5
203.60721 	3062793.2
204.40882 	3032883.3
205.21042 	3001132.9
206.01202 	2968035.5
206.81363 	2932902
207.61523 	2895727.7
208.41683 	2859479.3
209.21844 	2825782.6
210.02004 	2793428.6
210.82164 	2763447.8
211.62325 	2737953
212.42485 	2715613.7
213.22645 	2694877.3
214.02806 	2676424
214.82966 	2659618.1
215.63126 	2642398.8
216.43287 	2625509.8
217.23447 	2612690.5
218.03607 	2605303.7
219.63928 	2600015
220.44088 	2599360.5
221.24248 	2599161
222.04409 	2599186
222.84569 	2599338.5
223.64729 	2599628.4
224.4489 	2600031.9
225.2505 	2600381.3
226.0521 	2600569.4
227.65531 	2600595.1
228.45691 	2600499.6
229.25852 	2600343.6
230.86172 	2600131.7
231.66333 	2600138.6
232.46493 	2600286.2
234.06814 	2600869.1
234.86974 	2601198.4
235.67134 	2601550.2
236.47295 	2601841.1
237.27455 	2601987
238.07615 	2602005.1
238.87776 	2601951.5
239.67936 	2601912
240.48096 	2601937.6
241.28257 	2602061.7
242.08417 	2602257.4
242.88577 	2602536.5
243.68737 	2602953.2
244.48898 	2603478.8
245.29058 	2604042.8
246.09218 	2604645.8
246.89379 	2605255.1
247.69539 	2605793.7
248.49699 	2606232.1
249.2986 	2606537.2
250.1002 	2606729.6
250.9018 	2606856.1
251.70341 	2606988.1
252.50501 	2607181.1
253.30661 	2607314.3
254.10822 	2607284.4
254.90982 	2607146
255.71142 	2606942.5
256.51303 	2606679.3
257.31463 	2606393.2
258.11623 	2606128.2
258.91784 	2605902.7
259.71944 	2605738.7
260.52104 	2605662
261.32265 	2605649
262.12425 	2605638.5
262.92585 	2605554.1
263.72745 	2605365.6
264.52906 	2605163.5
265.33066 	2605078.5
266.13226 	2605187.2
266.93387 	2605378.4
267.73547 	2605465.2
268.53707 	2605370.1
269.33868 	2605127.6
270.14028 	2604824.3
270.94188 	2604495.8
271.74349 	2604099.9
272.54509 	2603591.1
273.34669 	2602980
274.1483 	2602339.6
274.9499 	2601752.2
274.95 	2601752.1
275.7515 	2601243.3
276.55311 	2600807.7
277.35471 	2600427.7
278.95792 	2599798.8
279.75952 	2599581.2
280.56112 	2599443.3
281.36273 	2599436
282.16433 	2599572.8
282.96593 	2599869.4
283.76754 	2600293.4
284.56914 	2600785.8
285.37074 	2601259.9
286.17234 	2601628.7
286.97395 	2601860
288.57715 	2602085.3
289.37876 	2602241.7
290.18036 	2602494.5
290.98196 	2602770
291.78357 	2603031.1
292.58517 	2603303.9
293.38677 	2603560.6
294.18838 	2603834.5
294.98998 	2604129.2
295.79158 	2604358.5
296.59319 	2604579.8
297.39479 	2604807.5
298.19639 	2605000.1
298.998 	2605181.1
299.7996 	2605329.3
300.6012 	2605464.8
301.40281 	2605611.8
302.20441 	2605730.1
303.00601 	2605855.5
303.80762 	2605983.4
304.60922 	2606126.9
306.21242 	2606571.1
307.01403 	2606760.3
307.81563 	2606930.4
308.61723 	2607143.7
309.41884 	2607462.3
310.22044 	2607838.9
311.02204 	2608215.8
311.82365 	2608556
312.62525 	2608881.3
313.42685 	2609221.7
314.22846 	2609576.7
315.03006 	2609946.8
315.83166 	2610340.4
316.63327 	2610754.4
317.43487 	2611170
318.23647 	2611518.9
319.03808 	2611830
319.83968 	2612119.4
320.64128 	2612429.8
321.44289 	2612823.2
322.24449 	2613322.9
323.04609 	2613860.2
323.8477 	2614343.4
324.6493 	2614741.9
325.4509 	2615002
326.25251 	2615129.4
327.05411 	2615073.3
327.85571 	2614848.1
328.65731 	2614329.9
329.45892 	2613706.2
330.26052 	2613194.4
331.06212 	2612925.3
331.86373 	2613067.7
332.66533 	2613365.8
333.46693 	2613458.9
334.26854 	2613366.6
335.07014 	2613201
335.87174 	2613129.3
336.67335 	2613231.9
337.47495 	2613206
338.27655 	2612982.2
339.07816 	2612700.4
339.87976 	2612445.8
340.68136 	2612138.3
341.48297 	2611818
342.28457 	2611623.3
343.08617 	2611448.5
343.88778 	2611199.9
344.68938 	2611000.7
345.49098 	2610763.3
346.29259 	2610495.7
347.09419 	2610272.8
347.89579 	2610180.3
348.69739 	2610067.5
349.499 	2609838.6
350.3006 	2609574.6
351.1022 	2609407.9
351.90381 	2609723.2
352.70541 	2610415
353.50701 	2610778.1
354.30862 	2610735.7
355.11022 	2610542.4
355.91182 	2610289.2
356.71343 	2610039.6
357.51503 	2609842
358.31663 	2609746.1
359.11824 	2609613.4
359.91984 	2609413.5
360.72144 	2609343.2
361.52305 	2609364.2
362.32465 	2609412.4
363.12625 	2609478.9
363.92786 	2609491.2
364.72946 	2609521.3
365.53106 	2609326.4
366.33267 	2608842
367.13427 	2607953.2
367.93587 	2606914.1
368.73747 	2604790.6
369.53908 	2600432.7
370.34068 	2592298.1
371.14228 	2577003.7
371.94389 	2548688.3
372.74549 	2501703.9
373.54709 	2438556.9
374.3487 	2368807.9
375.1503 	2298066.2
375.9519 	2227396.6
376.75351 	2156734.5
377.55511 	2085941.5
379.15832 	1944069.6
379.95992 	1873089.9
381.56313 	1731206.1
382.36473 	1660316.3
383.16633 	1589430.9
383.96794 	1518545.1
384.76954 	1447668.3
385.57114 	1376808.1
386.37275 	1305960.3
387.17435 	1235103.6
387.97595 	1164206.2
388.77756 	1093249.8
389.57916 	1022244.5
390.38076 	951216.62
391.18236 	880192.83
391.98397 	809191.27
392.78557 	738217.06
393.58717 	667264.91
394.38878 	596328.48
395.19038 	525406.39
395.99198 	454500.13
396.79359 	383608
397.59519 	312721.65
399.1984 	170920.75
400 	101727.59
