0 	6855784.1
6.4128257 	6795731.8
34.468938 	6162762.6
37.675351 	6086735.3
40.881764 	6014688
50.501002 	5796044.5
53.707415 	5719840.1
62.52505 	5560150.8
65.731463 	5555959.6
68.937876 	5522356.9
69.739479 	5503260.8
96.993988 	5043717.7
103.40681 	4921690.8
106.61323 	4837213.2
116.23246 	4567999.2
123.44689 	4416071.1
125.05 	4390887.6
125.8517 	4372257.5
128.25651 	4335007
131.46293 	4274390.8
151.50301 	4213710.6
153.90782 	4211296.2
156.31263 	4207161
159.51904 	4199577.1
166.73347 	4123937.6
169.13828 	4050456.9
175.5511 	3807872
176.35271 	3791301.5
187.57515 	3614002.5
190.78156 	3524739.3
200.4008 	3233951.2
201.2024 	3210014.3
202.00401 	3185814.8
202.80561 	3162055.6
203.60721 	3138553.4
204.40882 	3114209.5
205.21042 	3089476.3
206.01202 	3065200.7
206.81363 	3040491.3
207.61523 	3015572.1
208.41683 	2992017.7
209.21844 	2968854.8
210.02004 	2944302.6
210.82164 	2919894.4
211.62325 	2896982.6
212.42485 	2873531.3
213.22645 	2848751.4
214.02806 	2826689.5
214.82966 	2812705
215.63126 	2805773
216.43287 	2802593.7
217.23447 	2801351.2
218.03607 	2800946.3
219.63928 	2801681
220.44088 	2802558.2
221.24248 	2802759.1
222.04409 	2802296
222.84569 	2801735.7
223.64729 	2801185.5
224.4489 	2800594.7
225.2505 	2800281.1
226.0521 	2800399.7
227.65531 	2801531.2
228.45691 	2801482.6
229.25852 	2800907
230.86172 	2799818.4
231.66333 	2799507.8
232.46493 	2799341.9
234.06814 	2800359.4
234.86974 	2801025
235.67134 	2800743.5
236.47295 	2800135.4
237.27455 	2799914.6
238.07615 	2800224.6
238.87776 	2800894.5
239.67936 	2801772.4
240.48096 	2802386.4
241.28257 	2802324.7
242.08417 	2801785.8
242.88577 	2801194.7
243.68737 	2800725.1
244.48898 	2800384.9
245.29058 	2800130.7
246.09218 	2799935.4
246.89379 	2799789.2
247.69539 	2799662.8
248.49699 	2799557.1
249.2986 	2799505
250.1002 	2799510.3
250.9018 	2799554.3
251.70341 	2799624.1
252.50501 	2799698.6
253.30661 	2799771.6
254.10822 	2799848.1
254.90982 	2799911.2
255.71142 	2799976.9
256.51303 	2800037.8
257.31463 	2800108.9
258.11623 	2800175.4
258.91784 	2800195.4
259.71944 	2800148.3
260.52104 	2800068.8
261.32265 	2799967.2
262.12425 	2799844.2
262.92585 	2799659.4
263.72745 	2799356.6
264.52906 	2798918
265.33066 	2798347
266.13226 	2797699.3
266.93387 	2797034.8
267.73547 	2796403
268.53707 	2795835.5
269.33868 	2795338
270.14028 	2794888.2
270.94188 	2794489.2
271.74349 	2794152.7
272.54509 	2793884.5
273.34669 	2793636.1
274.1483 	2793318.5
274.9499 	2792923
274.95 	2792922.9
275.7515 	2792499.8
276.55311 	2792088.9
277.35471 	2791731.1
278.95792 	2791163.5
279.75952 	2790853.3
280.56112 	2790485.9
281.36273 	2790049.8
282.16433 	2789530.7
282.96593 	2788974
283.76754 	2788391.1
284.56914 	2787804.8
285.37074 	2787229.7
286.17234 	2786623.2
286.97395 	2785938.9
288.57715 	2784314.8
289.37876 	2783465.8
290.18036 	2782708.5
290.98196 	2782135.3
291.78357 	2781686.7
292.58517 	2781222.4
293.38677 	2780665.8
294.18838 	2779977.1
294.98998 	2779241.1
295.79158 	2778662.2
296.59319 	2778276.4
297.39479 	2778102
298.19639 	2778120.6
298.998 	2778171.9
299.7996 	2778159
300.6012 	2778000.5
301.40281 	2777731.1
302.20441 	2777372.3
303.00601 	2776950.4
303.80762 	2776545.9
304.60922 	2776151
306.21242 	2775329.4
307.01403 	2774936.2
307.81563 	2774491.1
308.61723 	2773974
309.41884 	2773454.4
310.22044 	2772986.3
311.02204 	2772570.5
311.82365 	2772231.2
312.62525 	2771966.9
313.42685 	2771746.8
314.22846 	2771543.7
315.03006 	2771323.1
315.83166 	2771093.5
316.63327 	2770912.2
317.43487 	2770814.9
318.23647 	2770733.7
319.03808 	2770581.5
319.83968 	2770327.2
320.64128 	2770021.6
321.44289 	2769742.5
322.24449 	2769519.7
323.04609 	2769348.5
323.8477 	2769241
324.6493 	2769238.4
325.4509 	2769342.3
326.25251 	2769537.6
327.05411 	2769807.4
327.85571 	2770104
328.65731 	2770407.8
329.45892 	2770686.5
330.26052 	2770820.8
331.06212 	2770894.8
331.86373 	2770958.5
332.66533 	2771236.5
333.46693 	2771865.4
334.26854 	2772507.4
335.07014 	2772862.1
335.87174 	2772890.8
336.67335 	2772769.5
337.47495 	2772792.3
338.27655 	2772898.1
339.07816 	2772833.8
339.87976 	2772579.2
340.68136 	2772278.3
341.48297 	2771966.4
342.28457 	2771624.8
343.08617 	2771409.8
343.88778 	2771287.9
344.68938 	2771062.3
345.49098 	2770814
346.29259 	2770587.8
347.09419 	2770299
347.89579 	2769974.1
348.69739 	2769772.4
349.499 	2769640.3
350.3006 	2769520.9
351.1022 	2769299.7
351.90381 	2768971.2
352.70541 	2768511.1
353.50701 	2767948.6
354.30862 	2767237.6
355.11022 	2766140.3
355.91182 	2764254.9
356.71343 	2761072.2
357.51503 	2754572.4
358.31663 	2742467.6
359.11824 	2720994.1
359.91984 	2686694.2
360.72144 	2640102.9
361.52305 	2588605.8
362.32465 	2536518.3
363.12625 	2484463.1
363.92786 	2432355.1
364.72946 	2380165.9
365.53106 	2327955.4
366.33267 	2275778.6
367.13427 	2223688.9
367.93587 	2171730.6
368.73747 	2119874.4
369.53908 	2068041.3
370.34068 	2016186.6
371.14228 	1964293.3
371.94389 	1912335.8
372.74549 	1860332.8
373.54709 	1808359.8
374.3487 	1756459.1
375.1503 	1704604.7
375.9519 	1652754.1
376.75351 	1600884.1
377.55511 	1548985.4
379.15832 	1445118.6
379.95992 	1393191.5
381.56313 	1289496.7
382.36473 	1237760.9
383.16633 	1186082.1
383.96794 	1134424.6
384.76954 	1082754.7
385.57114 	1031053.4
386.37275 	979321.77
387.17435 	927578.74
387.97595 	875846.52
388.77756 	824131.91
389.57916 	772421.58
390.38076 	720694.33
391.18236 	668935.47
391.98397 	617143.09
392.78557 	565327.61
393.58717 	513508.45
394.38878 	461708.83
395.19038 	409948.83
395.99198 	358238.01
396.79359 	306571.1
397.59519 	254930.38
399.1984 	151651.83
400 	101258.16
