0 	9703024
6.4128257 	9562567.1
34.468938 	9159785.5
37.675351 	9080191
40.881764 	9000683.7
50.501002 	8762105
53.707415 	8682575.4
62.52505 	8463887.9
65.731463 	8384375.8
68.937876 	8304869
69.739479 	8284993.1
96.993988 	7609272.2
103.40681 	7450266.9
106.61323 	7370762.6
116.23246 	7132251
123.44689 	6953375.5
125.05 	6913629.2
125.8517 	6893752.5
128.25651 	6834130.6
131.46293 	6754636.5
151.50301 	6257823.6
153.90782 	6198206.8
156.31263 	6138589.9
159.51904 	6059100.7
166.73347 	5880250.8
169.13828 	5820634.9
175.5511 	5661662
176.35271 	5641790.8
187.57515 	5363605.3
190.78156 	5284127.5
200.4008 	5045701.8
201.2024 	5025833.3
202.00401 	5005964.9
202.80561 	4986096.6
203.60721 	4966228.2
204.40882 	4946359.9
205.21042 	4926491.6
206.01202 	4906623.4
206.81363 	4886755.1
207.61523 	4866886.9
208.41683 	4847018.7
209.21844 	4827150.5
210.02004 	4807282.3
210.82164 	4787414.1
211.62325 	4767545.9
212.42485 	4747677.8
213.22645 	4727809.6
214.02806 	4707941.4
214.82966 	4688073.3
215.63126 	4668205.1
216.43287 	4648336.9
217.23447 	4628468.8
218.03607 	4608600.6
219.63928 	4568864.4
220.44088 	4548996.3
221.24248 	4529128.1
222.04409 	4509260.1
222.84569 	4489392
223.64729 	4469523.9
224.4489 	4449655.9
225.2505 	4429787.9
226.0521 	4409919.9
227.65531 	4370184.1
228.45691 	4350316.3
229.25852 	4330448.4
230.86172 	4290713
231.66333 	4270845.3
232.46493 	4250977.7
234.06814 	4211242.6
234.86974 	4191375.2
235.67134 	4171507.8
236.47295 	4151640.6
237.27455 	4131773.3
238.07615 	4111906.2
238.87776 	4092039.1
239.67936 	4072172.1
240.48096 	4052305.2
241.28257 	4032438.3
242.08417 	4012571.6
242.88577 	3992704.9
243.68737 	3972838.3
244.48898 	3952971.7
245.29058 	3933105.3
246.09218 	3913238.9
246.89379 	3893372.6
247.69539 	3873506.4
248.49699 	3853640.3
249.2986 	3833774.2
250.1002 	3813908.2
250.9018 	3794042.3
251.70341 	3774176.5
252.50501 	3754310.8
253.30661 	3734445.1
254.10822 	3714579.5
254.90982 	3694713.9
255.71142 	3674848.4
256.51303 	3654983
257.31463 	3635117.7
258.11623 	3615252.4
258.91784 	3595387.2
259.71944 	3575522.1
260.52104 	3555657
261.32265 	3535791.9
262.12425 	3515926.9
262.92585 	3496062
263.72745 	3476197.1
264.52906 	3456332.3
265.33066 	3436467.5
266.13226 	3416602.8
266.93387 	3396738.1
267.73547 	3376873.5
268.53707 	3357008.9
269.33868 	3337144.4
270.14028 	3317279.9
270.94188 	3297415.4
271.74349 	3277551
272.54509 	3257686.6
273.34669 	3237822.3
274.1483 	3217958
274.9499 	3198093.8
274.95 	3198091.3
275.7515 	3178229.6
276.55311 	3158365.4
277.35471 	3138501.3
278.95792 	3098773.2
279.75952 	3078909.2
280.56112 	3059045.2
281.36273 	3039181.3
282.16433 	3019317.5
282.96593 	2999453.7
283.76754 	2979589.9
284.56914 	2959726.3
285.37074 	2939862.6
286.17234 	2919999
286.97395 	2900135.5
288.57715 	2860408.6
289.37876 	2840545.2
290.18036 	2820681.9
290.98196 	2800818.7
291.78357 	2780955.5
292.58517 	2761092.5
293.38677 	2741229.4
294.18838 	2721366.5
294.98998 	2701503.6
295.79158 	2681640.7
296.59319 	2661778
297.39479 	2641915.3
298.19639 	2622052.7
298.998 	2602190.2
299.7996 	2582327.7
300.6012 	2562465.3
301.40281 	2542603
302.20441 	2522740.8
303.00601 	2502878.6
303.80762 	2483016.6
304.60922 	2463154.6
306.21242 	2423430.8
307.01403 	2403569
307.81563 	2383707.3
308.61723 	2363845.7
309.41884 	2343984.2
310.22044 	2324122.7
311.02204 	2304261.3
311.82365 	2284400
312.62525 	2264538.8
313.42685 	2244677.6
314.22846 	2224816.5
315.03006 	2204955.5
315.83166 	2185094.6
316.63327 	2165233.7
317.43487 	2145372.9
318.23647 	2125512.1
319.03808 	2105651.5
319.83968 	2085790.9
320.64128 	2065930.3
321.44289 	2046069.9
322.24449 	2026209.4
323.04609 	2006349.1
323.8477 	1986488.8
324.6493 	1966628.6
325.4509 	1946768.4
326.25251 	1926908.3
327.05411 	1907048.3
327.85571 	1887188.3
328.65731 	1867328.4
329.45892 	1847468.5
330.26052 	1827608.7
331.06212 	1807749
331.86373 	1787889.3
332.66533 	1768029.6
333.46693 	1748170
334.26854 	1728310.5
335.07014 	1708451
335.87174 	1688591.6
336.67335 	1668732.2
337.47495 	1648872.9
338.27655 	1629013.6
339.07816 	1609154.4
339.87976 	1589295.2
340.68136 	1569436.1
341.48297 	1549577
342.28457 	1529718
343.08617 	1509859
343.88778 	1490000.1
344.68938 	1470141.2
345.49098 	1450282.4
346.29259 	1430423.6
347.09419 	1410564.9
347.89579 	1390706.2
348.69739 	1370847.6
349.499 	1350989
350.3006 	1331130.5
351.1022 	1311272
351.90381 	1291413.6
352.70541 	1271555.2
353.50701 	1251696.9
354.30862 	1231838.6
355.11022 	1211980.4
355.91182 	1192122.3
356.71343 	1172264.1
357.51503 	1152406.1
358.31663 	1132548.1
359.11824 	1112690.1
359.91984 	1092832.2
360.72144 	1072974.3
361.52305 	1053116.5
362.32465 	1033258.8
363.12625 	1013401.1
363.92786 	993543.42
364.72946 	973685.82
365.53106 	953828.28
366.33267 	933970.78
367.13427 	914113.34
367.93587 	894255.94
368.73747 	874398.6
369.53908 	854541.32
370.34068 	834684.08
371.14228 	814826.89
371.94389 	794969.75
372.74549 	775112.67
373.54709 	755255.64
374.3487 	735398.65
375.1503 	715541.72
375.9519 	695684.83
376.75351 	675828
377.55511 	655971.22
379.15832 	616257.79
379.95992 	596401.15
381.56313 	556688.02
382.36473 	536831.53
383.16633 	516975.08
383.96794 	497118.68
384.76954 	477262.33
385.57114 	457406.02
386.37275 	437549.76
387.17435 	417693.54
387.97595 	397837.37
388.77756 	377981.25
389.57916 	358125.17
390.38076 	338269.13
391.18236 	318413.13
391.98397 	298557.19
392.78557 	278701.28
393.58717 	258845.42
394.38878 	238989.59
395.19038 	219133.82
395.99198 	199278.08
396.79359 	179422.38
397.59519 	159566.73
399.1984 	119855.54
400 	100483.61
