0 	8777158.6
6.4128257 	8637212.1
34.468938 	8119516
37.675351 	8067941.7
40.881764 	8008515.2
50.501002 	7822440.9
53.707415 	7753160.2
62.52505 	7589691.3
65.731463 	7551503.3
68.937876 	7485708.7
69.739479 	7467119.2
96.993988 	6837689.5
103.40681 	6723149.8
106.61323 	6649845.8
116.23246 	6631098.2
123.44689 	6631049
125.05 	6630315.1
125.8517 	6629781.1
128.25651 	6627827
131.46293 	6627512.5
151.50301 	6607204.9
153.90782 	6563326.7
156.31263 	6500615.8
159.51904 	6417560.1
166.73347 	6231003.5
169.13828 	6168798.7
175.5511 	6002993.6
176.35271 	5982276.9
187.57515 	5691079.3
190.78156 	5607270.6
200.4008 	5354839.4
201.2024 	5333777.8
202.00401 	5312716.5
202.80561 	5291655.7
203.60721 	5270595.7
204.40882 	5249536.4
205.21042 	5228477.7
206.01202 	5207419.3
206.81363 	5186361.1
207.61523 	5165303
208.41683 	5144244.9
209.21844 	5123186.8
210.02004 	5102129.2
210.82164 	5081072.3
211.62325 	5060016.9
212.42485 	5038963.6
213.22645 	5017913.1
214.02806 	4996866
214.82966 	4975823
215.63126 	4954784.5
216.43287 	4933750.7
217.23447 	4912721.7
218.03607 	4891697.7
219.63928 	4849664.7
220.44088 	4828656.1
221.24248 	4807653.1
222.04409 	4786656.5
222.84569 	4765667.2
223.64729 	4744686
224.4489 	4723714.3
225.2505 	4702753.1
226.0521 	4681803.7
227.65531 	4639944
228.45691 	4619035.2
229.25852 	4598140.6
230.86172 	4556392.9
231.66333 	4535537.7
232.46493 	4514692.8
234.06814 	4473024.1
234.86974 	4452194.3
235.67134 	4431362.8
236.47295 	4410525.9
237.27455 	4389679.4
238.07615 	4368819.2
238.87776 	4347941.3
239.67936 	4327042
240.48096 	4306117.7
241.28257 	4285165.5
242.08417 	4264182.9
242.88577 	4243168.2
243.68737 	4222120.3
244.48898 	4201038.8
245.29058 	4179924.2
246.09218 	4158777.4
246.89379 	4137600.1
247.69539 	4116394.3
248.49699 	4095162.5
249.2986 	4073907.5
250.1002 	4052632.2
250.9018 	4031339.5
251.70341 	4010032.3
252.50501 	3988713.5
253.30661 	3967385.7
254.10822 	3946051.4
254.90982 	3924712.8
255.71142 	3903371.8
256.51303 	3882030.1
257.31463 	3860689.3
258.11623 	3839350.4
258.91784 	3818014.5
259.71944 	3796682.3
260.52104 	3775354.4
261.32265 	3754031.4
262.12425 	3732713.5
262.92585 	3711400.9
263.72745 	3690093.8
264.52906 	3668792.4
265.33066 	3647496.6
266.13226 	3626206.5
266.93387 	3604922.1
267.73547 	3583643.5
268.53707 	3562370.4
269.33868 	3541103
270.14028 	3519841
270.94188 	3498584.4
271.74349 	3477332.9
272.54509 	3456086.5
273.34669 	3434844.8
274.1483 	3413607.5
274.9499 	3392374.4
274.95 	3392371.8
275.7515 	3371145.2
276.55311 	3349919.5
277.35471 	3328696.9
278.95792 	3286259.8
279.75952 	3265044.7
280.56112 	3243831.3
281.36273 	3222619.4
282.16433 	3201408.8
282.96593 	3180199.1
283.76754 	3158990.1
284.56914 	3137781.6
285.37074 	3116573.3
286.17234 	3095365.2
286.97395 	3074157
288.57715 	3031739.7
289.37876 	3010530.4
290.18036 	2989320.7
290.98196 	2968110.3
291.78357 	2946899.4
292.58517 	2925687.9
293.38677 	2904476
294.18838 	2883263.8
294.98998 	2862051.3
295.79158 	2840838.9
296.59319 	2819626.6
297.39479 	2798414.7
298.19639 	2777203.5
298.998 	2755993.2
299.7996 	2734784.1
300.6012 	2713576.4
301.40281 	2692370.3
302.20441 	2671166
303.00601 	2649963.8
303.80762 	2628763.9
304.60922 	2607566.3
306.21242 	2565179
307.01403 	2543989.3
307.81563 	2522802.4
308.61723 	2501618.3
309.41884 	2480436.9
310.22044 	2459258.3
311.02204 	2438082.4
311.82365 	2416909.2
312.62525 	2395738.5
313.42685 	2374570.4
314.22846 	2353404.7
315.03006 	2332241.4
315.83166 	2311080.5
316.63327 	2289921.8
317.43487 	2268765.5
318.23647 	2247611.4
319.03808 	2226459.7
319.83968 	2205310.2
320.64128 	2184163.1
321.44289 	2163018.4
322.24449 	2141876.2
323.04609 	2120736.5
323.8477 	2099599.3
324.6493 	2078464.8
325.4509 	2057333
326.25251 	2036203.9
327.05411 	2015077.7
327.85571 	1993954.5
328.65731 	1972834.3
329.45892 	1951717.3
330.26052 	1930603.6
331.06212 	1909493.3
331.86373 	1888386.6
332.66533 	1867283.6
333.46693 	1846184.4
334.26854 	1825089.4
335.07014 	1803998.6
335.87174 	1782912.2
336.67335 	1761830.5
337.47495 	1740753.5
338.27655 	1719681.5
339.07816 	1698614.5
339.87976 	1677552.8
340.68136 	1656496.3
341.48297 	1635445.1
342.28457 	1614399.2
343.08617 	1593358.6
343.88778 	1572323.2
344.68938 	1551292.8
345.49098 	1530267.3
346.29259 	1509246.4
347.09419 	1488229.8
347.89579 	1467217.3
348.69739 	1446208.5
349.499 	1425203.1
350.3006 	1404200.6
351.1022 	1383200.5
351.90381 	1362202.6
352.70541 	1341206.4
353.50701 	1320211.4
354.30862 	1299217.2
355.11022 	1278223.4
355.91182 	1257229.7
356.71343 	1236235.7
357.51503 	1215241.1
358.31663 	1194245.5
359.11824 	1173248.6
359.91984 	1152250.4
360.72144 	1131250.4
361.52305 	1110248.6
362.32465 	1089244.7
363.12625 	1068238.7
363.92786 	1047230.4
364.72946 	1026219.7
365.53106 	1005206.6
366.33267 	984191
367.13427 	963172.82
367.93587 	942152.05
368.73747 	921128.66
369.53908 	900102.66
370.34068 	879074.04
371.14228 	858042.8
371.94389 	837008.97
372.74549 	815972.58
373.54709 	794933.67
374.3487 	773892.31
375.1503 	752848.55
375.9519 	731802.48
376.75351 	710754.2
377.55511 	689703.82
379.15832 	647597.27
379.95992 	626541.38
381.56313 	584425.17
382.36473 	563365.19
383.16633 	542304.19
383.96794 	521242.35
384.76954 	500179.83
385.57114 	479116.81
386.37275 	458053.44
387.17435 	436989.85
387.97595 	415926.19
388.77756 	394862.56
389.57916 	373799.06
390.38076 	352735.77
391.18236 	331672.76
391.98397 	310610.05
392.78557 	289547.69
393.58717 	268485.68
394.38878 	247424.02
395.19038 	226362.7
395.99198 	205301.7
396.79359 	184240.97
397.59519 	163180.49
399.1984 	121060.06
400 	100512.95
