0 	8920198.8
6.4128257 	8825245.1
34.468938 	8289189.3
37.675351 	8211116.2
40.881764 	8165121.5
50.501002 	7961050
53.707415 	7884828.5
62.52505 	7689514.3
65.731463 	7605829.9
68.937876 	7531345.8
69.739479 	7515372.7
96.993988 	6948390.2
103.40681 	6883966.9
106.61323 	6883508.4
116.23246 	6880750.5
123.44689 	6881384.7
125.05 	6881589.7
125.8517 	6881543.1
128.25651 	6881010.5
131.46293 	6880252.6
151.50301 	6539555.5
153.90782 	6477100.4
156.31263 	6414625.6
159.51904 	6331298.1
166.73347 	6143772.5
169.13828 	6081266
175.5511 	5914569
176.35271 	5893736.4
187.57515 	5602151.3
190.78156 	5518829.9
200.4008 	5268912
201.2024 	5248090.3
202.00401 	5227269.4
202.80561 	5206449.3
203.60721 	5185630.1
204.40882 	5164811.8
205.21042 	5143994.5
206.01202 	5123178.3
206.81363 	5102363.2
207.61523 	5081549.3
208.41683 	5060736.8
209.21844 	5039925.6
210.02004 	5019115.9
210.82164 	4998307.7
211.62325 	4977501.2
212.42485 	4956696.3
213.22645 	4935893.1
214.02806 	4915091.6
214.82966 	4894292
215.63126 	4873494.2
216.43287 	4852698.2
217.23447 	4831904.1
218.03607 	4811111.9
219.63928 	4769533.2
220.44088 	4748746.7
221.24248 	4727962.2
222.04409 	4707179.6
222.84569 	4686399
223.64729 	4665620.2
224.4489 	4644843.5
225.2505 	4624068.6
226.0521 	4603295.6
227.65531 	4561755.3
228.45691 	4540988
229.25852 	4520222.4
230.86172 	4478696.4
231.66333 	4457935.9
232.46493 	4437176.9
234.06814 	4395663.4
234.86974 	4374908.7
235.67134 	4354155.1
236.47295 	4333402.7
237.27455 	4312651.4
238.07615 	4291900.9
238.87776 	4271151.3
239.67936 	4250402.3
240.48096 	4229654.1
241.28257 	4208906.3
242.08417 	4188159.1
242.88577 	4167412.2
243.68737 	4146665.6
244.48898 	4125919.3
245.29058 	4105173.2
246.09218 	4084427.2
246.89379 	4063681.3
247.69539 	4042935.4
248.49699 	4022189.5
249.2986 	4001443.5
250.1002 	3980697.3
250.9018 	3959950.9
251.70341 	3939204.3
252.50501 	3918457.3
253.30661 	3897709.9
254.10822 	3876962
254.90982 	3856213.7
255.71142 	3835464.7
256.51303 	3814715.2
257.31463 	3793964.9
258.11623 	3773214
258.91784 	3752462.3
259.71944 	3731709.8
260.52104 	3710956.6
261.32265 	3690202.5
262.12425 	3669447.7
262.92585 	3648692
263.72745 	3627935.5
264.52906 	3607178.2
265.33066 	3586420.1
266.13226 	3565661.2
266.93387 	3544901.5
267.73547 	3524141
268.53707 	3503379.8
269.33868 	3482617.9
270.14028 	3461855.3
270.94188 	3441092
271.74349 	3420328
272.54509 	3399563.5
273.34669 	3378798.4
274.1483 	3358032.7
274.9499 	3337266.6
274.95 	3337264
275.7515 	3316500.1
276.55311 	3295733.2
277.35471 	3274966.1
278.95792 	3233431.2
279.75952 	3212663.6
280.56112 	3191896
281.36273 	3171128.5
282.16433 	3150361.1
282.96593 	3129594
283.76754 	3108827.2
284.56914 	3088060.8
285.37074 	3067294.8
286.17234 	3046529.4
286.97395 	3025764.6
288.57715 	2984236.9
289.37876 	2963474.3
290.18036 	2942712.4
290.98196 	2921951.4
291.78357 	2901191.4
292.58517 	2880432.3
293.38677 	2859674.3
294.18838 	2838917.3
294.98998 	2818161.4
295.79158 	2797406.6
296.59319 	2776652.9
297.39479 	2755900.4
298.19639 	2735149.1
298.998 	2714399
299.7996 	2693650.1
300.6012 	2672902.5
301.40281 	2652156
302.20441 	2631410.8
303.00601 	2610666.8
303.80762 	2589924
304.60922 	2569182.3
306.21242 	2527702.6
307.01403 	2506964.5
307.81563 	2486227.4
308.61723 	2465491.4
309.41884 	2444756.4
310.22044 	2424022.4
311.02204 	2403289.3
311.82365 	2382557
312.62525 	2361825.4
313.42685 	2341094.6
314.22846 	2320364.5
315.03006 	2299634.9
315.83166 	2278905.7
316.63327 	2258177
317.43487 	2237448.6
318.23647 	2216720.4
319.03808 	2195992.4
319.83968 	2175264.5
320.64128 	2154536.6
321.44289 	2133808.5
322.24449 	2113080.3
323.04609 	2092351.8
323.8477 	2071623
324.6493 	2050893.9
325.4509 	2030164.2
326.25251 	2009434
327.05411 	1988703.2
327.85571 	1967971.8
328.65731 	1947239.6
329.45892 	1926506.7
330.26052 	1905773
331.06212 	1885038.4
331.86373 	1864303
332.66533 	1843566.6
333.46693 	1822829.3
334.26854 	1802091
335.07014 	1781351.7
335.87174 	1760611.5
336.67335 	1739870.2
337.47495 	1719127.8
338.27655 	1698384.5
339.07816 	1677640.1
339.87976 	1656894.8
340.68136 	1636148.4
341.48297 	1615401.1
342.28457 	1594652.8
343.08617 	1573903.6
343.88778 	1553153.5
344.68938 	1532402.6
345.49098 	1511650.9
346.29259 	1490898.5
347.09419 	1470145.3
347.89579 	1449391.5
348.69739 	1428637.1
349.499 	1407882.1
350.3006 	1387126.7
351.1022 	1366370.9
351.90381 	1345614.7
352.70541 	1324858.2
353.50701 	1304101.4
354.30862 	1283344.5
355.11022 	1262587.5
355.91182 	1241830.4
356.71343 	1221073.2
357.51503 	1200316.1
358.31663 	1179559.1
359.11824 	1158802.3
359.91984 	1138045.5
360.72144 	1117289
361.52305 	1096532.7
362.32465 	1075776.6
363.12625 	1055020.7
363.92786 	1034265.1
364.72946 	1013509.8
365.53106 	992754.76
366.33267 	971999.94
367.13427 	951245.36
367.93587 	930490.99
368.73747 	909736.8
369.53908 	888982.76
370.34068 	868228.83
371.14228 	847474.97
371.94389 	826721.12
372.74549 	805967.23
373.54709 	785213.26
374.3487 	764459.13
375.1503 	743704.79
375.9519 	722950.18
376.75351 	702195.23
377.55511 	681439.88
379.15832 	639927.73
379.95992 	619170.81
381.56313 	577654.99
382.36473 	556896
383.16633 	536136.23
383.96794 	515375.63
384.76954 	494614.19
385.57114 	473851.87
386.37275 	453088.67
387.17435 	432324.57
387.97595 	411559.56
388.77756 	390793.67
389.57916 	370026.9
390.38076 	349259.28
391.18236 	328490.84
391.98397 	307721.61
392.78557 	286951.66
393.58717 	266181.02
394.38878 	245409.77
395.19038 	224637.96
395.99198 	203865.68
396.79359 	183093.01
397.59519 	162320.01
399.1984 	120773.42
400 	100505.96
