0 	3836428.4
0.35183948 	3828444.4
0.70367896 	3820168.9
1.0555184 	3811899.3
1.4073579 	3803629.8
1.7591974 	3795360.4
2.1110369 	3787091
2.4628764 	3778850.6
2.8147158 	3770566.4
3.1665553 	3762297.9
3.5183948 	3754030
3.8702343 	3745762.2
4.2220737 	3737494.6
4.9257527 	3720990.4
5.6294317 	3704470.5
5.9812711 	3696209.5
6.3331106 	3687948.7
8.092308 	3646648.2
8.795987 	3630130.6
9.1478265 	3621878.6
10.203345 	3597117.2
10.907024 	3580610.5
11.258863 	3572355.5
11.610703 	3564103
11.962542 	3556048.3
12.666221 	3539576.3
13.018061 	3531385.6
13.3699 	3523236.8
13.72174 	3515123.6
14.777258 	3490566.2
15.480937 	3474173.3
15.832777 	3465977.1
16.536456 	3449639.1
17.591974 	3425074.2
18.647492 	3400919.3
19.351171 	3384608
19.703011 	3376452.7
20.05485 	3368297.7
20.40669 	3360142.8
20.758529 	3351988.2
21.462208 	3335679.5
22.165887 	3319371
22.869566 	3303062.6
23.573245 	3286753.9
23.925085 	3278599.4
24.276924 	3270444.6
24.628764 	3262289.6
25.332442 	3245977.9
25.684282 	3237842.3
26.387961 	3221533.2
26.7398 	3213370.7
27.09164 	3205207.5
27.443479 	3197043.6
27.795319 	3188878.8
28.147158 	3180713.1
28.850837 	3164378.9
29.202677 	3156210.2
29.554516 	3148040.6
29.906356 	3139869.9
30.258195 	3131698.1
30.610035 	3123525.3
30.961874 	3115351.4
31.665553 	3098999.7
32.017393 	3090821.7
32.369232 	3082641.8
32.721072 	3074460
33.072911 	3066275.8
33.424751 	3058081.8
33.77659 	3049868.2
34.128429 	3042855.7
34.480269 	3037087.3
34.832108 	3028288.9
35.183948 	3019251.5
35.535787 	3010195.1
35.887627 	3002385.7
36.239466 	2996140.5
36.591306 	2987600.2
37.294985 	2970211.2
37.646824 	2961515.5
37.998664 	2952821.2
38.702343 	2935437.9
39.406022 	2918062.8
39.757861 	2909378.7
41.165219 	2874670.1
41.517059 	2866001
41.868898 	2857335.3
42.220737 	2848673.5
42.924416 	2831361.4
43.276256 	2822711.6
43.628095 	2814066
43.979935 	2805424.9
44.683614 	2788156.4
45.035453 	2779529.2
45.387293 	2770907.1
46.090972 	2753678.2
46.442811 	2745071.7
47.14649 	2727875.3
47.49833 	2719285.8
48.202009 	2702124.4
48.553848 	2693552.8
49.257527 	2676428.6
49.609367 	2667876.1
49.961206 	2659330.2
50.313045 	2650791.1
50.664885 	2642258.6
51.016724 	2633733.1
51.720403 	2616702.9
52.072243 	2608198.5
52.424082 	2599701.3
52.775922 	2591211.3
53.127761 	2582728.7
54.18328 	2557325.6
54.535119 	2548873
54.886959 	2540428
55.238798 	2531990.7
55.590638 	2523561.1
55.942477 	2515139.3
56.997996 	2489920.9
57.349835 	2481530.5
57.701675 	2473148.2
58.053514 	2464773.8
58.405354 	2456407.6
58.757193 	2448049.4
59.109032 	2439699.3
59.460872 	2431357.5
60.164551 	2414698.5
60.51639 	2406381.4
60.86823 	2398072.7
61.220069 	2389772.5
61.571909 	2381480.7
61.923748 	2373197.3
62.275588 	2364922.6
62.627427 	2356656.5
62.979267 	2348399
63.331106 	2340150.2
63.682946 	2331910.1
64.034785 	2323678.8
64.386625 	2315456.2
64.738464 	2307242.5
65.442143 	2290841.4
65.793983 	2282654.2
66.497662 	2266306.2
67.55318 	2241850
68.256859 	2225589.2
68.608698 	2217471.7
69.312377 	2201262
70.016056 	2185085.3
70.367896 	2177009.1
70.719735 	2168940.8
71.071575 	2160880.3
71.423414 	2152827.6
72.830772 	2120690.2
73.182612 	2112673.6
73.534451 	2104663.7
73.886291 	2096660.4
74.941809 	2072688.5
75.293648 	2064710
75.645488 	2056737.3
75.997327 	2048770.2
77.052846 	2024901
77.404685 	2016954.8
77.756525 	2009013.5
78.460204 	1993144.8
78.812043 	1985217.2
79.163883 	1977293.9
80.219401 	1953548.7
81.27492 	1929838
81.626759 	1921941.7
81.978599 	1914048.8
82.330438 	1906159.4
82.682278 	1898273.2
83.034117 	1890390.3
83.385957 	1882510.6
83.737796 	1874634
84.089635 	1866760.5
84.441475 	1858889.9
85.496993 	1835295.8
86.552512 	1811726.9
86.904351 	1803876
89.015388 	1756822
89.367228 	1748987.6
90.070907 	1733325.2
90.422746 	1725497
90.774586 	1717670.7
91.126425 	1709846.4
91.478265 	1702023.9
91.830104 	1694203.4
92.533783 	1678568.2
93.237462 	1662941.5
93.589301 	1655131.6
93.941141 	1647324.1
94.29298 	1639519.3
96.052178 	1600536.6
96.404017 	1592747.9
96.755857 	1584961
97.459536 	1569390.2
97.811375 	1561604.6
98.163215 	1553817.2
98.515054 	1546026.9
99.922412 	1514807
100.27425 	1506980.4
100.62609 	1499142.6
101.32977 	1483430.4
102.03345 	1467666.4
102.38529 	1459764.5
103.79265 	1428026.6
104.14449 	1420059.7
104.49633 	1412079.6
105.2 	1396076.4
105.90368 	1380328.9
106.25552 	1373614.7
106.60736 	1364014
108.01472 	1323649.7
108.36656 	1313551.3
108.7184 	1303452.1
109.07024 	1293343.8
109.77392 	1275024.7
110.12576 	1268891.1
110.82944 	1254691.8
111.18128 	1247104.8
111.53311 	1239134.4
111.88495 	1233433.2
112.58863 	1226562.9
112.94047 	1226398.9
113.29231 	1226400.3
113.64415 	1226396.4
113.99599 	1226357.9
114.34783 	1226268.7
114.69967 	1226287.2
115.05151 	1226249.5
115.40335 	1226196.3
115.75519 	1226155.6
116.45887 	1226005.2
116.81071 	1225886.9
117.16255 	1225783.1
117.51439 	1225673.3
118.21806 	1225376.4
118.5699 	1225217.9
118.92174 	1225056.9
119.27358 	1224865.2
119.62542 	1224675.7
119.97726 	1224540.7
120.3291 	1224439.5
120.68094 	1224331
121.03278 	1224227.1
121.38462 	1224154.3
121.73646 	1224098.1
122.0883 	1224051.7
122.79198 	1223993.3
123.14382 	1223978.6
123.49566 	1223975.7
123.8475 	1223985
124.19934 	1224006.7
124.55118 	1224040
124.90302 	1224084.3
125.25485 	1224140.8
125.60669 	1224196.6
126.66221 	1224322.3
127.01405 	1224338.3
127.36589 	1224336.2
127.71773 	1224318.5
128.06957 	1224284.1
128.42141 	1224230.2
128.77325 	1224185.6
129.12509 	1224045.8
129.47693 	1221766.1
130.18061 	1206071.6
130.53245 	1197486.7
130.88429 	1188897.4
131.23613 	1180308.1
132.29164 	1154541.1
132.64348 	1145953.1
132.99532 	1137365
133.699 	1120188
134.05084 	1111598.9
134.40268 	1103009.2
134.75452 	1094418.8
135.4582 	1077235.8
135.81004 	1068643.2
136.16188 	1060050.1
136.51372 	1051456.4
136.86556 	1042862.2
137.56924 	1025672.7
137.92108 	1017077.4
138.27292 	1008481.7
138.97659 	991288.85
139.68027 	974093.39
140.03211 	965494.44
140.38395 	956894.56
140.73579 	948293.66
141.08763 	939691.69
141.43947 	931088.59
141.79131 	922484.36
142.14315 	913878.98
142.49499 	905272.49
142.84683 	896664.94
144.25419 	862225.73
145.3097 	836390.36
145.66154 	827778.24
146.01338 	819166.24
146.36522 	810554.53
146.71706 	801943.27
147.0689 	793332.63
147.42074 	784722.75
148.12442 	767505.88
148.8281 	750293.66
149.17994 	741689.55
149.88362 	724485.72
150.23546 	715886.1
150.5873 	707288.08
151.29098 	690096.87
151.99465 	672912.14
152.69833 	655733.82
153.05017 	647147.02
153.40201 	638561.74
153.75385 	629977.97
154.45753 	612814.83
154.80937 	604235.39
155.16121 	595657.35
155.51305 	587080.67
155.86489 	578505.35
156.21673 	569931.34
156.56857 	561358.64
157.62409 	535648.29
157.97593 	527080.72
158.32777 	518514.42
158.67961 	509949.39
159.03144 	501385.62
159.38328 	492823.13
159.73512 	484261.9
160.08696 	475701.93
160.4388 	467143.25
160.79064 	458585.84
161.14248 	450029.69
161.49432 	441474.82
161.84616 	432921.21
162.90168 	407267.92
163.25352 	398719.29
163.9572 	381625.63
164.30904 	373080.56
164.66088 	364536.61
165.01272 	355993.78
165.71639 	338911.26
166.06823 	330371.51
167.12375 	304757.71
167.47559 	296221.44
167.82743 	287685.91
168.17927 	279151.08
168.53111 	270616.88
169.23479 	253550.21
169.58663 	245017.62
169.93847 	236485.47
170.64215 	219422.28
170.99399 	210891.16
171.34583 	202360.29
171.69767 	193829.65
172.04951 	185299.2
172.40134 	176768.91
172.75318 	168238.75
173.10502 	159708.69
174.16054 	134119
174.51238 	125589.21
174.86422 	117059.45
