0 	9149684.6
6.4128257 	9042162.5
34.468938 	8477258.8
37.675351 	8402794.9
40.881764 	8336381.3
50.501002 	8158429.7
53.707415 	8130199
62.52505 	7923391
65.731463 	7845235.6
68.937876 	7771358.8
69.739479 	7757129.4
96.993988 	7529808.8
103.40681 	7528376.6
106.61323 	7528259.1
116.23246 	7352692.6
123.44689 	7168124
125.05 	7127089.5
125.8517 	7106566
128.25651 	7044993.3
131.46293 	6962870.8
151.50301 	6449196.8
153.90782 	6387612.2
156.31263 	6326052
159.51904 	6244004.3
166.73347 	6059533.7
169.13828 	5998097.9
175.5511 	5834409.4
176.35271 	5813960.3
187.57515 	5527828.5
190.78156 	5446092.1
200.4008 	5200757
201.2024 	5180299
202.00401 	5159838.5
202.80561 	5139375.5
203.60721 	5118910.1
204.40882 	5098442.1
205.21042 	5077971.6
206.01202 	5057498.6
206.81363 	5037023.1
207.61523 	5016545.1
208.41683 	4996064.7
209.21844 	4975581.9
210.02004 	4955096.9
210.82164 	4934609.6
211.62325 	4914120.3
212.42485 	4893629.1
213.22645 	4873136.2
214.02806 	4852641.7
214.82966 	4832145.8
215.63126 	4811648.9
216.43287 	4791151.1
217.23447 	4770652.6
218.03607 	4750153.9
219.63928 	4709156.6
220.44088 	4688658.5
221.24248 	4668161.3
222.04409 	4647665.1
222.84569 	4627170.2
223.64729 	4606676.9
224.4489 	4586185.2
225.2505 	4565695.5
226.0521 	4545207.9
227.65531 	4504239.3
228.45691 	4483758.4
229.25852 	4463279.9
230.86172 	4422329.6
231.66333 	4401857.6
232.46493 	4381387.6
234.06814 	4340452.7
234.86974 	4319987.3
235.67134 	4299523
236.47295 	4279059.5
237.27455 	4258596.4
238.07615 	4238133.5
238.87776 	4217670.4
239.67936 	4197206.8
240.48096 	4176742.6
241.28257 	4156277.2
242.08417 	4135810.5
242.88577 	4115342.3
243.68737 	4094872.3
244.48898 	4074400.3
245.29058 	4053926.1
246.09218 	4033449.6
246.89379 	4012970.8
247.69539 	3992489.5
248.49699 	3972005.7
249.2986 	3951519.5
250.1002 	3931030.9
250.9018 	3910539.9
251.70341 	3890046.7
252.50501 	3869551.5
253.30661 	3849054.3
254.10822 	3828555.4
254.90982 	3808055
255.71142 	3787553.3
256.51303 	3767050.4
257.31463 	3746546.8
258.11623 	3726042.5
258.91784 	3705537.9
259.71944 	3685033.2
260.52104 	3664528.6
261.32265 	3644024.4
262.12425 	3623520.7
262.92585 	3603017.8
263.72745 	3582515.8
264.52906 	3562015
265.33066 	3541515.5
266.13226 	3521017.4
266.93387 	3500520.9
267.73547 	3480026
268.53707 	3459532.9
269.33868 	3439041.7
270.14028 	3418552.3
270.94188 	3398064.9
271.74349 	3377579.3
272.54509 	3357095.8
273.34669 	3336614.1
274.1483 	3316134.4
274.9499 	3295656.5
274.95 	3295654
275.7515 	3275180.5
276.55311 	3254706.1
277.35471 	3234233.4
278.95792 	3193292.6
279.75952 	3172824.3
280.56112 	3152357.1
281.36273 	3131891.1
282.16433 	3111426
282.96593 	3090961.7
283.76754 	3070498
284.56914 	3050034.9
285.37074 	3029572.2
286.17234 	3009109.6
286.97395 	2988647.2
288.57715 	2947721.9
289.37876 	2927258.9
290.18036 	2906795.4
290.98196 	2886331.4
291.78357 	2865866.6
292.58517 	2845401.1
293.38677 	2824934.6
294.18838 	2804467.2
294.98998 	2783998.7
295.79158 	2763529.1
296.59319 	2743058.2
297.39479 	2722586
298.19639 	2702112.5
298.998 	2681637.6
299.7996 	2661161.3
300.6012 	2640683.4
301.40281 	2620204
302.20441 	2599723.1
303.00601 	2579240.7
303.80762 	2558756.6
304.60922 	2538270.9
306.21242 	2497294.9
307.01403 	2476804.5
307.81563 	2456312.5
308.61723 	2435819.1
309.41884 	2415324.1
310.22044 	2394827.7
311.02204 	2374329.8
311.82365 	2353830.6
312.62525 	2333330.1
313.42685 	2312828.3
314.22846 	2292325.3
315.03006 	2271821.2
315.83166 	2251316
316.63327 	2230809.8
317.43487 	2210302.7
318.23647 	2189794.7
319.03808 	2169285.8
319.83968 	2148776.2
320.64128 	2128265.9
321.44289 	2107754.9
322.24449 	2087243.3
323.04609 	2066731.1
323.8477 	2046218.4
324.6493 	2025705.1
325.4509 	2005191.4
326.25251 	1984677.3
327.05411 	1964162.7
327.85571 	1943647.8
328.65731 	1923132.4
329.45892 	1902616.7
330.26052 	1882100.6
331.06212 	1861584.1
331.86373 	1841067.4
332.66533 	1820550.3
333.46693 	1800032.9
334.26854 	1779515.2
335.07014 	1758997.2
335.87174 	1738479.1
336.67335 	1717960.7
337.47495 	1697442.2
338.27655 	1676923.5
339.07816 	1656404.9
339.87976 	1635886.2
340.68136 	1615367.6
341.48297 	1594849.2
342.28457 	1574331
343.08617 	1553813.1
343.88778 	1533295.6
344.68938 	1512778.7
345.49098 	1492262.4
346.29259 	1471746.8
347.09419 	1451232.1
347.89579 	1430718.4
348.69739 	1410205.8
349.499 	1389694.4
350.3006 	1369184.4
351.1022 	1348675.8
351.90381 	1328168.9
352.70541 	1307663.7
353.50701 	1287160.3
354.30862 	1266658.8
355.11022 	1246159.3
355.91182 	1225662
356.71343 	1205166.9
357.51503 	1184673.9
358.31663 	1164183.3
359.11824 	1143695
359.91984 	1123209
360.72144 	1102725.4
361.52305 	1082244.1
362.32465 	1061765
363.12625 	1041288.2
363.92786 	1020813.6
364.72946 	1000341
365.53106 	979870.44
366.33267 	959401.74
367.13427 	938934.8
367.93587 	918469.49
368.73747 	898005.67
369.53908 	877543.19
370.34068 	857081.92
371.14228 	836621.68
371.94389 	816162.34
372.74549 	795703.74
373.54709 	775245.74
374.3487 	754788.19
375.1503 	734330.96
375.9519 	713873.92
376.75351 	693416.95
377.55511 	672959.94
379.15832 	632045.41
379.95992 	611587.73
381.56313 	570671.2
382.36473 	550212.25
383.16633 	529752.79
383.96794 	509292.8
384.76954 	488832.26
385.57114 	468371.17
386.37275 	447909.53
387.17435 	427447.34
387.97595 	406984.62
388.77756 	386521.38
389.57916 	366057.65
390.38076 	345593.46
391.18236 	325128.84
391.98397 	304663.81
392.78557 	284198.43
393.58717 	263732.71
394.38878 	243266.71
395.19038 	222800.46
395.99198 	202334
396.79359 	181867.37
397.59519 	161400.61
399.1984 	120466.89
400 	100498.5
