0 	9625462.5
6.4128257 	9491939.2
34.468938 	9012664.6
37.675351 	9012666.3
40.881764 	9009692.1
50.501002 	8804763
53.707415 	8724598.8
62.52505 	8504248.4
65.731463 	8424176.8
68.937876 	8344143.4
69.739479 	8324141.9
96.993988 	7645641.9
103.40681 	7486076.2
106.61323 	7406250.7
116.23246 	7166636.3
123.44689 	6986858.7
125.05 	6946908.7
125.8517 	6926930.1
128.25651 	6867002.7
131.46293 	6787104.4
151.50301 	6287878.8
153.90782 	6227973.2
156.31263 	6168064.6
159.51904 	6088181.1
166.73347 	5908416.3
169.13828 	5848486.4
175.5511 	5688658.7
176.35271 	5668679.4
187.57515 	5388978.5
190.78156 	5309074
200.4008 	5069405.4
201.2024 	5049436.4
202.00401 	5029467.8
202.80561 	5009499.8
203.60721 	4989532.2
204.40882 	4969565.2
205.21042 	4949598.7
206.01202 	4929632.7
206.81363 	4909667.3
207.61523 	4889702.3
208.41683 	4869737.8
209.21844 	4849773.9
210.02004 	4829810.4
210.82164 	4809847.5
211.62325 	4789885
212.42485 	4769923
213.22645 	4749961.4
214.02806 	4730000.3
214.82966 	4710039.6
215.63126 	4690079.4
216.43287 	4670119.5
217.23447 	4650160
218.03607 	4630200.8
219.63928 	4590283.4
220.44088 	4570325.1
221.24248 	4550366.9
222.04409 	4530409
222.84569 	4510451.2
223.64729 	4490493.5
224.4489 	4470535.8
225.2505 	4450578.2
226.0521 	4430620.6
227.65531 	4390705.1
228.45691 	4370747.2
229.25852 	4350789.1
230.86172 	4310872.3
231.66333 	4290913.6
232.46493 	4270954.5
234.06814 	4231035.6
234.86974 	4211075.6
235.67134 	4191115.2
236.47295 	4171154.5
237.27455 	4151193.4
238.07615 	4131231.9
238.87776 	4111270
239.67936 	4091307.7
240.48096 	4071345
241.28257 	4051382
242.08417 	4031418.5
242.88577 	4011454.6
243.68737 	3991490.4
244.48898 	3971525.8
245.29058 	3951560.9
246.09218 	3931595.6
246.89379 	3911630.1
247.69539 	3891664.2
248.49699 	3871698.1
249.2986 	3851731.7
250.1002 	3831765.1
250.9018 	3811798.3
251.70341 	3791831.3
252.50501 	3771864.2
253.30661 	3751896.9
254.10822 	3731929.6
254.90982 	3711962.2
255.71142 	3691994.8
256.51303 	3672027.4
257.31463 	3652060
258.11623 	3632092.6
258.91784 	3612125.3
259.71944 	3592158.1
260.52104 	3572191
261.32265 	3552224.1
262.12425 	3532257.4
262.92585 	3512290.8
263.72745 	3492324.4
264.52906 	3472358.3
265.33066 	3452392.4
266.13226 	3432426.8
266.93387 	3412461.4
267.73547 	3392496.4
268.53707 	3372531.6
269.33868 	3352567.1
270.14028 	3332603
270.94188 	3312639.1
271.74349 	3292675.6
272.54509 	3272712.5
273.34669 	3252749.6
274.1483 	3232787.2
274.9499 	3212825
274.95 	3212822.5
275.7515 	3192863.2
276.55311 	3172901.8
277.35471 	3152940.7
278.95792 	3113019.4
279.75952 	3093059.3
280.56112 	3073099.6
281.36273 	3053140.1
282.16433 	3033181
282.96593 	3013222.2
283.76754 	2993263.7
284.56914 	2973305.5
285.37074 	2953347.6
286.17234 	2933390
286.97395 	2913432.6
288.57715 	2873518.7
289.37876 	2853562.2
290.18036 	2833605.9
290.98196 	2813649.8
291.78357 	2793693.9
292.58517 	2773738.3
293.38677 	2753782.8
294.18838 	2733827.5
294.98998 	2713872.4
295.79158 	2693917.5
296.59319 	2673962.7
297.39479 	2654008.1
298.19639 	2634053.6
298.998 	2614099.2
299.7996 	2594144.9
300.6012 	2574190.7
301.40281 	2554236.6
302.20441 	2534282.6
303.00601 	2514328.6
303.80762 	2494374.7
304.60922 	2474420.8
306.21242 	2434513.1
307.01403 	2414559.3
307.81563 	2394605.4
308.61723 	2374651.6
309.41884 	2354697.7
310.22044 	2334743.8
311.02204 	2314789.9
311.82365 	2294835.9
312.62525 	2274881.9
313.42685 	2254927.8
314.22846 	2234973.8
315.03006 	2215019.6
315.83166 	2195065.4
316.63327 	2175111.2
317.43487 	2155156.9
318.23647 	2135202.5
319.03808 	2115248.1
319.83968 	2095293.6
320.64128 	2075339.1
321.44289 	2055384.5
322.24449 	2035429.9
323.04609 	2015475.2
323.8477 	1995520.5
324.6493 	1975565.7
325.4509 	1955610.9
326.25251 	1935656.1
327.05411 	1915701.2
327.85571 	1895746.3
328.65731 	1875791.4
329.45892 	1855836.4
330.26052 	1835881.4
331.06212 	1815926.4
331.86373 	1795971.3
332.66533 	1776016.3
333.46693 	1756061.2
334.26854 	1736106.1
335.07014 	1716151
335.87174 	1696195.9
336.67335 	1676240.7
337.47495 	1656285.6
338.27655 	1636330.4
339.07816 	1616375.3
339.87976 	1596420.1
340.68136 	1576465
341.48297 	1556509.8
342.28457 	1536554.6
343.08617 	1516599.4
343.88778 	1496644.3
344.68938 	1476689.1
345.49098 	1456734
346.29259 	1436778.8
347.09419 	1416823.7
347.89579 	1396868.5
348.69739 	1376913.4
349.499 	1356958.4
350.3006 	1337003.3
351.1022 	1317048.2
351.90381 	1297093.2
352.70541 	1277138.2
353.50701 	1257183.3
354.30862 	1237228.4
355.11022 	1217273.5
355.91182 	1197318.7
356.71343 	1177364
357.51503 	1157409.3
358.31663 	1137454.6
359.11824 	1117500.1
359.91984 	1097545.6
360.72144 	1077591.2
361.52305 	1057636.8
362.32465 	1037682.6
363.12625 	1017728.5
363.92786 	997774.46
364.72946 	977820.54
365.53106 	957866.74
366.33267 	937913.06
367.13427 	917959.51
367.93587 	898006.09
368.73747 	878052.81
369.53908 	858099.67
370.34068 	838146.69
371.14228 	818193.85
371.94389 	798241.18
372.74549 	778288.67
373.54709 	758336.32
374.3487 	738384.14
375.1503 	718432.14
375.9519 	698480.31
376.75351 	678528.65
377.55511 	658577.18
379.15832 	618674.77
379.95992 	598723.84
381.56313 	558822.51
382.36473 	538872.11
383.16633 	518921.89
383.96794 	498971.85
384.76954 	479021.97
385.57114 	459072.27
386.37275 	439122.72
387.17435 	419173.34
387.97595 	399224.11
388.77756 	379275.03
389.57916 	359326.1
390.38076 	339377.3
391.18236 	319428.64
391.98397 	299480.1
392.78557 	279531.68
393.58717 	259583.37
394.38878 	239635.17
395.19038 	219687.06
395.99198 	199739.04
396.79359 	179791.11
397.59519 	159843.24
399.1984 	119947.7
400 	100485.85
