0 	9247216.9
6.4128257 	9146265.9
34.468938 	8598341
37.675351 	8530813.5
40.881764 	8454056.8
50.501002 	8231937.5
53.707415 	8149175.9
62.52505 	7934463.7
65.731463 	7868777.8
68.937876 	7808268.1
69.739479 	7800736.6
96.993988 	7770908.1
103.40681 	7611400.4
106.61323 	7530154.8
116.23246 	7286118.5
123.44689 	7102944.2
125.05 	7062238.7
125.8517 	7041883.1
128.25651 	6980829
131.46293 	6899439.8
151.50301 	6391168.3
153.90782 	6330189.9
156.31263 	6269214
159.51904 	6187920.4
166.73347 	6005074.2
169.13828 	5944156.3
175.5511 	5781805.9
176.35271 	5761522.1
187.57515 	5477704.9
190.78156 	5396630.6
200.4008 	5153305
201.2024 	5133017.9
202.00401 	5112729
202.80561 	5092438.5
203.60721 	5072146.3
204.40882 	5051852.6
205.21042 	5031557.2
206.01202 	5011260.2
206.81363 	4990961.8
207.61523 	4970662
208.41683 	4950360.7
209.21844 	4930058.2
210.02004 	4909754.5
210.82164 	4889449.6
211.62325 	4869143.7
212.42485 	4848836.8
213.22645 	4828529.1
214.02806 	4808220.6
214.82966 	4787911.4
215.63126 	4767601.7
216.43287 	4747291.5
217.23447 	4726980.9
218.03607 	4706670.1
219.63928 	4666047.8
220.44088 	4645736.7
221.24248 	4625425.5
222.04409 	4605114.5
222.84569 	4584803.6
223.64729 	4564493
224.4489 	4544182.8
225.2505 	4523872.9
226.0521 	4503563.4
227.65531 	4462946
228.45691 	4442638.1
229.25852 	4422330.9
230.86172 	4381718.6
231.66333 	4361413.6
232.46493 	4341109.4
234.06814 	4300503.4
234.86974 	4280201.7
235.67134 	4259900.9
236.47295 	4239601
237.27455 	4219302
238.07615 	4199003.8
238.87776 	4178706.5
239.67936 	4158410.1
240.48096 	4138114.5
241.28257 	4117819.7
242.08417 	4097525.7
242.88577 	4077232.3
243.68737 	4056939.7
244.48898 	4036647.7
245.29058 	4016356.3
246.09218 	3996065.4
246.89379 	3975775
247.69539 	3955485
248.49699 	3935195.4
249.2986 	3914906
250.1002 	3894617
250.9018 	3874328.1
251.70341 	3854039.3
252.50501 	3833750.7
253.30661 	3813462
254.10822 	3793173.3
254.90982 	3772884.5
255.71142 	3752595.5
256.51303 	3732306.3
257.31463 	3712016.8
258.11623 	3691727
258.91784 	3671436.8
259.71944 	3651146.2
260.52104 	3630855.1
261.32265 	3610563.5
262.12425 	3590271.3
262.92585 	3569978.5
263.72745 	3549685
264.52906 	3529390.8
265.33066 	3509095.9
266.13226 	3488800.3
266.93387 	3468503.9
267.73547 	3448206.6
268.53707 	3427908.6
269.33868 	3407609.8
270.14028 	3387310.1
270.94188 	3367009.6
271.74349 	3346708.3
272.54509 	3326406.2
273.34669 	3306103.4
274.1483 	3285799.7
274.9499 	3265495.4
274.95 	3265492.9
275.7515 	3245190.4
276.55311 	3224884.6
277.35471 	3204578.3
278.95792 	3163964
279.75952 	3143656.1
280.56112 	3123347.7
281.36273 	3103039
282.16433 	3082729.9
282.96593 	3062420.5
283.76754 	3042110.8
284.56914 	3021801
285.37074 	3001491
286.17234 	2981180.9
286.97395 	2960870.7
288.57715 	2920250.3
289.37876 	2899940.1
290.18036 	2879630
290.98196 	2859319.9
291.78357 	2839009.9
292.58517 	2818700.1
293.38677 	2798390.3
294.18838 	2778080.7
294.98998 	2757771.3
295.79158 	2737461.9
296.59319 	2717152.7
297.39479 	2696843.7
298.19639 	2676534.8
298.998 	2656226
299.7996 	2635917.4
300.6012 	2615608.8
301.40281 	2595300.4
302.20441 	2574992.1
303.00601 	2554683.8
303.80762 	2534375.7
304.60922 	2514067.6
306.21242 	2473451.6
307.01403 	2453143.8
307.81563 	2432836
308.61723 	2412528.3
309.41884 	2392220.6
310.22044 	2371913.1
311.02204 	2351605.7
311.82365 	2331298.3
312.62525 	2310991.2
313.42685 	2290684.1
314.22846 	2270377.3
315.03006 	2250070.6
315.83166 	2229764.2
316.63327 	2209458
317.43487 	2189152.1
318.23647 	2168846.6
319.03808 	2148541.3
319.83968 	2128236.4
320.64128 	2107931.9
321.44289 	2087627.9
322.24449 	2067324.3
323.04609 	2047021.2
323.8477 	2026718.6
324.6493 	2006416.6
325.4509 	1986115.2
326.25251 	1965814.4
327.05411 	1945514.3
327.85571 	1925214.8
328.65731 	1904916.1
329.45892 	1884618.1
330.26052 	1864320.9
331.06212 	1844024.5
331.86373 	1823728.9
332.66533 	1803434.1
333.46693 	1783140.2
334.26854 	1762847.2
335.07014 	1742555.1
335.87174 	1722263.9
336.67335 	1701973.6
337.47495 	1681684.3
338.27655 	1661395.9
339.07816 	1641108.4
339.87976 	1620821.9
340.68136 	1600536.3
341.48297 	1580251.6
342.28457 	1559967.8
343.08617 	1539685
343.88778 	1519403
344.68938 	1499121.9
345.49098 	1478841.7
346.29259 	1458562.3
347.09419 	1438283.7
347.89579 	1418005.8
348.69739 	1397728.7
349.499 	1377452.2
350.3006 	1357176.5
351.1022 	1336901.3
351.90381 	1316626.8
352.70541 	1296352.7
353.50701 	1276079.2
354.30862 	1255806.1
355.11022 	1235533.4
355.91182 	1215261.1
356.71343 	1194989
357.51503 	1174717.2
358.31663 	1154445.7
359.11824 	1134174.2
359.91984 	1113902.9
360.72144 	1093631.6
361.52305 	1073360.4
362.32465 	1053089.1
363.12625 	1032817.8
363.92786 	1012546.3
364.72946 	992274.7
365.53106 	972002.89
366.33267 	951730.85
367.13427 	931458.56
367.93587 	911185.97
368.73747 	890913.07
369.53908 	870639.83
370.34068 	850366.22
371.14228 	830092.24
371.94389 	809817.86
372.74549 	789543.07
373.54709 	769267.86
374.3487 	748992.22
375.1503 	728716.16
375.9519 	708439.67
376.75351 	688162.74
377.55511 	667885.39
379.15832 	627329.43
379.95992 	607050.83
381.56313 	566492.47
382.36473 	546212.73
383.16633 	525932.63
383.96794 	505652.2
384.76954 	485371.44
385.57114 	465090.38
386.37275 	444809.03
387.17435 	424527.41
387.97595 	404245.54
388.77756 	383963.44
389.57916 	363681.12
390.38076 	343398.61
391.18236 	323115.92
391.98397 	302833.08
392.78557 	282550.1
393.58717 	262267
394.38878 	241983.79
395.19038 	221700.5
395.99198 	201417.15
396.79359 	181133.74
397.59519 	160850.31
399.1984 	120283.42
400 	100494.03
