0 	3836479.4
0.35183948 	3829022.1
0.70367896 	3821175
1.0555184 	3813335.3
1.4073579 	3805462.1
1.7591974 	3797603.5
2.1110369 	3789762.1
2.4628764 	3781901.9
2.8147158 	3774066.3
3.1665553 	3766217.5
3.5183948 	3758368.2
3.8702343 	3750482.9
4.2220737 	3742788.8
4.9257527 	3727114.9
5.6294317 	3711382.7
5.9812711 	3703522.7
6.3331106 	3695658
8.092308 	3656338.3
8.795987 	3640604.9
9.1478265 	3632825.5
10.203345 	3609268
10.907024 	3593543.8
11.258863 	3585692.1
11.610703 	3577829.1
11.962542 	3569969.3
12.666221 	3555934.6
13.018061 	3549242.9
13.3699 	3541371.8
13.72174 	3533506.5
14.777258 	3509943.6
15.480937 	3496613.2
15.832777 	3488748.2
16.536456 	3473019.8
17.591974 	3449427.1
18.647492 	3425834.4
19.351171 	3410105.9
19.703011 	3402241.6
20.05485 	3394377.3
20.40669 	3386513
20.758529 	3378648.6
21.462208 	3362919.9
22.165887 	3347191.1
22.869566 	3331462.3
23.573245 	3315733.4
23.925085 	3307868.9
24.276924 	3300004.4
24.628764 	3292139.9
25.332442 	3276410.9
25.684282 	3268546.4
26.387961 	3252817.4
26.7398 	3244952.9
27.09164 	3237088.4
27.443479 	3229223.9
27.795319 	3221359.5
28.147158 	3213495
28.850837 	3197766.2
29.202677 	3189901.8
29.554516 	3182037.5
29.906356 	3174173.2
30.258195 	3166308.9
30.610035 	3158444.7
30.961874 	3150580.6
31.665553 	3134852.4
32.017393 	3126988.4
32.369232 	3119124.5
32.721072 	3111260.6
33.072911 	3103396.8
33.424751 	3095533
33.77659 	3087669.4
34.128429 	3079805.8
34.480269 	3071942.2
34.832108 	3064078.8
35.183948 	3056215.4
35.535787 	3048352.1
35.887627 	3040488.8
36.239466 	3032625.7
36.591306 	3024762.6
37.294985 	3009036.6
37.646824 	3001173.7
37.998664 	2993310.8
38.702343 	2977585.3
39.406022 	2961860
39.757861 	2953997.4
41.165219 	2922547.4
41.517059 	2914684.9
41.868898 	2906822.5
42.220737 	2898960.2
42.924416 	2883235.5
43.276256 	2875373.2
43.628095 	2867510.9
43.979935 	2859648.7
44.683614 	2843924.3
45.035453 	2836062.2
45.387293 	2828200.1
46.090972 	2812476.1
46.442811 	2804614.3
47.14649 	2788890.7
47.49833 	2781029.1
48.202009 	2765306
48.553848 	2757444.5
49.257527 	2741721.8
49.609367 	2733860.4
49.961206 	2725999
50.313045 	2718137.6
50.664885 	2710276.1
51.016724 	2702414.5
51.720403 	2686690.8
52.072243 	2678828.6
52.424082 	2670962.8
52.775922 	2663065.2
53.127761 	2655170.9
54.18328 	2648723.3
54.535119 	2648691.8
54.886959 	2648660.2
55.238798 	2648631.2
55.590638 	2648603.8
55.942477 	2648574.9
56.997996 	2648485.2
57.349835 	2648455.6
57.701675 	2648426.6
58.053514 	2648396.1
58.405354 	2648364.5
58.757193 	2648333
59.109032 	2648301.7
59.460872 	2648270.6
60.164551 	2648206.7
60.51639 	2648173.1
60.86823 	2648137.6
61.220069 	2648087.6
61.571909 	2648030.1
61.923748 	2647614.1
62.275588 	2642734.3
62.627427 	2635075.2
62.979267 	2627189.1
63.331106 	2619291.8
63.682946 	2611394
64.034785 	2603496.3
64.386625 	2595598.8
64.738464 	2587701.3
65.442143 	2571906.5
65.793983 	2564009.2
66.497662 	2548214.4
67.55318 	2524522.3
68.256859 	2508727.5
68.608698 	2500830.1
69.312377 	2485035.4
70.016056 	2469240.7
70.367896 	2461343.5
70.719735 	2453446.2
71.071575 	2445549
71.423414 	2437651.8
72.830772 	2406063.3
73.182612 	2398166.2
73.534451 	2390269.2
73.886291 	2382372.1
74.941809 	2358681
75.293648 	2350784
75.645488 	2342887
75.997327 	2334989.9
77.052846 	2311298.8
77.404685 	2303401.7
77.756525 	2295504.6
78.460204 	2279710.3
78.812043 	2271813.1
79.163883 	2263915.9
80.219401 	2240224.1
81.27492 	2216532
81.626759 	2208634.6
81.978599 	2200737.1
82.330438 	2192839.6
82.682278 	2184942.1
83.034117 	2177044.5
83.385957 	2169147
83.737796 	2161249.3
84.089635 	2153351.7
84.441475 	2145454
85.496993 	2121760.8
86.552512 	2098067.4
86.904351 	2090169.6
89.015388 	2042782.1
89.367228 	2034884.1
90.070907 	2019088
90.422746 	2011190
90.774586 	2003291.9
91.126425 	1995393.8
91.478265 	1987495.7
91.830104 	1979597.6
92.533783 	1963801.3
93.237462 	1948004.9
93.589301 	1940106.7
93.941141 	1932208.5
94.29298 	1924310.2
96.052178 	1884818.8
96.404017 	1876920.4
96.755857 	1869022
97.459536 	1853225.2
97.811375 	1845326.8
98.163215 	1837428.4
98.515054 	1829530
99.922412 	1797936
100.27425 	1790037.5
100.62609 	1782139
101.32977 	1766341.9
102.03345 	1750544.8
102.38529 	1742646.2
103.79265 	1711051.8
104.14449 	1703153.2
104.49633 	1695254.6
105.2 	1679457.3
105.90368 	1663660.1
106.25552 	1655761.5
106.60736 	1647862.9
108.01472 	1616268.4
108.36656 	1608369.8
108.7184 	1600471.1
109.07024 	1592572.5
109.77392 	1576775.3
110.12576 	1568876.8
110.82944 	1553079.6
111.18128 	1545181
111.53311 	1537282.5
111.88495 	1529383.9
112.58863 	1513586.8
112.94047 	1505688.3
113.29231 	1497789.8
113.64415 	1489891.3
113.99599 	1481992.8
114.34783 	1474094.3
114.69967 	1466195.8
115.05151 	1458297.3
115.40335 	1450398.9
115.75519 	1442500.5
116.45887 	1426703.6
116.81071 	1418805.2
117.16255 	1410906.8
117.51439 	1403008.4
118.21806 	1387211.7
118.5699 	1379313.3
118.92174 	1371415
119.27358 	1363516.7
119.62542 	1355618.4
119.97726 	1347720.1
120.3291 	1339821.8
120.68094 	1331923.6
121.03278 	1324025.3
121.38462 	1316127.1
121.73646 	1308228.9
122.0883 	1300330.6
122.79198 	1284534.3
123.14382 	1276636.1
123.49566 	1268738
123.8475 	1260839.8
124.19934 	1252941.7
124.55118 	1245043.6
124.90302 	1237145.5
125.25485 	1229247.5
125.60669 	1221349.4
126.66221 	1197655.3
127.01405 	1189757.3
127.36589 	1181859.4
127.71773 	1173961.4
128.06957 	1166063.5
128.42141 	1158165.6
128.77325 	1150267.7
129.12509 	1142369.8
129.47693 	1134471.9
130.18061 	1118676.2
130.53245 	1110778.4
130.88429 	1102880.6
131.23613 	1094982.8
132.29164 	1071289.6
132.64348 	1063391.9
132.99532 	1055494.2
133.699 	1039698.9
134.05084 	1031801.3
134.40268 	1023903.7
134.75452 	1016006.1
135.4582 	1000211
135.81004 	992313.52
136.16188 	984416.02
136.51372 	976518.54
136.86556 	968621.08
137.56924 	952826.23
137.92108 	944928.84
138.27292 	937031.46
138.97659 	921236.78
139.68027 	905442.18
140.03211 	897544.91
140.38395 	889647.66
140.73579 	881750.43
141.08763 	873853.22
141.43947 	865956.04
141.79131 	858058.87
142.14315 	850161.73
142.49499 	842264.6
142.84683 	834367.5
144.25419 	802779.28
145.3097 	779088.33
145.66154 	771191.38
146.01338 	763294.45
146.36522 	755397.54
146.71706 	747500.65
147.0689 	739603.77
147.42074 	731706.92
148.12442 	715913.26
148.8281 	700119.67
149.17994 	692222.9
149.88362 	676429.41
150.23546 	668532.69
150.5873 	660635.98
151.29098 	644842.62
151.99465 	629049.31
152.69833 	613256.06
153.05017 	605359.45
153.40201 	597462.86
153.75385 	589566.28
154.45753 	573773.16
154.80937 	565876.62
155.16121 	557980.09
155.51305 	550083.57
155.86489 	542187.06
156.21673 	534290.57
156.56857 	526394.08
157.62409 	502704.69
157.97593 	494808.25
158.32777 	486911.82
158.67961 	479015.39
159.03144 	471118.98
159.38328 	463222.57
159.73512 	455326.18
160.08696 	447429.79
160.4388 	439533.41
160.79064 	431637.04
161.14248 	423740.68
161.49432 	415844.32
161.84616 	407947.98
162.90168 	384258.99
163.25352 	376362.67
163.9572 	360570.07
164.30904 	352673.77
164.66088 	344777.49
165.01272 	336881.21
165.71639 	321088.68
166.06823 	313192.42
167.12375 	289503.69
167.47559 	281607.46
167.82743 	273711.24
168.17927 	265815.02
168.53111 	257918.82
169.23479 	242126.42
169.58663 	234230.23
169.93847 	226334.05
170.64215 	210541.71
170.99399 	202645.55
171.34583 	194749.4
171.69767 	186853.25
172.04951 	178957.11
172.40134 	171060.98
172.75318 	163164.86
173.10502 	155268.74
174.16054 	131580.44
174.51238 	123684.35
174.86422 	115788.26
