0 	9768489
6.4128257 	9631800.9
34.468938 	9134522
37.675351 	9055227.7
40.881764 	8975933.8
50.501002 	8738062.3
53.707415 	8658779.5
62.52505 	8440775.4
65.731463 	8361505.9
68.937876 	8282235.8
69.739479 	8262417.9
96.993988 	7588565.9
103.40681 	7430026.7
106.61323 	7350757.7
116.23246 	7112943.1
123.44689 	6934574.7
125.05 	6894939.8
125.8517 	6875118.7
128.25651 	6815663.3
131.46293 	6736391.1
151.50301 	6240994.1
153.90782 	6181549.4
156.31263 	6122104.5
159.51904 	6042844.3
166.73347 	5864509.3
169.13828 	5805065.2
175.5511 	5646552.1
176.35271 	5626738.4
187.57515 	5349353.9
190.78156 	5270102
200.4008 	5032343.9
201.2024 	5012530.6
202.00401 	4992717.2
202.80561 	4972903.7
203.60721 	4953090.3
204.40882 	4933276.8
205.21042 	4913463.3
206.01202 	4893649.8
206.81363 	4873836.2
207.61523 	4854022.7
208.41683 	4834209.1
209.21844 	4814395.5
210.02004 	4794582
210.82164 	4774768.4
211.62325 	4754954.8
212.42485 	4735141.2
213.22645 	4715327.6
214.02806 	4695514
214.82966 	4675700.5
215.63126 	4655886.9
216.43287 	4636073.4
217.23447 	4616259.9
218.03607 	4596446.4
219.63928 	4556819.5
220.44088 	4537006.1
221.24248 	4517192.7
222.04409 	4497379.4
222.84569 	4477566.1
223.64729 	4457752.9
224.4489 	4437939.7
225.2505 	4418126.6
226.0521 	4398313.5
227.65531 	4358687.5
228.45691 	4338874.6
229.25852 	4319061.7
230.86172 	4279436.3
231.66333 	4259623.6
232.46493 	4239811.1
234.06814 	4200186.2
234.86974 	4180373.9
235.67134 	4160561.7
236.47295 	4140749.5
237.27455 	4120937.4
238.07615 	4101125.4
238.87776 	4081313.5
239.67936 	4061501.7
240.48096 	4041690
241.28257 	4021878.3
242.08417 	4002066.8
242.88577 	3982255.3
243.68737 	3962443.9
244.48898 	3942632.5
245.29058 	3922821.3
246.09218 	3903010.1
246.89379 	3883199
247.69539 	3863388
248.49699 	3843577.1
249.2986 	3823766.2
250.1002 	3803955.4
250.9018 	3784144.6
251.70341 	3764334
252.50501 	3744523.4
253.30661 	3724712.8
254.10822 	3704902.3
254.90982 	3685091.9
255.71142 	3665281.5
256.51303 	3645471.2
257.31463 	3625661
258.11623 	3605850.7
258.91784 	3586040.6
259.71944 	3566230.5
260.52104 	3546420.4
261.32265 	3526610.4
262.12425 	3506800.4
262.92585 	3486990.5
263.72745 	3467180.6
264.52906 	3447370.8
265.33066 	3427561
266.13226 	3407751.2
266.93387 	3387941.5
267.73547 	3368131.9
268.53707 	3348322.2
269.33868 	3328512.7
270.14028 	3308703.1
270.94188 	3288893.7
271.74349 	3269084.2
272.54509 	3249274.8
273.34669 	3229465.5
274.1483 	3209656.2
274.9499 	3189846.9
274.95 	3189844.4
275.7515 	3170037.7
276.55311 	3150228.5
277.35471 	3130419.4
278.95792 	3090801.3
279.75952 	3070992.3
280.56112 	3051183.4
281.36273 	3031374.5
282.16433 	3011565.7
282.96593 	2991756.9
283.76754 	2971948.1
284.56914 	2952139.4
285.37074 	2932330.7
286.17234 	2912522.1
286.97395 	2892713.5
288.57715 	2853096.4
289.37876 	2833287.9
290.18036 	2813479.5
290.98196 	2793671
291.78357 	2773862.6
292.58517 	2754054.3
293.38677 	2734245.9
294.18838 	2714437.6
294.98998 	2694629.3
295.79158 	2674821.1
296.59319 	2655012.8
297.39479 	2635204.6
298.19639 	2615396.4
298.998 	2595588.2
299.7996 	2575780
300.6012 	2555971.8
301.40281 	2536163.7
302.20441 	2516355.6
303.00601 	2496547.4
303.80762 	2476739.3
304.60922 	2456931.2
306.21242 	2417315.1
307.01403 	2397507
307.81563 	2377698.9
308.61723 	2357890.9
309.41884 	2338082.9
310.22044 	2318274.8
311.02204 	2298466.8
311.82365 	2278658.8
312.62525 	2258850.9
313.42685 	2239042.9
314.22846 	2219234.9
315.03006 	2199427
315.83166 	2179619.1
316.63327 	2159811.2
317.43487 	2140003.3
318.23647 	2120195.4
319.03808 	2100387.6
319.83968 	2080579.8
320.64128 	2060772
321.44289 	2040964.2
322.24449 	2021156.5
323.04609 	2001348.8
323.8477 	1981541.1
324.6493 	1961733.4
325.4509 	1941925.8
326.25251 	1922118.2
327.05411 	1902310.6
327.85571 	1882503.1
328.65731 	1862695.5
329.45892 	1842888.1
330.26052 	1823080.6
331.06212 	1803273.2
331.86373 	1783465.8
332.66533 	1763658.5
333.46693 	1743851.2
334.26854 	1724044
335.07014 	1704236.7
335.87174 	1684429.5
336.67335 	1664622.4
337.47495 	1644815.3
338.27655 	1625008.2
339.07816 	1605201.2
339.87976 	1585394.2
340.68136 	1565587.3
341.48297 	1545780.3
342.28457 	1525973.5
343.08617 	1506166.7
343.88778 	1486359.9
344.68938 	1466553.1
345.49098 	1446746.5
346.29259 	1426939.8
347.09419 	1407133.2
347.89579 	1387326.6
348.69739 	1367520.1
349.499 	1347713.7
350.3006 	1327907.2
351.1022 	1308100.8
351.90381 	1288294.5
352.70541 	1268488.2
353.50701 	1248682
354.30862 	1228875.8
355.11022 	1209069.7
355.91182 	1189263.6
356.71343 	1169457.5
357.51503 	1149651.5
358.31663 	1129845.6
359.11824 	1110039.6
359.91984 	1090233.8
360.72144 	1070428
361.52305 	1050622.2
362.32465 	1030816.5
363.12625 	1011010.8
363.92786 	991205.23
364.72946 	971399.66
365.53106 	951594.14
366.33267 	931788.67
367.13427 	911983.25
367.93587 	892177.87
368.73747 	872372.55
369.53908 	852567.27
370.34068 	832762.04
371.14228 	812956.85
371.94389 	793151.72
372.74549 	773346.63
373.54709 	753541.58
374.3487 	733736.59
375.1503 	713931.64
375.9519 	694126.73
376.75351 	674321.87
377.55511 	654517.06
379.15832 	614907.57
379.95992 	595102.89
381.56313 	555493.67
382.36473 	535689.13
383.16633 	515884.63
383.96794 	496080.18
384.76954 	476275.76
385.57114 	456471.4
386.37275 	436667.07
387.17435 	416862.79
387.97595 	397058.55
388.77756 	377254.35
389.57916 	357450.2
390.38076 	337646.09
391.18236 	317842.02
391.98397 	298038
392.78557 	278234.01
393.58717 	258430.07
394.38878 	238626.17
395.19038 	218822.31
395.99198 	199018.49
396.79359 	179214.71
397.59519 	159410.97
399.1984 	119803.62
400 	100482.34
