0 	9739619.8
6.4128257 	9607918.9
34.468938 	9150352.6
37.675351 	9070952.3
40.881764 	8991556.7
50.501002 	8753379.2
53.707415 	8673987.1
62.52505 	8455645
65.731463 	8376235.6
68.937876 	8296818.1
69.739479 	8276962.7
96.993988 	7601927.5
103.40681 	7443114.4
106.61323 	7363708.4
116.23246 	7125489.9
123.44689 	6946825.4
125.05 	6907124.8
125.8517 	6887270.8
128.25651 	6827716.5
131.46293 	6748311.1
151.50301 	6252040.6
153.90782 	6192490.2
156.31263 	6132940
159.51904 	6053540.1
166.73347 	5874890.2
169.13828 	5815340.3
175.5511 	5656540.8
176.35271 	5636690.9
187.57515 	5358791.9
190.78156 	5279391.4
200.4008 	5041186.4
201.2024 	5021335.8
202.00401 	5001485.1
202.80561 	4981634.4
203.60721 	4961783.6
204.40882 	4941932.9
205.21042 	4922082
206.01202 	4902231.2
206.81363 	4882380.3
207.61523 	4862529.5
208.41683 	4842678.6
209.21844 	4822827.6
210.02004 	4802976.7
210.82164 	4783125.7
211.62325 	4763274.7
212.42485 	4743423.8
213.22645 	4723572.8
214.02806 	4703721.8
214.82966 	4683870.8
215.63126 	4664019.8
216.43287 	4644168.8
217.23447 	4624317.8
218.03607 	4604466.9
219.63928 	4564765.1
220.44088 	4544914.2
221.24248 	4525063.4
222.04409 	4505212.6
222.84569 	4485361.9
223.64729 	4465511.2
224.4489 	4445660.6
225.2505 	4425810
226.0521 	4405959.5
227.65531 	4366258.7
228.45691 	4346408.4
229.25852 	4326558.2
230.86172 	4286858.1
231.66333 	4267008.2
232.46493 	4247158.3
234.06814 	4207458.9
234.86974 	4187609.4
235.67134 	4167759.9
236.47295 	4147910.6
237.27455 	4128061.4
238.07615 	4108212.2
238.87776 	4088363.2
239.67936 	4068514.3
240.48096 	4048665.5
241.28257 	4028816.8
242.08417 	4008968.2
242.88577 	3989119.7
243.68737 	3969271.3
244.48898 	3949423
245.29058 	3929574.8
246.09218 	3909726.7
246.89379 	3889878.8
247.69539 	3870030.9
248.49699 	3850183.1
249.2986 	3830335.4
250.1002 	3810487.9
250.9018 	3790640.4
251.70341 	3770793
252.50501 	3750945.8
253.30661 	3731098.6
254.10822 	3711251.5
254.90982 	3691404.5
255.71142 	3671557.7
256.51303 	3651710.9
257.31463 	3631864.2
258.11623 	3612017.6
258.91784 	3592171.1
259.71944 	3572324.7
260.52104 	3552478.4
261.32265 	3532632.2
262.12425 	3512786
262.92585 	3492940
263.72745 	3473094.1
264.52906 	3453248.2
265.33066 	3433402.5
266.13226 	3413556.8
266.93387 	3393711.3
267.73547 	3373865.8
268.53707 	3354020.4
269.33868 	3334175.1
270.14028 	3314330
270.94188 	3294484.8
271.74349 	3274639.8
272.54509 	3254794.9
273.34669 	3234950.1
274.1483 	3215105.3
274.9499 	3195260.7
274.95 	3195258.2
275.7515 	3175416.1
276.55311 	3155571.6
277.35471 	3135727.2
278.95792 	3096038.6
279.75952 	3076194.5
280.56112 	3056350.4
281.36273 	3036506.4
282.16433 	3016662.5
282.96593 	2996818.6
283.76754 	2976974.9
284.56914 	2957131.2
285.37074 	2937287.6
286.17234 	2917444
286.97395 	2897600.5
288.57715 	2857913.8
289.37876 	2838070.6
290.18036 	2818227.4
290.98196 	2798384.2
291.78357 	2778541.2
292.58517 	2758698.2
293.38677 	2738855.2
294.18838 	2719012.3
294.98998 	2699169.5
295.79158 	2679326.8
296.59319 	2659484
297.39479 	2639641.4
298.19639 	2619798.8
298.998 	2599956.3
299.7996 	2580113.8
300.6012 	2560271.3
301.40281 	2540428.9
302.20441 	2520586.6
303.00601 	2500744.3
303.80762 	2480902
304.60922 	2461059.8
306.21242 	2421375.5
307.01403 	2401533.4
307.81563 	2381691.3
308.61723 	2361849.3
309.41884 	2342007.3
310.22044 	2322165.4
311.02204 	2302323.4
311.82365 	2282481.6
312.62525 	2262639.7
313.42685 	2242797.9
314.22846 	2222956.1
315.03006 	2203114.3
315.83166 	2183272.6
316.63327 	2163430.9
317.43487 	2143589.2
318.23647 	2123747.6
319.03808 	2103906
319.83968 	2084064.4
320.64128 	2064222.8
321.44289 	2044381.2
322.24449 	2024539.7
323.04609 	2004698.2
323.8477 	1984856.7
324.6493 	1965015.3
325.4509 	1945173.8
326.25251 	1925332.4
327.05411 	1905491
327.85571 	1885649.6
328.65731 	1865808.2
329.45892 	1845966.9
330.26052 	1826125.5
331.06212 	1806284.2
331.86373 	1786442.9
332.66533 	1766601.6
333.46693 	1746760.3
334.26854 	1726919
335.07014 	1707077.7
335.87174 	1687236.4
336.67335 	1667395.2
337.47495 	1647553.9
338.27655 	1627712.6
339.07816 	1607871.4
339.87976 	1588030.2
340.68136 	1568188.9
341.48297 	1548347.7
342.28457 	1528506.5
343.08617 	1508665.2
343.88778 	1488824
344.68938 	1468982.8
345.49098 	1449141.6
346.29259 	1429300.4
347.09419 	1409459.2
347.89579 	1389618
348.69739 	1369776.8
349.499 	1349935.6
350.3006 	1330094.4
351.1022 	1310253.2
351.90381 	1290412
352.70541 	1270570.8
353.50701 	1250729.7
354.30862 	1230888.5
355.11022 	1211047.3
355.91182 	1191206.2
356.71343 	1171365.1
357.51503 	1151524
358.31663 	1131682.9
359.11824 	1111841.8
359.91984 	1092000.7
360.72144 	1072159.6
361.52305 	1052318.6
362.32465 	1032477.6
363.12625 	1012636.6
363.92786 	992795.66
364.72946 	972954.73
365.53106 	953113.83
366.33267 	933272.95
367.13427 	913432.11
367.93587 	893591.31
368.73747 	873750.53
369.53908 	853909.8
370.34068 	834069.11
371.14228 	814228.45
371.94389 	794387.84
372.74549 	774547.27
373.54709 	754706.75
374.3487 	734866.28
375.1503 	715025.86
375.9519 	695185.48
376.75351 	675345.16
377.55511 	655504.89
379.15832 	615824.51
379.95992 	595984.41
381.56313 	556304.36
382.36473 	536464.43
383.16633 	516624.55
383.96794 	496784.73
384.76954 	476944.97
385.57114 	457105.27
386.37275 	437265.63
387.17435 	417426.04
387.97595 	397586.51
388.77756 	377747.05
389.57916 	357907.63
390.38076 	338068.28
391.18236 	318228.97
391.98397 	298389.73
392.78557 	278550.53
393.58717 	258711.39
394.38878 	238872.3
395.19038 	219033.26
395.99198 	199194.27
396.79359 	179355.33
397.59519 	159516.43
399.1984 	119838.77
400 	100483.2
