0 	8781006.9
6.4128257 	8651010.6
34.468938 	8156080.1
37.675351 	8077862.6
40.881764 	8039743.9
50.501002 	7848920.3
53.707415 	7766588.7
62.52505 	7570419.8
65.731463 	7497267.2
68.937876 	7449915.2
69.739479 	7433451.4
96.993988 	6831458.6
103.40681 	6695745.8
106.61323 	6615304.1
116.23246 	6570487.3
123.44689 	6566976.3
125.05 	6566584.1
125.8517 	6566785.6
128.25651 	6566870.9
131.46293 	6565650.3
151.50301 	6561006.6
153.90782 	6557368.3
156.31263 	6529017.6
159.51904 	6445567.3
166.73347 	6256659.2
169.13828 	6193636.6
175.5511 	6025415.3
176.35271 	6004387.3
187.57515 	5710491.2
190.78156 	5626369.3
200.4008 	5371662
201.2024 	5350328.9
202.00401 	5328994.2
202.80561 	5307660.8
203.60721 	5286331
204.40882 	5265006.7
205.21042 	5243688.8
206.01202 	5222377.8
206.81363 	5201073.5
207.61523 	5179775.2
208.41683 	5158481.8
209.21844 	5137192
210.02004 	5115904.5
210.82164 	5094617.9
211.62325 	5073331
212.42485 	5052042.7
213.22645 	5030752.2
214.02806 	5009459.1
214.82966 	4988163.3
215.63126 	4966864.8
216.43287 	4945564
217.23447 	4924261.6
218.03607 	4902958.3
219.63928 	4860353.3
220.44088 	4839053.7
221.24248 	4817757.7
222.04409 	4796466.4
222.84569 	4775181.1
223.64729 	4753903
224.4489 	4732633.3
225.2505 	4711373.1
226.0521 	4690123.4
227.65531 	4647659.3
228.45691 	4626446.4
229.25852 	4605247
230.86172 	4562889.3
231.66333 	4541731.1
232.46493 	4520586.2
234.06814 	4478333.9
234.86974 	4457225
235.67134 	4436126.4
236.47295 	4415037
237.27455 	4393955.7
238.07615 	4372881.4
238.87776 	4351813.1
239.67936 	4330749.7
240.48096 	4309690.2
241.28257 	4288633.6
242.08417 	4267579
242.88577 	4246525.7
243.68737 	4225472.9
244.48898 	4204419.9
245.29058 	4183366.5
246.09218 	4162312
246.89379 	4141256.4
247.69539 	4120199.5
248.49699 	4099141.2
249.2986 	4078081.5
250.1002 	4057020.6
250.9018 	4035958.7
251.70341 	4014895.8
252.50501 	3993832.3
253.30661 	3972768.3
254.10822 	3951703.9
254.90982 	3930639.3
255.71142 	3909574.6
256.51303 	3888509.7
257.31463 	3867444.8
258.11623 	3846379.7
258.91784 	3825314.4
259.71944 	3804248.7
260.52104 	3783182.5
261.32265 	3762115.6
262.12425 	3741047.9
262.92585 	3719979
263.72745 	3698909
264.52906 	3677837.6
265.33066 	3656764.5
266.13226 	3635689.8
266.93387 	3614613.3
267.73547 	3593534.7
268.53707 	3572454.1
269.33868 	3551371.2
270.14028 	3530286
270.94188 	3509198.3
271.74349 	3488108.1
272.54509 	3467015.1
273.34669 	3445919.3
274.1483 	3424820.6
274.9499 	3403718.8
274.95 	3403716.2
275.7515 	3382613.9
276.55311 	3361505.6
277.35471 	3340394
278.95792 	3298160.1
279.75952 	3277037.7
280.56112 	3255911.6
281.36273 	3234781.8
282.16433 	3213648.2
282.96593 	3192510.8
283.76754 	3171369.7
284.56914 	3150224.8
285.37074 	3129076.3
286.17234 	3107924.3
286.97395 	3086768.8
288.57715 	3044448.2
289.37876 	3023283.3
290.18036 	3002115.7
290.98196 	2980945.4
291.78357 	2959772.8
292.58517 	2938598
293.38677 	2917421.2
294.18838 	2896242.5
294.98998 	2875062.2
295.79158 	2853880.4
296.59319 	2832697.2
297.39479 	2811512.8
298.19639 	2790327.2
298.998 	2769140.7
299.7996 	2747953.2
300.6012 	2726764.8
301.40281 	2705575.7
302.20441 	2684385.8
303.00601 	2663195.3
303.80762 	2642004.2
304.60922 	2620812.5
306.21242 	2578427.5
307.01403 	2557234.4
307.81563 	2536041
308.61723 	2514847.2
309.41884 	2493653.2
310.22044 	2472459
311.02204 	2451264.7
311.82365 	2430070.4
312.62525 	2408876.1
313.42685 	2387681.9
314.22846 	2366487.9
315.03006 	2345294.1
315.83166 	2324100.8
316.63327 	2302907.8
317.43487 	2281715.3
318.23647 	2260523.4
319.03808 	2239332.1
319.83968 	2218141.5
320.64128 	2196951.6
321.44289 	2175762.5
322.24449 	2154574.3
323.04609 	2133386.8
323.8477 	2112200.3
324.6493 	2091014.6
325.4509 	2069829.8
326.25251 	2048645.9
327.05411 	2027462.8
327.85571 	2006280.6
328.65731 	1985099.2
329.45892 	1963918.7
330.26052 	1942738.9
331.06212 	1921560
331.86373 	1900381.9
332.66533 	1879204.6
333.46693 	1858028.2
334.26854 	1836852.5
335.07014 	1815677.7
335.87174 	1794503.8
336.67335 	1773330.8
337.47495 	1752158.7
338.27655 	1730987.6
339.07816 	1709817.5
339.87976 	1688648.5
340.68136 	1667480.5
341.48297 	1646313.6
342.28457 	1625147.9
343.08617 	1603983.4
343.88778 	1582820
344.68938 	1561657.9
345.49098 	1540497
346.29259 	1519337.3
347.09419 	1498178.8
347.89579 	1477021.5
348.69739 	1455865.4
349.499 	1434710.5
350.3006 	1413556.6
351.1022 	1392403.7
351.90381 	1371251.8
352.70541 	1350100.8
353.50701 	1328950.5
354.30862 	1307800.9
355.11022 	1286651.9
355.91182 	1265503.3
356.71343 	1244355
357.51503 	1223206.9
358.31663 	1202058.9
359.11824 	1180910.7
359.91984 	1159762.2
360.72144 	1138613.3
361.52305 	1117463.8
362.32465 	1096313.5
363.12625 	1075162.3
363.92786 	1054009.9
364.72946 	1032856.3
365.53106 	1011701.3
366.33267 	990544.62
367.13427 	969386.21
367.93587 	948225.88
368.73747 	927063.5
369.53908 	905898.94
370.34068 	884732.06
371.14228 	863562.77
371.94389 	842390.96
372.74549 	821216.54
373.54709 	800039.44
374.3487 	778859.61
375.1503 	757677
375.9519 	736491.58
376.75351 	715303.34
377.55511 	694112.28
379.15832 	651721.82
379.95992 	630522.5
381.56313 	588116.03
382.36473 	566909.05
383.16633 	545699.73
383.96794 	524488.17
384.76954 	503274.51
385.57114 	482058.89
386.37275 	460841.46
387.17435 	439622.37
387.97595 	418401.77
388.77756 	397179.8
389.57916 	375956.63
390.38076 	354732.4
391.18236 	333507.24
391.98397 	312281.28
392.78557 	291054.66
393.58717 	269827.48
394.38878 	248599.84
395.19038 	227371.83
395.99198 	206143.54
396.79359 	184915.03
397.59519 	163686.38
399.1984 	121228.82
400 	100517.06
