0 	9381256.6
6.4128257 	9246975.2
34.468938 	8655779.6
37.675351 	8578370.8
40.881764 	8509778.7
50.501002 	8286601.9
53.707415 	8245495.5
62.52505 	8240319.6
65.731463 	8239467.3
68.937876 	8238420.7
69.739479 	8238085.9
96.993988 	7740709.6
103.40681 	7579005.5
106.61323 	7498123.3
116.23246 	7255237.5
123.44689 	7072906.2
125.05 	7032393.7
125.8517 	7012135.6
128.25651 	6951379.5
131.46293 	6870400.4
151.50301 	6365038.1
153.90782 	6304436.9
156.31263 	6243837.6
159.51904 	6163042
166.73347 	5981269
169.13828 	5920683.7
175.5511 	5759132.3
176.35271 	5738938.5
187.57515 	5456149.3
190.78156 	5375302.3
200.4008 	5132586.8
201.2024 	5112350.6
202.00401 	5092113.2
202.80561 	5071874.8
203.60721 	5051635.6
204.40882 	5031395.6
205.21042 	5011155
206.01202 	4990913.9
206.81363 	4970672.5
207.61523 	4950430.7
208.41683 	4930188.8
209.21844 	4909946.8
210.02004 	4889704.9
210.82164 	4869463.1
211.62325 	4849221.6
212.42485 	4828980.4
213.22645 	4808739.5
214.02806 	4788499.1
214.82966 	4768259.3
215.63126 	4748020
216.43287 	4727781.4
217.23447 	4707543.4
218.03607 	4687306.2
219.63928 	4646834.1
220.44088 	4626599.2
221.24248 	4606365.2
222.04409 	4586132.1
222.84569 	4565899.8
223.64729 	4545668.5
224.4489 	4525438
225.2505 	4505208.4
226.0521 	4484979.7
227.65531 	4444525
228.45691 	4424299
229.25852 	4404073.9
230.86172 	4363626.2
231.66333 	4343403.5
232.46493 	4323181.7
234.06814 	4282740.2
234.86974 	4262520.6
235.67134 	4242301.5
236.47295 	4222083.1
237.27455 	4201865.3
238.07615 	4181648
238.87776 	4161431.2
239.67936 	4141214.8
240.48096 	4120998.9
241.28257 	4100783.3
242.08417 	4080568
242.88577 	4060353.1
243.68737 	4040138.4
244.48898 	4019923.9
245.29058 	3999709.6
246.09218 	3979495.5
246.89379 	3959281.5
247.69539 	3939067.7
248.49699 	3918853.9
249.2986 	3898640.2
250.1002 	3878426.5
250.9018 	3858212.9
251.70341 	3837999.3
252.50501 	3817785.7
253.30661 	3797572
254.10822 	3777358.3
254.90982 	3757144.6
255.71142 	3736930.8
256.51303 	3716716.9
257.31463 	3696503
258.11623 	3676288.9
258.91784 	3656074.8
259.71944 	3635860.6
260.52104 	3615646.2
261.32265 	3595431.7
262.12425 	3575217.1
262.92585 	3555002.4
263.72745 	3534787.5
264.52906 	3514572.6
265.33066 	3494357.5
266.13226 	3474142.4
266.93387 	3453927.1
267.73547 	3433711.8
268.53707 	3413496.4
269.33868 	3393281
270.14028 	3373065.5
270.94188 	3352850.1
271.74349 	3332634.7
272.54509 	3312419.3
273.34669 	3292204
274.1483 	3271988.8
274.9499 	3251773.8
274.95 	3251771.3
275.7515 	3231558.9
276.55311 	3211344.2
277.35471 	3191129.7
278.95792 	3150701.6
279.75952 	3130488
280.56112 	3110274.7
281.36273 	3090061.7
282.16433 	3069849.2
282.96593 	3049637
283.76754 	3029425.3
284.56914 	3009214
285.37074 	2989003.1
286.17234 	2968792.7
286.97395 	2948582.8
288.57715 	2908164.3
289.37876 	2887955.7
290.18036 	2867747.6
290.98196 	2847539.9
291.78357 	2827332.7
292.58517 	2807125.9
293.38677 	2786919.6
294.18838 	2766713.6
294.98998 	2746508
295.79158 	2726302.8
296.59319 	2706098
297.39479 	2685893.6
298.19639 	2665689.4
298.998 	2645485.6
299.7996 	2625282.2
300.6012 	2605079
301.40281 	2584876.1
302.20441 	2564673.6
303.00601 	2544471.3
303.80762 	2524269.3
304.60922 	2504067.6
306.21242 	2463665
307.01403 	2443464.2
307.81563 	2423263.6
308.61723 	2403063.3
309.41884 	2382863.3
310.22044 	2362663.7
311.02204 	2342464.3
311.82365 	2322265.2
312.62525 	2302066.5
313.42685 	2281868.1
314.22846 	2261669.9
315.03006 	2241472.1
315.83166 	2221274.6
316.63327 	2201077.4
317.43487 	2180880.5
318.23647 	2160683.9
319.03808 	2140487.6
319.83968 	2120291.5
320.64128 	2100095.7
321.44289 	2079900.1
322.24449 	2059704.7
323.04609 	2039509.5
323.8477 	2019314.4
324.6493 	1999119.5
325.4509 	1978924.7
326.25251 	1958730
327.05411 	1938535.3
327.85571 	1918340.6
328.65731 	1898145.9
329.45892 	1877951.1
330.26052 	1857756.2
331.06212 	1837561.2
331.86373 	1817366
332.66533 	1797170.6
333.46693 	1776974.9
334.26854 	1756779
335.07014 	1736582.7
335.87174 	1716386.1
336.67335 	1696189
337.47495 	1675991.6
338.27655 	1655793.7
339.07816 	1635595.3
339.87976 	1615396.5
340.68136 	1595197.1
341.48297 	1574997.1
342.28457 	1554796.6
343.08617 	1534595.5
343.88778 	1514393.9
344.68938 	1494191.6
345.49098 	1473988.8
346.29259 	1453785.3
347.09419 	1433581.3
347.89579 	1413376.7
348.69739 	1393171.5
349.499 	1372965.7
350.3006 	1352759.4
351.1022 	1332552.6
351.90381 	1312345.2
352.70541 	1292137.3
353.50701 	1271929
354.30862 	1251720.3
355.11022 	1231511.1
355.91182 	1211301.6
356.71343 	1191091.7
357.51503 	1170881.5
358.31663 	1150671
359.11824 	1130460.4
359.91984 	1110249.5
360.72144 	1090038.4
361.52305 	1069827.2
362.32465 	1049616
363.12625 	1029404.7
363.92786 	1009193.4
364.72946 	988982.11
365.53106 	968770.9
366.33267 	948559.79
367.13427 	928348.81
367.93587 	908138
368.73747 	887927.38
369.53908 	867717
370.34068 	847506.87
371.14228 	827297.03
371.94389 	807087.49
372.74549 	786878.29
373.54709 	766669.44
374.3487 	746460.96
375.1503 	726252.86
375.9519 	706045.18
376.75351 	685837.91
377.55511 	665631.07
379.15832 	625218.71
379.95992 	605013.2
381.56313 	564603.54
382.36473 	544399.39
383.16633 	524195.69
383.96794 	503992.44
384.76954 	483789.63
385.57114 	463587.24
386.37275 	443385.28
387.17435 	423183.73
387.97595 	402982.57
388.77756 	382781.8
389.57916 	362581.39
390.38076 	342381.33
391.18236 	322181.6
391.98397 	301982.18
392.78557 	281783.05
393.58717 	261584.19
394.38878 	241385.57
395.19038 	221187.17
395.99198 	200988.97
396.79359 	180790.94
397.59519 	160593.05
399.1984 	120197.61
400 	100491.94
