0 	9380646.2
6.4128257 	9246809.7
34.468938 	8667255.3
37.675351 	8595219.4
40.881764 	8527249.1
50.501002 	8295401.4
53.707415 	8248185.6
62.52505 	8241400.5
65.731463 	8240026.5
68.937876 	8238879.5
69.739479 	8238606.8
96.993988 	7739627.8
103.40681 	7577740.7
106.61323 	7496843.1
116.23246 	7254359.7
123.44689 	7072530.4
125.05 	7032117.9
125.8517 	7011906.9
128.25651 	6951279.1
131.46293 	6870442.3
151.50301 	6365577.3
153.90782 	6305019.9
156.31263 	6244456.8
159.51904 	6163689.9
166.73347 	5981854.8
169.13828 	5921201.7
175.5511 	5759363.9
176.35271 	5739126
187.57515 	5455709.4
190.78156 	5374729.9
200.4008 	5131855.7
201.2024 	5111621.7
202.00401 	5091388.7
202.80561 	5071156.7
203.60721 	5050925.6
204.40882 	5030695.5
205.21042 	5010466.4
206.01202 	4990238.3
206.81363 	4970011.2
207.61523 	4949785.1
208.41683 	4929560
209.21844 	4909336
210.02004 	4889113
210.82164 	4868891
211.62325 	4848670.2
212.42485 	4828450.3
213.22645 	4808231.5
214.02806 	4788013.8
214.82966 	4767797.1
215.63126 	4747581.5
216.43287 	4727366.9
217.23447 	4707153.2
218.03607 	4686940.6
219.63928 	4646518.2
220.44088 	4626308.3
221.24248 	4606099.4
222.04409 	4585891.2
222.84569 	4565683.8
223.64729 	4545477.2
224.4489 	4525271.2
225.2505 	4505065.9
226.0521 	4484861.2
227.65531 	4444453.3
228.45691 	4424250
229.25852 	4404047.1
230.86172 	4363642.2
231.66333 	4343440.1
232.46493 	4323238.2
234.06814 	4282834.7
234.86974 	4262633
235.67134 	4242431.3
236.47295 	4222229.6
237.27455 	4202027.8
238.07615 	4181826
238.87776 	4161624
239.67936 	4141421.9
240.48096 	4121219.6
241.28257 	4101017.2
242.08417 	4080814.5
242.88577 	4060611.7
243.68737 	4040408.8
244.48898 	4020205.6
245.29058 	4000002.2
246.09218 	3979798.7
246.89379 	3959595
247.69539 	3939391.2
248.49699 	3919187.2
249.2986 	3898983.1
250.1002 	3878778.9
250.9018 	3858574.6
251.70341 	3838370.3
252.50501 	3818165.9
253.30661 	3797961.4
254.10822 	3777757
254.90982 	3757552.5
255.71142 	3737348.1
256.51303 	3717143.7
257.31463 	3696939.4
258.11623 	3676735.2
258.91784 	3656531.1
259.71944 	3636327.1
260.52104 	3616123.2
261.32265 	3595919.5
262.12425 	3575715.9
262.92585 	3555512.5
263.72745 	3535309.2
264.52906 	3515106.1
265.33066 	3494903.2
266.13226 	3474700.5
266.93387 	3454498.1
267.73547 	3434295.8
268.53707 	3414093.7
269.33868 	3393891.8
270.14028 	3373690.1
270.94188 	3353488.6
271.74349 	3333287.3
272.54509 	3313086.2
273.34669 	3292885.3
274.1483 	3272684.6
274.9499 	3252484
274.95 	3252481.5
275.7515 	3232283.6
276.55311 	3212083.3
277.35471 	3191883.2
278.95792 	3151483.2
279.75952 	3131283.3
280.56112 	3111083.5
281.36273 	3090883.7
282.16433 	3070683.9
282.96593 	3050484.2
283.76754 	3030284.4
284.56914 	3010084.5
285.37074 	2989884.6
286.17234 	2969684.6
286.97395 	2949484.5
288.57715 	2909083.8
289.37876 	2888883.2
290.18036 	2868682.5
290.98196 	2848481.5
291.78357 	2828280.3
292.58517 	2808078.9
293.38677 	2787877.2
294.18838 	2767675.3
294.98998 	2747473.1
295.79158 	2727270.6
296.59319 	2707067.8
297.39479 	2686864.7
298.19639 	2666661.3
298.998 	2646457.5
299.7996 	2626253.4
300.6012 	2606049
301.40281 	2585844.2
302.20441 	2565639
303.00601 	2545433.5
303.80762 	2525227.6
304.60922 	2505021.3
306.21242 	2464607.5
307.01403 	2444399.9
307.81563 	2424192
308.61723 	2403983.6
309.41884 	2383774.8
310.22044 	2363565.5
311.02204 	2343355.7
311.82365 	2323145.5
312.62525 	2302934.9
313.42685 	2282723.7
314.22846 	2262512.1
315.03006 	2242300
315.83166 	2222087.4
316.63327 	2201874.3
317.43487 	2181660.8
318.23647 	2161446.7
319.03808 	2141232.2
319.83968 	2121017.3
320.64128 	2100801.8
321.44289 	2080586
322.24449 	2060369.6
323.04609 	2040152.9
323.8477 	2019935.8
324.6493 	1999718.3
325.4509 	1979500.4
326.25251 	1959282.2
327.05411 	1939063.6
327.85571 	1918844.8
328.65731 	1898625.7
329.45892 	1878406.3
330.26052 	1858186.7
331.06212 	1837966.9
331.86373 	1817747
332.66533 	1797526.9
333.46693 	1777306.7
334.26854 	1757086.5
335.07014 	1736866.2
335.87174 	1716645.9
336.67335 	1696425.6
337.47495 	1676205.3
338.27655 	1655985.1
339.07816 	1635765
339.87976 	1615545
340.68136 	1595325.2
341.48297 	1575105.6
342.28457 	1554886.1
343.08617 	1534666.9
343.88778 	1514447.9
344.68938 	1494229.2
345.49098 	1474010.7
346.29259 	1453792.6
347.09419 	1433574.8
347.89579 	1413357.3
348.69739 	1393140.2
349.499 	1372923.4
350.3006 	1352707
351.1022 	1332491
351.90381 	1312275.4
352.70541 	1292060.2
353.50701 	1271845.4
354.30862 	1251631
355.11022 	1231417
355.91182 	1211203.5
356.71343 	1190990.4
357.51503 	1170777.7
358.31663 	1150565.4
359.11824 	1130353.6
359.91984 	1110142.2
360.72144 	1089931.3
361.52305 	1069720.8
362.32465 	1049510.7
363.12625 	1029301
363.92786 	1009091.8
364.72946 	988882.98
365.53106 	968674.58
366.33267 	948466.59
367.13427 	928259
367.93587 	908051.8
368.73747 	887845.01
369.53908 	867638.59
370.34068 	847432.56
371.14228 	827226.9
371.94389 	807021.61
372.74549 	786816.68
373.54709 	766612.1
374.3487 	746407.86
375.1503 	726203.96
375.9519 	706000.38
376.75351 	685797.13
377.55511 	665594.19
379.15832 	625189.19
379.95992 	604987.13
381.56313 	564583.81
382.36473 	544382.54
383.16633 	524181.52
383.96794 	503980.74
384.76954 	483780.18
385.57114 	463579.84
386.37275 	443379.71
387.17435 	423179.78
387.97595 	402980.03
388.77756 	382780.46
389.57916 	362581.07
390.38076 	342381.83
391.18236 	322182.74
391.98397 	301983.8
392.78557 	281784.98
393.58717 	261586.29
394.38878 	241387.71
395.19038 	221189.23
395.99198 	200990.84
396.79359 	180792.54
397.59519 	160594.32
399.1984 	120198.06
400 	100491.95
