0 	9088228.4
6.4128257 	8970409.1
34.468938 	8437255.7
37.675351 	8365932.3
40.881764 	8288883.4
50.501002 	8063221.9
53.707415 	8009947.1
62.52505 	7881095.8
65.731463 	7798689.6
68.937876 	7724296.8
69.739479 	7706689.9
96.993988 	7425763
103.40681 	7423355.9
106.61323 	7422854.8
116.23246 	7383147.1
123.44689 	7200108.1
125.05 	7159125.4
125.8517 	7138572.5
128.25651 	7076713.6
131.46293 	6993892.3
151.50301 	6476795.9
153.90782 	6415009
156.31263 	6353254.7
159.51904 	6270955.6
166.73347 	6085820.5
169.13828 	6024077.6
175.5511 	5859289.5
176.35271 	5838676.2
187.57515 	5549859.1
190.78156 	5467307.9
200.4008 	5219836.4
201.2024 	5199233.6
202.00401 	5178633.9
202.80561 	5158037.1
203.60721 	5137443.2
204.40882 	5116852.2
205.21042 	5096264.1
206.01202 	5075678.9
206.81363 	5055096.7
207.61523 	5034517.6
208.41683 	5013941.5
209.21844 	4993368.6
210.02004 	4972799
210.82164 	4952232.6
211.62325 	4931669.5
212.42485 	4911109.8
213.22645 	4890553.4
214.02806 	4870000.3
214.82966 	4849450.4
215.63126 	4828903.8
216.43287 	4808360.2
217.23447 	4787819.5
218.03607 	4767281.6
219.63928 	4726213.6
220.44088 	4705683
221.24248 	4685154.5
222.04409 	4664627.9
222.84569 	4644103
223.64729 	4623579.5
224.4489 	4603057.2
225.2505 	4582536.1
226.0521 	4562015.8
227.65531 	4520977.4
228.45691 	4500458.9
229.25852 	4479940.7
230.86172 	4438904.7
231.66333 	4418386.7
232.46493 	4397868.6
234.06814 	4356831.3
234.86974 	4336312
235.67134 	4315792.1
236.47295 	4295271.6
237.27455 	4274750.2
238.07615 	4254227.9
238.87776 	4233704.5
239.67936 	4213180.1
240.48096 	4192654.5
241.28257 	4172127.6
242.08417 	4151599.3
242.88577 	4131069.6
243.68737 	4110538.3
244.48898 	4090005.3
245.29058 	4069470.6
246.09218 	4048934.1
246.89379 	4028395.7
247.69539 	4007855.3
248.49699 	3987312.9
249.2986 	3966768.3
250.1002 	3946221.5
250.9018 	3925672.5
251.70341 	3905121.1
252.50501 	3884567.4
253.30661 	3864011.3
254.10822 	3843452.9
254.90982 	3822892
255.71142 	3802328.8
256.51303 	3781763.2
257.31463 	3761195.3
258.11623 	3740625.2
258.91784 	3720053
259.71944 	3699478.6
260.52104 	3678902.2
261.32265 	3658323.9
262.12425 	3637743.8
262.92585 	3617162
263.72745 	3596578.4
264.52906 	3575993.3
265.33066 	3555406.7
266.13226 	3534818.7
266.93387 	3514229.3
267.73547 	3493638.6
268.53707 	3473046.8
269.33868 	3452453.8
270.14028 	3431859.8
270.94188 	3411264.7
271.74349 	3390668.8
272.54509 	3370072
273.34669 	3349474.5
274.1483 	3328876.3
274.9499 	3308277.5
274.95 	3308274.9
275.7515 	3287678.2
276.55311 	3267078.4
277.35471 	3246478.4
278.95792 	3205277.8
279.75952 	3184677.4
280.56112 	3164077
281.36273 	3143476.7
282.16433 	3122876.5
282.96593 	3102276.6
283.76754 	3081677
284.56914 	3061077.7
285.37074 	3040478.7
286.17234 	3019880.1
286.97395 	2999281.9
288.57715 	2958086.8
289.37876 	2937489.9
290.18036 	2916893.4
290.98196 	2896297.3
291.78357 	2875701.7
292.58517 	2855106.4
293.38677 	2834511.6
294.18838 	2813917.1
294.98998 	2793323
295.79158 	2772729.2
296.59319 	2752135.8
297.39479 	2731542.6
298.19639 	2710949.7
298.998 	2690357
299.7996 	2669764.4
300.6012 	2649172
301.40281 	2628579.6
302.20441 	2607987.3
303.00601 	2587395
303.80762 	2566802.6
304.60922 	2546210
306.21242 	2505024.5
307.01403 	2484431.4
307.81563 	2463838.1
308.61723 	2443244.4
309.41884 	2422650.5
310.22044 	2402056.3
311.02204 	2381461.7
311.82365 	2360866.9
312.62525 	2340271.8
313.42685 	2319676.4
314.22846 	2299080.8
315.03006 	2278485.1
315.83166 	2257889.1
316.63327 	2237293.1
317.43487 	2216697
318.23647 	2196101
319.03808 	2175505.1
319.83968 	2154909.4
320.64128 	2134313.9
321.44289 	2113718.8
322.24449 	2093124.1
323.04609 	2072530
323.8477 	2051936.5
324.6493 	2031343.7
325.4509 	2010751.8
326.25251 	1990160.7
327.05411 	1969570.7
327.85571 	1948981.8
328.65731 	1928394.1
329.45892 	1907807.7
330.26052 	1887222.8
331.06212 	1866639.3
331.86373 	1846057.4
332.66533 	1825477.1
333.46693 	1804898.6
334.26854 	1784321.9
335.07014 	1763747.1
335.87174 	1743174.2
336.67335 	1722603.3
337.47495 	1702034.5
338.27655 	1681467.7
339.07816 	1660903.1
339.87976 	1640340.6
340.68136 	1619780.3
341.48297 	1599222.2
342.28457 	1578666.2
343.08617 	1558112.5
343.88778 	1537560.8
344.68938 	1517011.4
345.49098 	1496464
346.29259 	1475918.7
347.09419 	1455375.4
347.89579 	1434834.1
348.69739 	1414294.8
349.499 	1393757.3
350.3006 	1373221.6
351.1022 	1352687.7
351.90381 	1332155.4
352.70541 	1311624.7
353.50701 	1291095.6
354.30862 	1270567.8
355.11022 	1250041.4
355.91182 	1229516.3
356.71343 	1208992.4
357.51503 	1188469.5
358.31663 	1167947.7
359.11824 	1147426.7
359.91984 	1126906.6
360.72144 	1106387.2
361.52305 	1085868.4
362.32465 	1065350.1
363.12625 	1044832.2
363.92786 	1024314.7
364.72946 	1003797.3
365.53106 	983280.09
366.33267 	962762.85
367.13427 	942245.51
367.93587 	921727.94
368.73747 	901210.05
369.53908 	880691.71
370.34068 	860172.82
371.14228 	839653.27
371.94389 	819132.94
372.74549 	798611.73
373.54709 	778089.54
374.3487 	757566.25
375.1503 	737041.78
375.9519 	716516.01
376.75351 	695988.86
377.55511 	675460.24
379.15832 	634398.3
379.95992 	613864.84
381.56313 	572792.64
382.36473 	552253.83
383.16633 	531713.16
383.96794 	511170.63
384.76954 	490626.23
385.57114 	470079.96
386.37275 	449531.84
387.17435 	428981.91
387.97595 	408430.21
388.77756 	387876.78
389.57916 	367321.7
390.38076 	346765.02
391.18236 	326206.85
391.98397 	305647.27
392.78557 	285086.39
393.58717 	264524.31
394.38878 	243961.15
395.19038 	223397.04
395.99198 	202832.11
396.79359 	182266.49
397.59519 	161700.33
399.1984 	120566.94
400 	100500.94
