0 	8260915.9
6.4128257 	8165239.6
34.468938 	7645909.8
37.675351 	7643229.4
40.881764 	7606648.8
50.501002 	7365718.4
53.707415 	7285572.7
62.52505 	7064944.3
65.731463 	6984622.4
68.937876 	6904969.3
69.739479 	6887854.8
96.993988 	6411848.4
103.40681 	6331934.6
106.61323 	6274356.3
116.23246 	6075897.7
123.44689 	5923057.8
125.05 	5877318.3
125.8517 	5856845.1
128.25651 	5807552.2
131.46293 	5735624.5
151.50301 	5293701.2
153.90782 	5292910.6
156.31263 	5292497.4
159.51904 	5292226.4
166.73347 	5291463.3
169.13828 	5290823.1
175.5511 	5287045.6
176.35271 	5286494.5
187.57515 	5282848.9
190.78156 	5280610.2
200.4008 	5275050.5
201.2024 	5274981.7
202.00401 	5274698.3
202.80561 	5274540.6
203.60721 	5274410.3
204.40882 	5274427
205.21042 	5274498.7
206.01202 	5274523.9
206.81363 	5274569.5
207.61523 	5274590.7
208.41683 	5274640.8
209.21844 	5274917.8
210.02004 	5275197.1
210.82164 	5275385.6
211.62325 	5275292.8
212.42485 	5275136.4
213.22645 	5275027.1
214.02806 	5274817.4
214.82966 	5274445.9
215.63126 	5273898.2
216.43287 	5273302.9
217.23447 	5271543.8
218.03607 	5267690
219.63928 	5246601.6
220.44088 	5226794.2
221.24248 	5204164.9
222.04409 	5181072.2
222.84569 	5158023.3
223.64729 	5134999.4
224.4489 	5111981.5
225.2505 	5088964.8
226.0521 	5065947.7
227.65531 	5019908.2
228.45691 	4996883.3
229.25852 	4973854
230.86172 	4927785.9
231.66333 	4904750.9
232.46493 	4881717.9
234.06814 	4835661.8
234.86974 	4812638.5
235.67134 	4789617.6
236.47295 	4766599
237.27455 	4743582.8
238.07615 	4720569.7
238.87776 	4697559.3
239.67936 	4674550.5
240.48096 	4651540.7
241.28257 	4628526.6
242.08417 	4605505.2
242.88577 	4582475.1
243.68737 	4559437.1
244.48898 	4536394
245.29058 	4513350.2
246.09218 	4490309.5
246.89379 	4467274.6
247.69539 	4444246.8
248.49699 	4421225.7
249.2986 	4398210.3
250.1002 	4375199.2
250.9018 	4352191.3
251.70341 	4329185.2
252.50501 	4306180.1
253.30661 	4283175.7
254.10822 	4260171.8
254.90982 	4237169
255.71142 	4214168.1
256.51303 	4191170.2
257.31463 	4168176.5
258.11623 	4145187.9
258.91784 	4122205.3
259.71944 	4099229.1
260.52104 	4076259.5
261.32265 	4053296.6
262.12425 	4030340.2
262.92585 	4007389.9
263.72745 	3984445.3
264.52906 	3961506
265.33066 	3938571.5
266.13226 	3915641.6
266.93387 	3892716
267.73547 	3869794.6
268.53707 	3846877.3
269.33868 	3823964.5
270.14028 	3801056.3
270.94188 	3778153.2
271.74349 	3755255.6
272.54509 	3732363.9
273.34669 	3709478.6
274.1483 	3686600.1
274.9499 	3663728.7
274.95 	3663725.8
275.7515 	3640864.6
276.55311 	3618008
277.35471 	3595158.9
278.95792 	3549482.4
279.75952 	3526654.5
280.56112 	3503832.8
281.36273 	3481016.9
282.16433 	3458206.3
282.96593 	3435400.7
283.76754 	3412599.8
284.56914 	3389803.9
285.37074 	3367013
286.17234 	3344227.7
286.97395 	3321448.1
288.57715 	3275905.9
289.37876 	3253141.8
290.18036 	3230380.5
290.98196 	3207619.9
291.78357 	3184857.8
292.58517 	3162092
293.38677 	3139320.8
294.18838 	3116542.8
294.98998 	3093757.5
295.79158 	3070964.8
296.59319 	3048165.7
297.39479 	3025361.2
298.19639 	3002552.8
298.998 	2979742.1
299.7996 	2956930.6
300.6012 	2934119.7
301.40281 	2911310.5
302.20441 	2888504.1
303.00601 	2865700.9
303.80762 	2842901.5
304.60922 	2820106.1
306.21242 	2774527.2
307.01403 	2751743.5
307.81563 	2728963.4
308.61723 	2706186.8
309.41884 	2683413.2
310.22044 	2660642.5
311.02204 	2637874.5
311.82365 	2615108.8
312.62525 	2592345.1
313.42685 	2569583.1
314.22846 	2546822.4
315.03006 	2524062.5
315.83166 	2501302.9
316.63327 	2478543.2
317.43487 	2455782.6
318.23647 	2433020.6
319.03808 	2410256.4
319.83968 	2387489.3
320.64128 	2364718.7
321.44289 	2341943.9
322.24449 	2319164.1
323.04609 	2296378.8
323.8477 	2273587.4
324.6493 	2250789.4
325.4509 	2227984.3
326.25251 	2205171.8
327.05411 	2182351.7
327.85571 	2159523.7
328.65731 	2136687.7
329.45892 	2113843.8
330.26052 	2090992
331.06212 	2068132.4
331.86373 	2045265.2
332.66533 	2022390.7
333.46693 	1999509.1
334.26854 	1976620.8
335.07014 	1953726.1
335.87174 	1930825.7
336.67335 	1907919.8
337.47495 	1885008.9
338.27655 	1862093.7
339.07816 	1839174.6
339.87976 	1816252.1
340.68136 	1793326.8
341.48297 	1770399.4
342.28457 	1747470.2
343.08617 	1724539.9
343.88778 	1701609
344.68938 	1678678
345.49098 	1655747.3
346.29259 	1632817.4
347.09419 	1609888.7
347.89579 	1586961.4
348.69739 	1564036
349.499 	1541112.7
350.3006 	1518191.5
351.1022 	1495272.9
351.90381 	1472356.7
352.70541 	1449443.2
353.50701 	1426532.4
354.30862 	1403624.5
355.11022 	1380719.3
355.91182 	1357817
356.71343 	1334917.6
357.51503 	1312021.1
358.31663 	1289127.4
359.11824 	1266236.6
359.91984 	1243348.6
360.72144 	1220463.3
361.52305 	1197580.7
362.32465 	1174700.6
363.12625 	1151822.9
363.92786 	1128947.5
364.72946 	1106074.1
365.53106 	1083202.7
366.33267 	1060333
367.13427 	1037464.8
367.93587 	1014598
368.73747 	991732.3
369.53908 	968867.62
370.34068 	946003.74
371.14228 	923140.5
371.94389 	900277.74
372.74549 	877415.32
373.54709 	854553.11
374.3487 	831690.97
375.1503 	808828.8
375.9519 	785966.5
376.75351 	763103.97
377.55511 	740241.14
379.15832 	694514.33
379.95992 	671650.26
381.56313 	625920.69
382.36473 	603055.18
383.16633 	580189.23
383.96794 	557322.86
384.76954 	534456.13
385.57114 	511589.11
386.37275 	488721.85
387.17435 	465854.44
387.97595 	442986.96
388.77756 	420119.49
389.57916 	397252.1
390.38076 	374384.86
391.18236 	351517.84
391.98397 	328651.08
392.78557 	305784.63
393.58717 	282918.5
394.38878 	260052.71
395.19038 	237187.26
395.99198 	214322.13
396.79359 	191457.29
397.59519 	168592.71
399.1984 	122864.13
400 	100556.89
