0 	3836478
0.35183948 	3828966.6
0.70367896 	3821069.2
1.0555184 	3813211.7
1.4073579 	3805312.7
1.7591974 	3797415.6
2.1110369 	3789531.3
2.4628764 	3781631.7
2.8147158 	3773800.3
3.1665553 	3765881.4
3.5183948 	3757985.4
3.8702343 	3750078.6
4.2220737 	3742279.2
4.9257527 	3726584.6
5.6294317 	3710774.8
5.9812711 	3702877.7
6.3331106 	3694974.5
8.092308 	3655464.3
8.795987 	3639659.8
9.1478265 	3631741.5
10.203345 	3608236.2
10.907024 	3592448.1
11.258863 	3584576
11.610703 	3576664.6
11.962542 	3568768.6
12.666221 	3552972.1
13.018061 	3545072.5
13.3699 	3537171.5
13.72174 	3529269.3
14.777258 	3505496.5
15.480937 	3492714.4
15.832777 	3484819.7
16.536456 	3469021.3
17.591974 	3447801.8
18.647492 	3424150.9
19.351171 	3408355.1
19.703011 	3400457.3
20.05485 	3392559.5
20.40669 	3384661.7
20.758529 	3376764
21.462208 	3360968.6
22.165887 	3345173.3
22.869566 	3329378.3
23.573245 	3313583.3
23.925085 	3305685.9
24.276924 	3297788.5
24.628764 	3289891.1
25.332442 	3274096.5
25.684282 	3266199.2
26.387961 	3250404.7
26.7398 	3242507.4
27.09164 	3234610.2
27.443479 	3226713
27.795319 	3218815.8
28.147158 	3210918.6
28.850837 	3195124.3
29.202677 	3187227.2
29.554516 	3179330.1
29.906356 	3171433
30.258195 	3163535.9
30.610035 	3155638.9
30.961874 	3147741.9
31.665553 	3131948
32.017393 	3124051.1
32.369232 	3116154.3
32.721072 	3108257.5
33.072911 	3100360.8
33.424751 	3092464.1
33.77659 	3084567.5
34.128429 	3076670.9
34.480269 	3068774.4
34.832108 	3060878
35.183948 	3052981.6
35.535787 	3045085.4
35.887627 	3037189.2
36.239466 	3029293.1
36.591306 	3021397
37.294985 	3005605.3
37.646824 	2997709.5
37.998664 	2989813.9
38.702343 	2974022.9
39.406022 	2958232.3
39.757861 	2950337.1
41.165219 	2918757.5
41.517059 	2910862.8
41.868898 	2902968.3
42.220737 	2895073.8
42.924416 	2879285
43.276256 	2871390.8
43.628095 	2863496.6
43.979935 	2855602.5
44.683614 	2839814.4
45.035453 	2831920.4
45.387293 	2824026.5
46.090972 	2808238.7
46.442811 	2800344.8
47.14649 	2784557.1
47.49833 	2776663.2
48.202009 	2760875.4
48.553848 	2752981.4
49.257527 	2737193.3
49.609367 	2729299.2
49.961206 	2721404.9
50.313045 	2713510.6
50.664885 	2705616.2
51.016724 	2697721.7
51.720403 	2681932.2
52.072243 	2674037.2
52.424082 	2666142
52.775922 	2658246.7
53.127761 	2650351.1
54.18328 	2626662.9
54.535119 	2618766.3
54.886959 	2610869.5
55.238798 	2602972.3
55.590638 	2595075
55.942477 	2587177.3
56.997996 	2563483.5
57.349835 	2555585.4
57.701675 	2547687.4
58.053514 	2539789.6
58.405354 	2531892
58.757193 	2523994.7
59.109032 	2516097.9
59.460872 	2508201.6
60.164551 	2492410.5
60.51639 	2484515.7
60.86823 	2476621.1
61.220069 	2468726.8
61.571909 	2460832.4
61.923748 	2452937.8
62.275588 	2445042.4
62.627427 	2437137.5
62.979267 	2429167
63.331106 	2421496.1
63.682946 	2417741.1
64.034785 	2417414.4
64.386625 	2417386.6
64.738464 	2417364.1
65.442143 	2417322.8
65.793983 	2417304
66.497662 	2417256.3
67.55318 	2417174.3
68.256859 	2417110.1
68.608698 	2417076.6
69.312377 	2417007.1
70.016056 	2416939.3
70.367896 	2416905.7
70.719735 	2416872.9
71.071575 	2416841.9
71.423414 	2416811.3
72.830772 	2416134.6
73.182612 	2410954.4
73.534451 	2403222.3
73.886291 	2395289.5
74.941809 	2371462.2
75.293648 	2363520.1
75.645488 	2355578.3
75.997327 	2347636.5
77.052846 	2323810.7
77.404685 	2315868.5
77.756525 	2307926.2
78.460204 	2292041.2
78.812043 	2284098.7
79.163883 	2276156.1
80.219401 	2252328.7
81.27492 	2228502
81.626759 	2220559.9
81.978599 	2212617.8
82.330438 	2204675.7
82.682278 	2196733.7
83.034117 	2188791.7
83.385957 	2180849.6
83.737796 	2172907.5
84.089635 	2164965.4
84.441475 	2157023.3
85.496993 	2133196.4
86.552512 	2109368.9
86.904351 	2101426.3
89.015388 	2053768.9
89.367228 	2045825.8
90.070907 	2029939.4
90.422746 	2021996.2
90.774586 	2014052.8
91.126425 	2006109.5
91.478265 	1998166.1
91.830104 	1990222.6
92.533783 	1974335.6
93.237462 	1958448.5
93.589301 	1950504.9
93.941141 	1942561.3
94.29298 	1934617.7
96.052178 	1894899.4
96.404017 	1886955.7
96.755857 	1879012
97.459536 	1863124.7
97.811375 	1855181
98.163215 	1847237.3
98.515054 	1839293.6
99.922412 	1807519
100.27425 	1799575.3
100.62609 	1791631.7
101.32977 	1775744.4
102.03345 	1759857.2
102.38529 	1751913.6
103.79265 	1720139.2
104.14449 	1712195.6
104.49633 	1704252.1
105.2 	1688365
105.90368 	1672477.9
106.25552 	1664534.4
106.60736 	1656590.9
108.01472 	1624817
108.36656 	1616873.5
108.7184 	1608930
109.07024 	1600986.6
109.77392 	1585099.7
110.12576 	1577156.3
110.82944 	1561269.5
111.18128 	1553326.1
111.53311 	1545382.7
111.88495 	1537439.3
112.58863 	1521552.6
112.94047 	1513609.3
113.29231 	1505666
113.64415 	1497722.6
113.99599 	1489779.3
114.34783 	1481836
114.69967 	1473892.7
115.05151 	1465949.5
115.40335 	1458006.2
115.75519 	1450063
116.45887 	1434176.5
116.81071 	1426233.3
117.16255 	1418290.1
117.51439 	1410346.9
118.21806 	1394460.6
118.5699 	1386517.5
118.92174 	1378574.4
119.27358 	1370631.3
119.62542 	1362688.2
119.97726 	1354745.2
120.3291 	1346802.1
120.68094 	1338859.1
121.03278 	1330916.1
121.38462 	1322973.1
121.73646 	1315030.2
122.0883 	1307087.2
122.79198 	1291201.4
123.14382 	1283258.6
123.49566 	1275315.7
123.8475 	1267372.9
124.19934 	1259430.1
124.55118 	1251487.3
124.90302 	1243544.6
125.25485 	1235601.9
125.60669 	1227659.2
126.66221 	1203831.3
127.01405 	1195888.8
127.36589 	1187946.2
127.71773 	1180003.7
128.06957 	1172061.2
128.42141 	1164118.8
128.77325 	1156176.4
129.12509 	1148234
129.47693 	1140291.6
130.18061 	1124407
130.53245 	1116464.8
130.88429 	1108522.5
131.23613 	1100580.4
132.29164 	1076754
132.64348 	1068811.9
132.99532 	1060869.9
133.699 	1044985.9
134.05084 	1037044
134.40268 	1029102.1
134.75452 	1021160.2
135.4582 	1005276.5
135.81004 	997334.73
136.16188 	989392.97
136.51372 	981451.24
136.86556 	973509.54
137.56924 	957626.22
137.92108 	949684.6
138.27292 	941743
138.97659 	925859.89
139.68027 	909976.87
140.03211 	902035.39
140.38395 	894093.94
140.73579 	886152.51
141.08763 	878211.1
141.43947 	870269.71
141.79131 	862328.33
142.14315 	854386.98
142.49499 	846445.65
142.84683 	838504.33
144.25419 	806739.22
145.3097 	782915.55
145.66154 	774974.35
146.01338 	767033.16
146.36522 	759091.99
146.71706 	751150.83
147.0689 	743209.68
147.42074 	735268.53
148.12442 	719386.28
148.8281 	703504.07
149.17994 	695562.97
149.88362 	679680.81
150.23546 	671739.74
150.5873 	663798.68
151.29098 	647916.58
151.99465 	632034.51
152.69833 	616152.46
153.05017 	608211.45
153.40201 	600270.44
153.75385 	592329.44
154.45753 	576447.46
154.80937 	568506.48
155.16121 	560565.5
155.51305 	552624.53
155.86489 	544683.57
156.21673 	536742.61
156.56857 	528801.66
157.62409 	504978.84
157.97593 	497037.91
158.32777 	489096.99
158.67961 	481156.08
159.03144 	473215.17
159.38328 	465274.27
159.73512 	457333.37
160.08696 	449392.48
160.4388 	441451.6
160.79064 	433510.72
161.14248 	425569.85
161.49432 	417628.98
161.84616 	409688.12
162.90168 	385865.59
163.25352 	377924.75
163.9572 	362043.11
164.30904 	354102.3
164.66088 	346161.49
165.01272 	338220.69
165.71639 	322339.11
166.06823 	314398.33
167.12375 	290576.04
167.47559 	282635.29
167.82743 	274694.54
168.17927 	266753.81
168.53111 	258813.08
169.23479 	242931.64
169.58663 	234990.93
169.93847 	227050.23
170.64215 	211168.84
170.99399 	203228.16
171.34583 	195287.49
171.69767 	187346.82
172.04951 	179406.16
172.40134 	171465.51
172.75318 	163524.87
173.10502 	155584.23
174.16054 	131762.37
174.51238 	123821.76
174.86422 	115881.17
