0 	3836484.6
0.35183948 	3829095.8
0.70367896 	3821325.5
1.0555184 	3813555.2
1.4073579 	3805784.8
1.7591974 	3798014.5
2.1110369 	3790244.2
2.4628764 	3782473.9
2.8147158 	3774703.6
3.1665553 	3766936.5
3.5183948 	3759214.5
3.8702343 	3751548.9
4.2220737 	3743917.1
4.9257527 	3729182.6
5.6294317 	3714793.3
5.9812711 	3709664.7
6.3331106 	3701890.4
8.092308 	3665072
8.795987 	3654493
9.1478265 	3653267
10.203345 	3653068.7
10.907024 	3653003.9
11.258863 	3652973
11.610703 	3652927
11.962542 	3652882.4
12.666221 	3652796.2
13.018061 	3652759.9
13.3699 	3652717.9
13.72174 	3652671.6
14.777258 	3652394.9
15.480937 	3641210.9
15.832777 	3633441.9
16.536456 	3617873.6
17.591974 	3594520.3
18.647492 	3571167.2
19.351171 	3555598.5
19.703011 	3547814.2
20.05485 	3540029.9
20.40669 	3532245.6
20.758529 	3524461.3
21.462208 	3508892.7
22.165887 	3493324.1
22.869566 	3477755.5
23.573245 	3462186.9
23.925085 	3454402.6
24.276924 	3446618.3
24.628764 	3438834.1
25.332442 	3423265.5
25.684282 	3415481.2
26.387961 	3399912.6
26.7398 	3392128.4
27.09164 	3384344.1
27.443479 	3376559.8
27.795319 	3368775.5
28.147158 	3360991.2
28.850837 	3345422.6
29.202677 	3337638.4
29.554516 	3329854.1
29.906356 	3322069.8
30.258195 	3314285.5
30.610035 	3306501.2
30.961874 	3298716.9
31.665553 	3283148.4
32.017393 	3275364.1
32.369232 	3267579.8
32.721072 	3259795.5
33.072911 	3252011.2
33.424751 	3244226.9
33.77659 	3236442.7
34.128429 	3228658.4
34.480269 	3220874.1
34.832108 	3213089.9
35.183948 	3205305.6
35.535787 	3197521.3
35.887627 	3189737.1
36.239466 	3181952.8
36.591306 	3174168.6
37.294985 	3158600.1
37.646824 	3150815.8
37.998664 	3143031.6
38.702343 	3127463.1
39.406022 	3111894.7
39.757861 	3104110.5
41.165219 	3072973.7
41.517059 	3065189.5
41.868898 	3057405.3
42.220737 	3049621.1
42.924416 	3034052.8
43.276256 	3026268.6
43.628095 	3018484.5
43.979935 	3010700.3
44.683614 	2995132.1
45.035453 	2987348
45.387293 	2979563.9
46.090972 	2963995.7
46.442811 	2956211.6
47.14649 	2940643.4
47.49833 	2932859.4
48.202009 	2917291.3
48.553848 	2909507.2
49.257527 	2893939.2
49.609367 	2886155.2
49.961206 	2878371.2
50.313045 	2870587.2
50.664885 	2862803.2
51.016724 	2855019.3
51.720403 	2839451.4
52.072243 	2831667.4
52.424082 	2823883.5
52.775922 	2816099.6
53.127761 	2808315.7
54.18328 	2784964
54.535119 	2777180.2
54.886959 	2769396.3
55.238798 	2761612.5
55.590638 	2753828.6
55.942477 	2746044.8
56.997996 	2722693.4
57.349835 	2714909.6
57.701675 	2707125.8
58.053514 	2699342.1
58.405354 	2691558.3
58.757193 	2683774.6
59.109032 	2675990.8
59.460872 	2668207.1
60.164551 	2652639.7
60.51639 	2644856
60.86823 	2637072.3
61.220069 	2629288.6
61.571909 	2621504.9
61.923748 	2613721.2
62.275588 	2605937.6
62.627427 	2598153.9
62.979267 	2590370.3
63.331106 	2582586.7
63.682946 	2574803.1
64.034785 	2567019.5
64.386625 	2559235.9
64.738464 	2551452.3
65.442143 	2535885.1
65.793983 	2528101.6
66.497662 	2512534.5
67.55318 	2489183.9
68.256859 	2473616.9
68.608698 	2465833.5
69.312377 	2450266.5
70.016056 	2434699.6
70.367896 	2426916.2
70.719735 	2419132.8
71.071575 	2411349.4
71.423414 	2403566
72.830772 	2372432.4
73.182612 	2364649.1
73.534451 	2356865.7
73.886291 	2349082.4
74.941809 	2325732.4
75.293648 	2317949.1
75.645488 	2310165.8
75.997327 	2302382.5
77.052846 	2279032.7
77.404685 	2271249.4
77.756525 	2263466.1
78.460204 	2247899.6
78.812043 	2240116.4
79.163883 	2232333.1
80.219401 	2208983.4
81.27492 	2185633.7
81.626759 	2177850.5
81.978599 	2170067.3
82.330438 	2162284.1
82.682278 	2154500.9
83.034117 	2146717.7
83.385957 	2138934.4
83.737796 	2131151.2
84.089635 	2123368
84.441475 	2115584.8
85.496993 	2092235.2
86.552512 	2068885.5
86.904351 	2061102.3
89.015388 	2014403
89.367228 	2006619.8
90.070907 	1991053.3
90.422746 	1983270.1
90.774586 	1975486.8
91.126425 	1967703.6
91.478265 	1959920.3
91.830104 	1952137.1
92.533783 	1936570.6
93.237462 	1921004.1
93.589301 	1913220.8
93.941141 	1905437.6
94.29298 	1897654.3
96.052178 	1858737.9
96.404017 	1850954.6
96.755857 	1843171.3
97.459536 	1827604.8
97.811375 	1819821.5
98.163215 	1812038.2
98.515054 	1804254.9
99.922412 	1773121.7
100.27425 	1765338.4
100.62609 	1757555.1
101.32977 	1741988.5
102.03345 	1726421.9
102.38529 	1718638.6
103.79265 	1687505.4
104.14449 	1679722.1
104.49633 	1671938.8
105.2 	1656372.2
105.90368 	1640805.7
106.25552 	1633022.4
106.60736 	1625239.1
108.01472 	1594106.1
108.36656 	1586322.8
108.7184 	1578539.6
109.07024 	1570756.3
109.77392 	1555189.9
110.12576 	1547406.6
110.82944 	1531840.2
111.18128 	1524057
111.53311 	1516273.8
111.88495 	1508490.7
112.58863 	1492924.3
112.94047 	1485141.1
113.29231 	1477358
113.64415 	1469574.9
113.99599 	1461791.7
114.34783 	1454008.6
114.69967 	1446225.5
115.05151 	1438442.4
115.40335 	1430659.3
115.75519 	1422876.2
116.45887 	1407310.1
116.81071 	1399527.1
117.16255 	1391744.1
117.51439 	1383961
118.21806 	1368395
118.5699 	1360612.1
118.92174 	1352829.1
119.27358 	1345046.2
119.62542 	1337263.2
119.97726 	1329480.3
120.3291 	1321697.4
120.68094 	1313914.5
121.03278 	1306131.6
121.38462 	1298348.8
121.73646 	1290565.9
122.0883 	1282783.1
122.79198 	1267217.4
123.14382 	1259434.7
123.49566 	1251651.9
123.8475 	1243869.1
124.19934 	1236086.4
124.55118 	1228303.7
124.90302 	1220521
125.25485 	1212738.3
125.60669 	1204955.6
126.66221 	1181607.7
127.01405 	1173825.1
127.36589 	1166042.5
127.71773 	1158259.9
128.06957 	1150477.4
128.42141 	1142694.8
128.77325 	1134912.3
129.12509 	1127129.8
129.47693 	1119347.3
130.18061 	1103782.4
130.53245 	1096000
130.88429 	1088217.5
131.23613 	1080435.1
132.29164 	1057088.1
132.64348 	1049305.7
132.99532 	1041523.4
133.699 	1025958.8
134.05084 	1018176.6
134.40268 	1010394.3
134.75452 	1002612.1
135.4582 	987047.67
135.81004 	979265.49
136.16188 	971483.33
136.51372 	963701.18
136.86556 	955919.04
137.56924 	940354.83
137.92108 	932572.74
138.27292 	924790.67
138.97659 	909226.58
139.68027 	893662.54
140.03211 	885880.55
140.38395 	878098.57
140.73579 	870316.6
141.08763 	862534.65
141.43947 	854752.72
141.79131 	846970.8
142.14315 	839188.89
142.49499 	831406.99
142.84683 	823625.11
144.25419 	792497.73
145.3097 	769152.32
145.66154 	761370.54
146.01338 	753588.78
146.36522 	745807.02
146.71706 	738025.28
147.0689 	730243.55
147.42074 	722461.84
148.12442 	706898.43
148.8281 	691335.08
149.17994 	683553.41
149.88362 	667990.12
150.23546 	660208.49
150.5873 	652426.87
151.29098 	636863.66
151.99465 	621300.48
152.69833 	605737.35
153.05017 	597955.79
153.40201 	590174.25
153.75385 	582392.71
154.45753 	566829.66
154.80937 	559048.15
155.16121 	551266.65
155.51305 	543485.16
155.86489 	535703.67
156.21673 	527922.19
156.56857 	520140.72
157.62409 	496796.36
157.97593 	489014.92
158.32777 	481233.49
158.67961 	473452.06
159.03144 	465670.65
159.38328 	457889.24
159.73512 	450107.84
160.08696 	442326.44
160.4388 	434545.05
160.79064 	426763.67
161.14248 	418982.3
161.49432 	411200.93
161.84616 	403419.57
162.90168 	380075.53
163.25352 	372294.2
163.9572 	356731.55
164.30904 	348950.24
164.66088 	341168.93
165.01272 	333387.63
165.71639 	317825.05
166.06823 	310043.77
167.12375 	286699.97
167.47559 	278918.72
167.82743 	271137.47
168.17927 	263356.23
168.53111 	255575
169.23479 	240012.55
169.58663 	232231.34
169.93847 	224450.13
170.64215 	208887.74
170.99399 	201106.56
171.34583 	193325.38
171.69767 	185544.21
172.04951 	177763.05
172.40134 	169981.89
172.75318 	162200.74
173.10502 	154419.6
174.16054 	131076.22
174.51238 	123295.1
174.86422 	115513.95
