0 	8878905.7
6.4128257 	8787492
34.468938 	8219314.8
37.675351 	8146337.7
40.881764 	8104202
50.501002 	7916452.6
53.707415 	7850795.1
62.52505 	7660493.8
65.731463 	7582308.5
68.937876 	7508427.8
69.739479 	7491283.3
96.993988 	6904004.6
103.40681 	6781203.5
106.61323 	6767112.3
116.23246 	6762480.6
123.44689 	6762200.4
125.05 	6762608.9
125.8517 	6762671.5
128.25651 	6762493.1
131.46293 	6762288.1
151.50301 	6568283.9
153.90782 	6506070.1
156.31263 	6443903.2
159.51904 	6361067.3
166.73347 	6174760.1
169.13828 	6112618.5
175.5511 	5946690.4
176.35271 	5925930.5
187.57515 	5634776.7
190.78156 	5551333.2
200.4008 	5300371.7
201.2024 	5279441.4
202.00401 	5258511
202.80561 	5237580.7
203.60721 	5216650.4
204.40882 	5195720
205.21042 	5174789.2
206.01202 	5153857.8
206.81363 	5132925.5
207.61523 	5111992
208.41683 	5091057
209.21844 	5070120.2
210.02004 	5049181.4
210.82164 	5028240.5
211.62325 	5007297.3
212.42485 	4986351.8
213.22645 	4965404
214.02806 	4944454.1
214.82966 	4923502.3
215.63126 	4902549
216.43287 	4881594.7
217.23447 	4860640.1
218.03607 	4839685.9
219.63928 	4797782.8
220.44088 	4776836.2
221.24248 	4755894.5
222.04409 	4734959.2
222.84569 	4714031.8
223.64729 	4693113.7
224.4489 	4672206.5
225.2505 	4651311.5
226.0521 	4630429.9
227.65531 	4588711.6
228.45691 	4567876.4
229.25852 	4547057.6
230.86172 	4505468.9
231.66333 	4484697.8
232.46493 	4463940.9
234.06814 	4422462.8
234.86974 	4401737.6
235.67134 	4381018.4
236.47295 	4360302.7
237.27455 	4339587.8
238.07615 	4318870.8
238.87776 	4298149
239.67936 	4277419.9
240.48096 	4256680.9
241.28257 	4235930
242.08417 	4215165.2
242.88577 	4194385.1
243.68737 	4173588.6
244.48898 	4152774.8
245.29058 	4131943.6
246.09218 	4111094.9
246.89379 	4090229.2
247.69539 	4069347.3
248.49699 	4048450
249.2986 	4027538.7
250.1002 	4006614.7
250.9018 	3985679.6
251.70341 	3964734.9
252.50501 	3943782.2
253.30661 	3922823
254.10822 	3901858.8
254.90982 	3880890.8
255.71142 	3859920.2
256.51303 	3838948.1
257.31463 	3817975.3
258.11623 	3797002.4
258.91784 	3776030.1
259.71944 	3755058.5
260.52104 	3734088
261.32265 	3713118.6
262.12425 	3692150.3
262.92585 	3671183
263.72745 	3650216.6
264.52906 	3629250.7
265.33066 	3608285.2
266.13226 	3587319.7
266.93387 	3566354.1
267.73547 	3545388.1
268.53707 	3524421.4
269.33868 	3503453.9
270.14028 	3482485.4
270.94188 	3461515.9
271.74349 	3440545.2
272.54509 	3419573.5
273.34669 	3398600.6
274.1483 	3377626.9
274.9499 	3356652.3
274.95 	3356649.7
275.7515 	3335677.1
276.55311 	3314701.5
277.35471 	3293725.7
278.95792 	3251774.7
279.75952 	3230800
280.56112 	3209826.3
281.36273 	3188853.7
282.16433 	3167882.6
282.96593 	3146913.1
283.76754 	3125945.6
284.56914 	3104980.2
285.37074 	3084017.1
286.17234 	3063056.5
286.97395 	3042098.4
288.57715 	3000190.6
289.37876 	2979241
290.18036 	2958294.4
290.98196 	2937350.7
291.78357 	2916410
292.58517 	2895472.3
293.38677 	2874537.6
294.18838 	2853605.9
294.98998 	2832677
295.79158 	2811750.9
296.59319 	2790827.5
297.39479 	2769906.8
298.19639 	2748988.6
298.998 	2728072.8
299.7996 	2707159.3
300.6012 	2686248
301.40281 	2665338.6
302.20441 	2644431.2
303.00601 	2623525.5
303.80762 	2602621.4
304.60922 	2581718.9
306.21242 	2539918
307.01403 	2519019.5
307.81563 	2498122
308.61723 	2477225.6
309.41884 	2456330.2
310.22044 	2435435.8
311.02204 	2414542.2
311.82365 	2393649.4
312.62525 	2372757.4
313.42685 	2351866.2
314.22846 	2330975.7
315.03006 	2310085.9
315.83166 	2289196.9
316.63327 	2268308.5
317.43487 	2247420.7
318.23647 	2226533.6
319.03808 	2205647.2
319.83968 	2184761.4
320.64128 	2163876.3
321.44289 	2142991.8
322.24449 	2122107.9
323.04609 	2101224.6
323.8477 	2080342
324.6493 	2059459.9
325.4509 	2038578.5
326.25251 	2017697.7
327.05411 	1996817.5
327.85571 	1975937.8
328.65731 	1955058.8
329.45892 	1934180.3
330.26052 	1913302.4
331.06212 	1892425
331.86373 	1871548.2
332.66533 	1850671.9
333.46693 	1829796.1
334.26854 	1808920.9
335.07014 	1788046.2
335.87174 	1767172
336.67335 	1746298.3
337.47495 	1725425.2
338.27655 	1704552.6
339.07816 	1683680.5
339.87976 	1662809
340.68136 	1641938.1
341.48297 	1621067.7
342.28457 	1600198
343.08617 	1579328.9
343.88778 	1558460.4
344.68938 	1537592.6
345.49098 	1516725.6
346.29259 	1495859.2
347.09419 	1474993.7
347.89579 	1454129
348.69739 	1433265.1
349.499 	1412402
350.3006 	1391539.9
351.1022 	1370678.8
351.90381 	1349818.6
352.70541 	1328959.5
353.50701 	1308101.4
354.30862 	1287244.5
355.11022 	1266388.6
355.91182 	1245533.9
356.71343 	1224680.4
357.51503 	1203828
358.31663 	1182976.9
359.11824 	1162127.1
359.91984 	1141278.4
360.72144 	1120431.1
361.52305 	1099584.9
362.32465 	1078740.1
363.12625 	1057896.4
363.92786 	1037054.1
364.72946 	1016212.9
365.53106 	995372.9
366.33267 	974534.1
367.13427 	953696.45
367.93587 	932859.92
368.73747 	912024.48
369.53908 	891190.11
370.34068 	870356.77
371.14228 	849524.42
371.94389 	828693.03
372.74549 	807862.56
373.54709 	787032.99
374.3487 	766204.28
375.1503 	745376.4
375.9519 	724549.32
376.75351 	703723
377.55511 	682897.42
379.15832 	641248.39
379.95992 	620424.88
381.56313 	578779.78
382.36473 	557958.15
383.16633 	537137.12
383.96794 	516316.65
384.76954 	495496.75
385.57114 	474677.38
386.37275 	453858.55
387.17435 	433040.23
387.97595 	412222.41
388.77756 	391405.07
389.57916 	370588.19
390.38076 	349771.76
391.18236 	328955.76
391.98397 	308140.16
392.78557 	287324.93
393.58717 	266510.06
394.38878 	245695.51
395.19038 	224881.26
395.99198 	204067.27
396.79359 	183253.51
397.59519 	162439.94
399.1984 	120813.23
400 	100506.93
