0 	9834909.1
6.4128257 	9713022.7
34.468938 	9119091.8
37.675351 	9039947.5
40.881764 	8960802.5
50.501002 	8723365
53.707415 	8644220.3
62.52505 	8426574.4
65.731463 	8347430.9
68.937876 	8268288.1
69.739479 	8248502.5
96.993988 	7575826.1
103.40681 	7417565.1
106.61323 	7338437.8
116.23246 	7101060.6
123.44689 	6923022
125.05 	6883459.1
125.8517 	6863673.7
128.25651 	6804324.3
131.46293 	6725190.3
151.50301 	6230584.1
153.90782 	6171230.9
156.31263 	6111877.7
159.51904 	6032740.3
166.73347 	5854682.5
169.13828 	5795330.3
175.5511 	5637059.1
176.35271 	5617275.3
187.57515 	5340307.4
190.78156 	5261176.2
200.4008 	5023794.3
201.2024 	5004013.4
202.00401 	4984232.7
202.80561 	4964452.1
203.60721 	4944671.7
204.40882 	4924891.4
205.21042 	4905111.3
206.01202 	4885331.4
206.81363 	4865551.6
207.61523 	4845772
208.41683 	4825992.5
209.21844 	4806213.2
210.02004 	4786434
210.82164 	4766654.9
211.62325 	4746876
212.42485 	4727097.2
213.22645 	4707318.6
214.02806 	4687540
214.82966 	4667761.6
215.63126 	4647983.3
216.43287 	4628205.1
217.23447 	4608427.1
218.03607 	4588649.1
219.63928 	4549093.4
220.44088 	4529315.6
221.24248 	4509538
222.04409 	4489760.4
222.84569 	4469982.9
223.64729 	4450205.5
224.4489 	4430428.2
225.2505 	4410650.9
226.0521 	4390873.6
227.65531 	4351319.4
228.45691 	4331542.3
229.25852 	4311765.3
230.86172 	4272211.5
231.66333 	4252434.7
232.46493 	4232657.9
234.06814 	4193104.5
234.86974 	4173327.9
235.67134 	4153551.3
236.47295 	4133774.8
237.27455 	4113998.4
238.07615 	4094222
238.87776 	4074445.7
239.67936 	4054669.5
240.48096 	4034893.3
241.28257 	4015117.2
242.08417 	3995341.1
242.88577 	3975565.1
243.68737 	3955789.2
244.48898 	3936013.4
245.29058 	3916237.7
246.09218 	3896462
246.89379 	3876686.4
247.69539 	3856910.8
248.49699 	3837135.4
249.2986 	3817360
250.1002 	3797584.8
250.9018 	3777809.6
251.70341 	3758034.5
252.50501 	3738259.5
253.30661 	3718484.5
254.10822 	3698709.7
254.90982 	3678934.9
255.71142 	3659160.3
256.51303 	3639385.7
257.31463 	3619611.2
258.11623 	3599836.8
258.91784 	3580062.6
259.71944 	3560288.3
260.52104 	3540514.2
261.32265 	3520740.2
262.12425 	3500966.3
262.92585 	3481192.5
263.72745 	3461418.7
264.52906 	3441645
265.33066 	3421871.5
266.13226 	3402098
266.93387 	3382324.6
267.73547 	3362551.3
268.53707 	3342778
269.33868 	3323004.9
270.14028 	3303231.8
270.94188 	3283458.9
271.74349 	3263685.9
272.54509 	3243913.1
273.34669 	3224140.4
274.1483 	3204367.7
274.9499 	3184595.1
274.95 	3184592.6
275.7515 	3164822.5
276.55311 	3145050
277.35471 	3125277.6
278.95792 	3085733
279.75952 	3065960.8
280.56112 	3046188.6
281.36273 	3026416.5
282.16433 	3006644.5
282.96593 	2986872.5
283.76754 	2967100.6
284.56914 	2947328.7
285.37074 	2927556.9
286.17234 	2907785.1
286.97395 	2888013.4
288.57715 	2848470
289.37876 	2828698.4
290.18036 	2808926.9
290.98196 	2789155.4
291.78357 	2769383.9
292.58517 	2749612.5
293.38677 	2729841.2
294.18838 	2710069.8
294.98998 	2690298.5
295.79158 	2670527.3
296.59319 	2650756.1
297.39479 	2630984.9
298.19639 	2611213.8
298.998 	2591442.7
299.7996 	2571671.7
300.6012 	2551900.7
301.40281 	2532129.7
302.20441 	2512358.8
303.00601 	2492587.9
303.80762 	2472817
304.60922 	2453046.2
306.21242 	2413504.6
307.01403 	2393733.9
307.81563 	2373963.2
308.61723 	2354192.6
309.41884 	2334421.9
310.22044 	2314651.3
311.02204 	2294880.7
311.82365 	2275110.2
312.62525 	2255339.6
313.42685 	2235569.1
314.22846 	2215798.5
315.03006 	2196028
315.83166 	2176257.5
316.63327 	2156487
317.43487 	2136716.5
318.23647 	2116946
319.03808 	2097175.5
319.83968 	2077405
320.64128 	2057634.5
321.44289 	2037863.9
322.24449 	2018093.4
323.04609 	1998322.8
323.8477 	1978552.1
324.6493 	1958781.5
325.4509 	1939010.8
326.25251 	1919240.1
327.05411 	1899469.3
327.85571 	1879698.4
328.65731 	1859927.5
329.45892 	1840156.6
330.26052 	1820385.6
331.06212 	1800614.5
331.86373 	1780843.4
332.66533 	1761072.1
333.46693 	1741300.8
334.26854 	1721529.5
335.07014 	1701758
335.87174 	1681986.5
336.67335 	1662214.8
337.47495 	1642443.1
338.27655 	1622671.3
339.07816 	1602899.4
339.87976 	1583127.4
340.68136 	1563355.3
341.48297 	1543583.1
342.28457 	1523810.8
343.08617 	1504038.3
343.88778 	1484265.8
344.68938 	1464493.2
345.49098 	1444720.5
346.29259 	1424947.6
347.09419 	1405174.7
347.89579 	1385401.7
348.69739 	1365628.5
349.499 	1345855.3
350.3006 	1326081.9
351.1022 	1306308.4
351.90381 	1286534.9
352.70541 	1266761.2
353.50701 	1246987.4
354.30862 	1227213.6
355.11022 	1207439.6
355.91182 	1187665.5
356.71343 	1167891.4
357.51503 	1148117.1
358.31663 	1128342.8
359.11824 	1108568.3
359.91984 	1088793.8
360.72144 	1069019.2
361.52305 	1049244.4
362.32465 	1029469.6
363.12625 	1009694.8
363.92786 	989919.81
364.72946 	970144.77
365.53106 	950369.65
366.33267 	930594.46
367.13427 	910819.19
367.93587 	891043.86
368.73747 	871268.45
369.53908 	851492.98
370.34068 	831717.44
371.14228 	811941.84
371.94389 	792166.18
372.74549 	772390.47
373.54709 	752614.69
374.3487 	732838.87
375.1503 	713062.99
375.9519 	693287.07
376.75351 	673511.1
377.55511 	653735.08
379.15832 	614182.93
379.95992 	594406.8
381.56313 	554854.45
382.36473 	535078.22
383.16633 	515301.98
383.96794 	495525.71
384.76954 	475749.42
385.57114 	455973.11
386.37275 	436196.79
387.17435 	416420.46
387.97595 	396644.11
388.77756 	376867.77
389.57916 	357091.42
390.38076 	337315.07
391.18236 	317538.72
391.98397 	297762.38
392.78557 	277986.05
393.58717 	258209.73
394.38878 	238433.43
395.19038 	218657.15
395.99198 	198880.88
396.79359 	179104.64
397.59519 	159328.43
399.1984 	119776.11
400 	100481.67
