0 	8723096.8
6.4128257 	8590575
34.468938 	8081615.6
37.675351 	7999856.4
40.881764 	7958194.7
50.501002 	7778216.5
53.707415 	7699820.9
62.52505 	7520316
65.731463 	7441895.8
68.937876 	7362689.3
69.739479 	7342673
96.993988 	6706345.3
103.40681 	6569740.4
106.61323 	6497172.8
116.23246 	6344081.7
123.44689 	6344407.3
125.05 	6344006.6
125.8517 	6343653.6
128.25651 	6342527.3
131.46293 	6341878.7
151.50301 	6335938.5
153.90782 	6334344.9
156.31263 	6332875.5
159.51904 	6331784.6
166.73347 	6293917.6
169.13828 	6230236.5
175.5511 	6059566.7
176.35271 	6038246
187.57515 	5739498.4
190.78156 	5654277.7
200.4008 	5399595.6
201.2024 	5378425.4
202.00401 	5357258.9
202.80561 	5336094.2
203.60721 	5314929.1
204.40882 	5293761.5
205.21042 	5272589.4
206.01202 	5251411.2
206.81363 	5230225.4
207.61523 	5209030.8
208.41683 	5187826.7
209.21844 	5166612.3
210.02004 	5145387.3
210.82164 	5124151.6
211.62325 	5102905.4
212.42485 	5081648.8
213.22645 	5060382.5
214.02806 	5039107.2
214.82966 	5017823.7
215.63126 	4996533.3
216.43287 	4975237
217.23447 	4953936
218.03607 	4932631.6
219.63928 	4890017.9
220.44088 	4868710.9
221.24248 	4847405.4
222.04409 	4826102.4
222.84569 	4804802.8
223.64729 	4783507.5
224.4489 	4762216.9
225.2505 	4740931.8
226.0521 	4719652.3
227.65531 	4677110.8
228.45691 	4655848.7
229.25852 	4634591.9
230.86172 	4592092.3
231.66333 	4570848.2
232.46493 	4549607
234.06814 	4507130.1
234.86974 	4485893
235.67134 	4464656
236.47295 	4443418.5
237.27455 	4422180.3
238.07615 	4400940.9
238.87776 	4379700.1
239.67936 	4358457.7
240.48096 	4337213.6
241.28257 	4315967.6
242.08417 	4294719.9
242.88577 	4273470.2
243.68737 	4252218.5
244.48898 	4230964.9
245.29058 	4209709.3
246.09218 	4188451.7
246.89379 	4167192.1
247.69539 	4145930.4
248.49699 	4124666.8
249.2986 	4103401.2
250.1002 	4082133.6
250.9018 	4060864.1
251.70341 	4039592.7
252.50501 	4018319.4
253.30661 	3997044.4
254.10822 	3975767.7
254.90982 	3954489.5
255.71142 	3933209.9
256.51303 	3911929.1
257.31463 	3890647.4
258.11623 	3869365.1
258.91784 	3848082.3
259.71944 	3826799.6
260.52104 	3805517.1
261.32265 	3784235.2
262.12425 	3762954.3
262.92585 	3741674.5
263.72745 	3720396.1
264.52906 	3699119.3
265.33066 	3677844.2
266.13226 	3656570.8
266.93387 	3635299.1
267.73547 	3614029.2
268.53707 	3592760.9
269.33868 	3571494.1
270.14028 	3550228.8
270.94188 	3528964.8
271.74349 	3507702.1
272.54509 	3486440.6
273.34669 	3465180.1
274.1483 	3443920.5
274.9499 	3422661.9
274.95 	3422659.3
275.7515 	3401404.2
276.55311 	3380147.2
277.35471 	3358890.9
278.95792 	3316380.3
279.75952 	3295125.7
280.56112 	3273871.5
281.36273 	3252617.6
282.16433 	3231363.7
282.96593 	3210109.9
283.76754 	3188855.8
284.56914 	3167601.3
285.37074 	3146346.3
286.17234 	3125090.6
286.97395 	3103834
288.57715 	3061317.7
289.37876 	3040057.6
290.18036 	3018796.1
290.98196 	2997533
291.78357 	2976268.4
292.58517 	2955002.1
293.38677 	2933734.2
294.18838 	2912464.5
294.98998 	2891193.1
295.79158 	2869919.9
296.59319 	2848645.2
297.39479 	2827368.8
298.19639 	2806090.8
298.998 	2784811.3
299.7996 	2763530.3
300.6012 	2742247.9
301.40281 	2720964.1
302.20441 	2699678.9
303.00601 	2678392.5
303.80762 	2657104.7
304.60922 	2635815.6
306.21242 	2593233.5
307.01403 	2571940.5
307.81563 	2550646
308.61723 	2529350.3
309.41884 	2508053.1
310.22044 	2486754.6
311.02204 	2465454.7
311.82365 	2444153.4
312.62525 	2422850.7
313.42685 	2401546.8
314.22846 	2380241.5
315.03006 	2358935.1
315.83166 	2337627.4
316.63327 	2316318.7
317.43487 	2295008.9
318.23647 	2273698.1
319.03808 	2252386.5
319.83968 	2231074
320.64128 	2209760.8
321.44289 	2188446.9
322.24449 	2167132.3
323.04609 	2145817.2
323.8477 	2124501.6
324.6493 	2103185.5
325.4509 	2081869.1
326.25251 	2060552.2
327.05411 	2039235.1
327.85571 	2017917.7
328.65731 	1996600.1
329.45892 	1975282.3
330.26052 	1953964.3
331.06212 	1932646.2
331.86373 	1911328
332.66533 	1890009.7
333.46693 	1868691.3
334.26854 	1847372.9
335.07014 	1826054.5
335.87174 	1804736.1
336.67335 	1783417.7
337.47495 	1762099.4
338.27655 	1740781.1
339.07816 	1719462.9
339.87976 	1698144.8
340.68136 	1676826.8
341.48297 	1655508.9
342.28457 	1634191.2
343.08617 	1612873.6
343.88778 	1591556.3
344.68938 	1570239.2
345.49098 	1548922.3
346.29259 	1527605.7
347.09419 	1506289.4
347.89579 	1484973.3
348.69739 	1463657.7
349.499 	1442342.3
350.3006 	1421027.4
351.1022 	1399712.9
351.90381 	1378398.8
352.70541 	1357085.1
353.50701 	1335771.9
354.30862 	1314459.2
355.11022 	1293147
355.91182 	1271835.4
356.71343 	1250524.2
357.51503 	1229213.6
358.31663 	1207903.5
359.11824 	1186593.9
359.91984 	1165284.8
360.72144 	1143976.3
361.52305 	1122668.2
362.32465 	1101360.6
363.12625 	1080053.4
363.92786 	1058746.7
364.72946 	1037440.3
365.53106 	1016134.3
366.33267 	994828.57
367.13427 	973523.16
367.93587 	952218.02
368.73747 	930913.12
369.53908 	909608.44
370.34068 	888303.94
371.14228 	866999.61
371.94389 	845695.43
372.74549 	824391.39
373.54709 	803087.46
374.3487 	781783.62
375.1503 	760479.87
375.9519 	739176.19
376.75351 	717872.56
377.55511 	696568.97
379.15832 	653961.8
379.95992 	632658.19
381.56313 	590050.78
382.36473 	568746.92
383.16633 	547442.93
383.96794 	526138.78
384.76954 	504834.44
385.57114 	483529.88
386.37275 	462225.08
387.17435 	440920
387.97595 	419614.64
388.77756 	398308.97
389.57916 	377002.99
390.38076 	355696.68
391.18236 	334390.04
391.98397 	313083.07
392.78557 	291775.79
393.58717 	270468.2
394.38878 	249160.32
395.19038 	227852.19
395.99198 	206543.83
396.79359 	185235.28
397.59519 	163926.57
399.1984 	121308.89
400 	100519.01
