0 	3836489
0.35183948 	3829141.1
0.70367896 	3821410.3
1.0555184 	3813681.8
1.4073579 	3805954.7
1.7591974 	3798228.8
2.1110369 	3790504.7
2.4628764 	3782781.1
2.8147158 	3775026.1
3.1665553 	3766955.4
3.5183948 	3756743.1
3.8702343 	3740246.6
4.2220737 	3728401.4
4.9257527 	3724660.6
5.6294317 	3724829.7
5.9812711 	3724954.7
6.3331106 	3724867.6
8.092308 	3724990.1
8.795987 	3725128.1
9.1478265 	3724831.3
10.203345 	3724680.2
10.907024 	3719944.4
11.258863 	3712460.4
11.610703 	3704734.3
11.962542 	3696996.6
12.666221 	3681519.8
13.018061 	3673781.4
13.3699 	3666042.8
13.72174 	3658304.2
14.777258 	3635088.1
15.480937 	3619610.5
15.832777 	3611871.6
16.536456 	3596394
17.591974 	3573177.5
18.647492 	3549961.2
19.351171 	3534483.6
19.703011 	3526744.9
20.05485 	3519006.1
20.40669 	3511267.4
20.758529 	3503528.6
21.462208 	3488051.1
22.165887 	3472573.5
22.869566 	3457095.9
23.573245 	3441618.2
23.925085 	3433879.3
24.276924 	3426140.5
24.628764 	3418401.6
25.332442 	3402923.8
25.684282 	3395184.9
26.387961 	3379707.1
26.7398 	3371968.2
27.09164 	3364229.3
27.443479 	3356490.4
27.795319 	3348751.6
28.147158 	3341012.7
28.850837 	3325535
29.202677 	3317796.3
29.554516 	3310057.5
29.906356 	3302318.7
30.258195 	3294580
30.610035 	3286841.3
30.961874 	3279102.7
31.665553 	3263625.4
32.017393 	3255886.9
32.369232 	3248148.3
32.721072 	3240409.8
33.072911 	3232671.4
33.424751 	3224933
33.77659 	3217194.6
34.128429 	3209456.2
34.480269 	3201717.9
34.832108 	3193979.6
35.183948 	3186241.3
35.535787 	3178503.1
35.887627 	3170764.9
36.239466 	3163026.7
36.591306 	3155288.6
37.294985 	3139812.4
37.646824 	3132074.3
37.998664 	3124336.3
38.702343 	3108860.3
39.406022 	3093384.4
39.757861 	3085646.4
41.165219 	3054694.9
41.517059 	3046957.1
41.868898 	3039219.3
42.220737 	3031481.5
42.924416 	3016005.9
43.276256 	3008268.2
43.628095 	3000530.5
43.979935 	2992792.7
44.683614 	2977317.4
45.035453 	2969579.7
45.387293 	2961842.1
46.090972 	2946366.8
46.442811 	2938629.2
47.14649 	2923154.1
47.49833 	2915416.5
48.202009 	2899941.5
48.553848 	2892204
49.257527 	2876729.1
49.609367 	2868991.6
49.961206 	2861254.2
50.313045 	2853516.8
50.664885 	2845779.5
51.016724 	2838042.1
51.720403 	2822567.5
52.072243 	2814830.2
52.424082 	2807092.9
52.775922 	2799355.7
53.127761 	2791618.4
54.18328 	2768406.9
54.535119 	2760669.8
54.886959 	2752932.6
55.238798 	2745195.5
55.590638 	2737458.5
55.942477 	2729721.4
56.997996 	2706510.4
57.349835 	2698773.4
57.701675 	2691036.4
58.053514 	2683299.5
58.405354 	2675562.6
58.757193 	2667825.7
59.109032 	2660088.8
59.460872 	2652351.9
60.164551 	2636878.2
60.51639 	2629141.4
60.86823 	2621404.6
61.220069 	2613667.8
61.571909 	2605931.1
61.923748 	2598194.3
62.275588 	2590457.6
62.627427 	2582720.9
62.979267 	2574984.2
63.331106 	2567247.5
63.682946 	2559510.8
64.034785 	2551774.2
64.386625 	2544037.5
64.738464 	2536300.9
65.442143 	2520827.7
65.793983 	2513091.1
66.497662 	2497617.9
67.55318 	2474408.3
68.256859 	2458935.3
68.608698 	2451198.8
69.312377 	2435725.9
70.016056 	2420253
70.367896 	2412516.6
70.719735 	2404780.2
71.071575 	2397043.8
71.423414 	2389307.5
72.830772 	2358362.1
73.182612 	2350625.8
73.534451 	2342889.5
73.886291 	2335153.3
74.941809 	2311944.6
75.293648 	2304208.4
75.645488 	2296472.2
75.997327 	2288736
77.052846 	2265527.7
77.404685 	2257791.6
77.756525 	2250055.5
78.460204 	2234583.4
78.812043 	2226847.4
79.163883 	2219111.4
80.219401 	2195903.5
81.27492 	2172695.8
81.626759 	2164960
81.978599 	2157224.1
82.330438 	2149488.3
82.682278 	2141752.5
83.034117 	2134016.7
83.385957 	2126281
83.737796 	2118545.2
84.089635 	2110809.5
84.441475 	2103073.8
85.496993 	2079866.8
86.552512 	2056660
86.904351 	2048924.5
89.015388 	2002511.5
89.367228 	1994776.1
90.070907 	1979305.3
90.422746 	1971569.9
90.774586 	1963834.5
91.126425 	1956099.2
91.478265 	1948363.9
91.830104 	1940628.6
92.533783 	1925158.1
93.237462 	1909687.6
93.589301 	1901952.4
93.941141 	1894217.2
94.29298 	1886482
96.052178 	1847806.4
96.404017 	1840071.4
96.755857 	1832336.3
97.459536 	1816866.3
97.811375 	1809131.3
98.163215 	1801396.3
98.515054 	1793661.3
99.922412 	1762721.6
100.27425 	1754986.7
100.62609 	1747251.8
101.32977 	1731782.2
102.03345 	1716312.5
102.38529 	1708577.7
103.79265 	1677638.8
104.14449 	1669904
104.49633 	1662169.3
105.2 	1646700
105.90368 	1631230.7
106.25552 	1623496.1
106.60736 	1615761.5
108.01472 	1584823.3
108.36656 	1577088.8
108.7184 	1569354.3
109.07024 	1561619.8
109.77392 	1546150.8
110.12576 	1538416.4
110.82944 	1522947.5
111.18128 	1515213.1
111.53311 	1507478.8
111.88495 	1499744.4
112.58863 	1484275.7
112.94047 	1476541.4
113.29231 	1468807
113.64415 	1461072.7
113.99599 	1453338.5
114.34783 	1445604.2
114.69967 	1437869.9
115.05151 	1430135.7
115.40335 	1422401.5
115.75519 	1414667.2
116.45887 	1399198.9
116.81071 	1391464.7
117.16255 	1383730.5
117.51439 	1375996.4
118.21806 	1360528.1
118.5699 	1352794
118.92174 	1345059.9
119.27358 	1337325.9
119.62542 	1329591.8
119.97726 	1321857.7
120.3291 	1314123.7
120.68094 	1306389.7
121.03278 	1298655.6
121.38462 	1290921.6
121.73646 	1283187.6
122.0883 	1275453.7
122.79198 	1259985.7
123.14382 	1252251.8
123.49566 	1244517.9
123.8475 	1236783.9
124.19934 	1229050
124.55118 	1221316.1
124.90302 	1213582.3
125.25485 	1205848.4
125.60669 	1198114.5
126.66221 	1174913
127.01405 	1167179.2
127.36589 	1159445.4
127.71773 	1151711.6
128.06957 	1143977.8
128.42141 	1136244
128.77325 	1128510.2
129.12509 	1120776.5
129.47693 	1113042.7
130.18061 	1097575.2
130.53245 	1089841.5
130.88429 	1082107.8
131.23613 	1074374.1
132.29164 	1051173.1
132.64348 	1043439.4
132.99532 	1035705.7
133.699 	1020238.5
134.05084 	1012504.8
134.40268 	1004771.2
134.75452 	997037.59
135.4582 	981570.39
135.81004 	973836.81
136.16188 	966103.23
136.51372 	958369.65
136.86556 	950636.09
137.56924 	935168.99
137.92108 	927435.45
138.27292 	919701.91
138.97659 	904234.87
139.68027 	888767.86
140.03211 	881034.36
140.38395 	873300.87
140.73579 	865567.39
141.08763 	857833.91
141.43947 	850100.45
141.79131 	842366.98
142.14315 	834633.53
142.49499 	826900.08
142.84683 	819166.64
144.25419 	788232.95
145.3097 	765032.74
145.66154 	757299.36
146.01338 	749565.97
146.36522 	741832.6
146.71706 	734099.23
147.0689 	726365.87
147.42074 	718632.51
148.12442 	703165.81
148.8281 	687699.14
149.17994 	679965.82
149.88362 	664499.18
150.23546 	656765.87
150.5873 	649032.57
151.29098 	633565.98
151.99465 	618099.42
152.69833 	602632.88
153.05017 	594899.62
153.40201 	587166.36
153.75385 	579433.11
154.45753 	563966.63
154.80937 	556233.4
155.16121 	548500.17
155.51305 	540766.95
155.86489 	533033.74
156.21673 	525300.53
156.56857 	517567.33
157.62409 	494367.75
157.97593 	486634.57
158.32777 	478901.39
158.67961 	471168.23
159.03144 	463435.06
159.38328 	455701.91
159.73512 	447968.75
160.08696 	440235.61
160.4388 	432502.47
160.79064 	424769.33
161.14248 	417036.21
161.49432 	409303.08
161.84616 	401569.97
162.90168 	378370.65
163.25352 	370637.56
163.9572 	355171.39
164.30904 	347438.31
164.66088 	339705.25
165.01272 	331972.18
165.71639 	316506.08
166.06823 	308773.03
167.12375 	285573.93
167.47559 	277840.91
167.82743 	270107.9
168.17927 	262374.9
168.53111 	254641.89
169.23479 	239175.91
169.58663 	231442.93
169.93847 	223709.96
170.64215 	208244.03
170.99399 	200511.08
171.34583 	192778.13
171.69767 	185045.19
172.04951 	177312.26
172.40134 	169579.33
172.75318 	161846.42
173.10502 	154113.5
174.16054 	130914.81
174.51238 	123181.93
174.86422 	115449.06
