0 	9785780.9
6.4128257 	9667164.4
34.468938 	9131060.3
37.675351 	9051813.8
40.881764 	8972570.8
50.501002 	8734841.9
53.707415 	8655598.4
62.52505 	8437683.4
65.731463 	8358441.3
68.937876 	8279197.3
69.739479 	8259385.9
96.993988 	7585710.1
103.40681 	7427191.1
106.61323 	7347929.3
116.23246 	7110126.1
123.44689 	6931755.7
125.05 	6892119
125.8517 	6872296.8
128.25651 	6812837.2
131.46293 	6733557.3
151.50301 	6238050
153.90782 	6178587.3
156.31263 	6119124.4
159.51904 	6039840.6
166.73347 	5861455.8
169.13828 	5801996.4
175.5511 	5643446.2
176.35271 	5623628.3
187.57515 	5346199.1
190.78156 	5266939.6
200.4008 	5029172.1
201.2024 	5009358.8
202.00401 	4989545.6
202.80561 	4969732.5
203.60721 	4949919.6
204.40882 	4930106.7
205.21042 	4910294
206.01202 	4890481.4
206.81363 	4870668.9
207.61523 	4850856.6
208.41683 	4831044.4
209.21844 	4811232.3
210.02004 	4791420.4
210.82164 	4771608.7
211.62325 	4751797.1
212.42485 	4731985.6
213.22645 	4712174.3
214.02806 	4692363.2
214.82966 	4672552.3
215.63126 	4652741.5
216.43287 	4632930.9
217.23447 	4613120.5
218.03607 	4593310.3
219.63928 	4553690.3
220.44088 	4533880.6
221.24248 	4514071.1
222.04409 	4494261.8
222.84569 	4474452.6
223.64729 	4454643.6
224.4489 	4434834.8
225.2505 	4415026.2
226.0521 	4395217.7
227.65531 	4355601.3
228.45691 	4335793.4
229.25852 	4315985.6
230.86172 	4276370.5
231.66333 	4256563.2
232.46493 	4236756
234.06814 	4197142.2
234.86974 	4177335.5
235.67134 	4157529
236.47295 	4137722.6
237.27455 	4117916.3
238.07615 	4098110.3
238.87776 	4078304.3
239.67936 	4058498.5
240.48096 	4038692.9
241.28257 	4018887.4
242.08417 	3999082
242.88577 	3979276.8
243.68737 	3959471.8
244.48898 	3939666.9
245.29058 	3919862.1
246.09218 	3900057.5
246.89379 	3880253.1
247.69539 	3860448.8
248.49699 	3840644.6
249.2986 	3820840.6
250.1002 	3801036.8
250.9018 	3781233.1
251.70341 	3761429.6
252.50501 	3741626.2
253.30661 	3721823
254.10822 	3702020
254.90982 	3682217.1
255.71142 	3662414.3
256.51303 	3642611.7
257.31463 	3622809.3
258.11623 	3603007
258.91784 	3583204.9
259.71944 	3563402.9
260.52104 	3543601.1
261.32265 	3523799.4
262.12425 	3503997.9
262.92585 	3484196.5
263.72745 	3464395.2
264.52906 	3444594.1
265.33066 	3424793.1
266.13226 	3404992.3
266.93387 	3385191.6
267.73547 	3365391.1
268.53707 	3345590.6
269.33868 	3325790.3
270.14028 	3305990.2
270.94188 	3286190.1
271.74349 	3266390.2
272.54509 	3246590.5
273.34669 	3226790.8
274.1483 	3206991.3
274.9499 	3187191.9
274.95 	3187189.4
275.7515 	3167392.6
276.55311 	3147593.5
277.35471 	3127794.5
278.95792 	3088196.9
279.75952 	3068398.3
280.56112 	3048599.8
281.36273 	3028801.4
282.16433 	3009003.2
282.96593 	2989205.1
283.76754 	2969407.2
284.56914 	2949609.4
285.37074 	2929811.7
286.17234 	2910014.2
286.97395 	2890216.8
288.57715 	2850622.4
289.37876 	2830825.4
290.18036 	2811028.6
290.98196 	2791231.9
291.78357 	2771435.3
292.58517 	2751638.9
293.38677 	2731842.6
294.18838 	2712046.5
294.98998 	2692250.5
295.79158 	2672454.7
296.59319 	2652658.9
297.39479 	2632863.4
298.19639 	2613067.9
298.998 	2593272.6
299.7996 	2573477.4
300.6012 	2553682.3
301.40281 	2533887.4
302.20441 	2514092.6
303.00601 	2494298
303.80762 	2474503.4
304.60922 	2454709
306.21242 	2415120.5
307.01403 	2395326.4
307.81563 	2375532.5
308.61723 	2355738.6
309.41884 	2335944.9
310.22044 	2316151.3
311.02204 	2296357.8
311.82365 	2276564.4
312.62525 	2256771.1
313.42685 	2236978
314.22846 	2217184.9
315.03006 	2197392
315.83166 	2177599.2
316.63327 	2157806.5
317.43487 	2138013.9
318.23647 	2118221.4
319.03808 	2098429.1
319.83968 	2078636.9
320.64128 	2058844.8
321.44289 	2039052.8
322.24449 	2019260.9
323.04609 	1999469.2
323.8477 	1979677.6
324.6493 	1959886.1
325.4509 	1940094.7
326.25251 	1920303.5
327.05411 	1900512.4
327.85571 	1880721.5
328.65731 	1860930.7
329.45892 	1841140
330.26052 	1821349.4
331.06212 	1801559
331.86373 	1781768.8
332.66533 	1761978.6
333.46693 	1742188.7
334.26854 	1722398.8
335.07014 	1702609.1
335.87174 	1682819.5
336.67335 	1663030.1
337.47495 	1643240.8
338.27655 	1623451.6
339.07816 	1603662.6
339.87976 	1583873.7
340.68136 	1564084.9
341.48297 	1544296.3
342.28457 	1524507.8
343.08617 	1504719.4
343.88778 	1484931.2
344.68938 	1465143.1
345.49098 	1445355.1
346.29259 	1425567.2
347.09419 	1405779.4
347.89579 	1385991.8
348.69739 	1366204.3
349.499 	1346416.9
350.3006 	1326629.7
351.1022 	1306842.5
351.90381 	1287055.5
352.70541 	1267268.6
353.50701 	1247481.8
354.30862 	1227695.1
355.11022 	1207908.6
355.91182 	1188122.1
356.71343 	1168335.8
357.51503 	1148549.6
358.31663 	1128763.5
359.11824 	1108977.5
359.91984 	1089191.6
360.72144 	1069405.9
361.52305 	1049620.2
362.32465 	1029834.7
363.12625 	1010049.3
363.92786 	990263.99
364.72946 	970478.79
365.53106 	950693.7
366.33267 	930908.72
367.13427 	911123.84
367.93587 	891339.07
368.73747 	871554.4
369.53908 	851769.82
370.34068 	831985.35
371.14228 	812200.96
371.94389 	792416.67
372.74549 	772632.47
373.54709 	752848.35
374.3487 	733064.31
375.1503 	713280.35
375.9519 	693496.46
376.75351 	673712.65
377.55511 	653928.9
379.15832 	614361.59
379.95992 	594578.02
381.56313 	555011.03
382.36473 	535227.6
383.16633 	515444.22
383.96794 	495660.88
384.76954 	475877.57
385.57114 	456094.29
386.37275 	436311.05
387.17435 	416527.84
387.97595 	396744.65
388.77756 	376961.49
389.57916 	357178.36
390.38076 	337395.25
391.18236 	317612.16
391.98397 	297829.1
392.78557 	278046.06
393.58717 	258263.05
394.38878 	238480.07
395.19038 	218697.11
395.99198 	198914.18
396.79359 	179131.28
397.59519 	159348.41
399.1984 	119782.78
400 	100481.84
