0 	9239614.2
6.4128257 	9137090.7
34.468938 	8607180.2
37.675351 	8542281.2
40.881764 	8465224
50.501002 	8247728.9
53.707415 	8179452.6
62.52505 	7965671.9
65.731463 	7885016.1
68.937876 	7804528.5
69.739479 	7793082.1
96.993988 	7766952.7
103.40681 	7612264.7
106.61323 	7531136.7
116.23246 	7287672.3
123.44689 	7104753.4
125.05 	7064068.4
125.8517 	7043718.5
128.25651 	6982666.9
131.46293 	6901258.5
151.50301 	6393274.6
153.90782 	6332403.2
156.31263 	6271536
159.51904 	6190377.8
166.73347 	6007708.8
169.13828 	5946791
175.5511 	5784292.6
176.35271 	5763978
187.57515 	5479620.5
190.78156 	5398396.5
200.4008 	5154726.3
201.2024 	5134418.1
202.00401 	5114109.2
202.80561 	5093799.6
203.60721 	5073489.2
204.40882 	5053177.9
205.21042 	5032865.7
206.01202 	5012552.6
206.81363 	4992238.5
207.61523 	4971923.4
208.41683 	4951607.3
209.21844 	4931290.3
210.02004 	4910972.4
210.82164 	4890653.8
211.62325 	4870334.4
212.42485 	4850014.4
213.22645 	4829694
214.02806 	4809373.3
214.82966 	4789052.5
215.63126 	4768731.8
216.43287 	4748411.5
217.23447 	4728091.7
218.03607 	4707772.7
219.63928 	4667137.7
220.44088 	4646822.2
221.24248 	4626508.3
222.04409 	4606196.1
222.84569 	4585885.7
223.64729 	4565577.3
224.4489 	4545270.9
225.2505 	4524966.7
226.0521 	4504664.5
227.65531 	4464066.5
228.45691 	4443770.6
229.25852 	4423476.5
230.86172 	4382893.8
231.66333 	4362604.8
232.46493 	4342317.1
234.06814 	4301745.4
234.86974 	4281460.9
235.67134 	4261177.2
236.47295 	4240894.1
237.27455 	4220611.4
238.07615 	4200329.2
238.87776 	4180047.2
239.67936 	4159765.5
240.48096 	4139483.9
241.28257 	4119202.6
242.08417 	4098921.3
242.88577 	4078640.2
243.68737 	4058359.3
244.48898 	4038078.5
245.29058 	4017798
246.09218 	3997517.7
246.89379 	3977237.7
247.69539 	3956958
248.49699 	3936678.6
249.2986 	3916399.4
250.1002 	3896120.5
250.9018 	3875841.9
251.70341 	3855563.4
252.50501 	3835285
253.30661 	3815006.7
254.10822 	3794728.3
254.90982 	3774449.8
255.71142 	3754171
256.51303 	3733891.9
257.31463 	3713612.3
258.11623 	3693332.3
258.91784 	3673051.6
259.71944 	3652770.3
260.52104 	3632488.3
261.32265 	3612205.5
262.12425 	3591921.9
262.92585 	3571637.5
263.72745 	3551352.4
264.52906 	3531066.5
265.33066 	3510779.9
266.13226 	3490492.5
266.93387 	3470204.6
267.73547 	3449916
268.53707 	3429626.9
269.33868 	3409337.3
270.14028 	3389047.2
270.94188 	3368756.8
271.74349 	3348465.9
272.54509 	3328174.8
273.34669 	3307883.2
274.1483 	3287591.4
274.9499 	3267299.1
274.95 	3267296.6
275.7515 	3247006.6
276.55311 	3226713.6
277.35471 	3206420.2
278.95792 	3165831.9
279.75952 	3145536.9
280.56112 	3125241.3
281.36273 	3104945
282.16433 	3084648
282.96593 	3064350.2
283.76754 	3044051.6
284.56914 	3023752.1
285.37074 	3003451.7
286.17234 	2983150.4
286.97395 	2962848.1
288.57715 	2922240.8
289.37876 	2901935.7
290.18036 	2881629.6
290.98196 	2861322.7
291.78357 	2841014.8
292.58517 	2820706.1
293.38677 	2800396.6
294.18838 	2780086.2
294.98998 	2759775.2
295.79158 	2739463.5
296.59319 	2719151.1
297.39479 	2698838.1
298.19639 	2678524.6
298.998 	2658210.6
299.7996 	2637896.2
300.6012 	2617581.4
301.40281 	2597266.3
302.20441 	2576950.9
303.00601 	2556635.3
303.80762 	2536319.4
304.60922 	2516003.4
306.21242 	2475371
307.01403 	2455054.7
307.81563 	2434738.4
308.61723 	2414422
309.41884 	2394105.5
310.22044 	2373789.1
311.02204 	2353472.7
311.82365 	2333156.3
312.62525 	2312840
313.42685 	2292523.6
314.22846 	2272207.3
315.03006 	2251891.1
315.83166 	2231574.9
316.63327 	2211258.7
317.43487 	2190942.6
318.23647 	2170626.5
319.03808 	2150310.5
319.83968 	2129994.6
320.64128 	2109678.7
321.44289 	2089362.9
322.24449 	2069047.1
323.04609 	2048731.5
323.8477 	2028416
324.6493 	2008100.5
325.4509 	1987785.3
326.25251 	1967470.1
327.05411 	1947155.1
327.85571 	1926840.3
328.65731 	1906525.7
329.45892 	1886211.3
330.26052 	1865897.1
331.06212 	1845583.2
331.86373 	1825269.5
332.66533 	1804956.2
333.46693 	1784643.1
334.26854 	1764330.4
335.07014 	1744018
335.87174 	1723706
336.67335 	1703394.4
337.47495 	1683083.1
338.27655 	1662772.3
339.07816 	1642462
339.87976 	1622152.1
340.68136 	1601842.7
341.48297 	1581533.7
342.28457 	1561225.3
343.08617 	1540917.4
343.88778 	1520610
344.68938 	1500303.1
345.49098 	1479996.7
346.29259 	1459691
347.09419 	1439385.7
347.89579 	1419081
348.69739 	1398776.9
349.499 	1378473.3
350.3006 	1358170.3
351.1022 	1337867.8
351.90381 	1317565.9
352.70541 	1297264.5
353.50701 	1276963.7
354.30862 	1256663.4
355.11022 	1236363.6
355.91182 	1216064.3
356.71343 	1195765.6
357.51503 	1175467.3
358.31663 	1155169.6
359.11824 	1134872.3
359.91984 	1114575.5
360.72144 	1094279.1
361.52305 	1073983.1
362.32465 	1053687.6
363.12625 	1033392.4
363.92786 	1013097.7
364.72946 	992803.27
365.53106 	972509.23
366.33267 	952215.52
367.13427 	931922.12
367.93587 	911629.01
368.73747 	891336.18
369.53908 	871043.6
370.34068 	850751.27
371.14228 	830459.16
371.94389 	810167.25
372.74549 	789875.53
373.54709 	769583.98
374.3487 	749292.58
375.1503 	729001.32
375.9519 	708710.19
376.75351 	688419.17
377.55511 	668128.25
379.15832 	627546.65
379.95992 	607255.96
381.56313 	566674.75
382.36473 	546384.22
383.16633 	526093.72
383.96794 	505803.27
384.76954 	485512.84
385.57114 	465222.44
386.37275 	444932.07
387.17435 	424641.73
387.97595 	404351.41
388.77756 	384061.11
389.57916 	363770.84
390.38076 	343480.6
391.18236 	323190.38
391.98397 	302900.19
392.78557 	282610.03
393.58717 	262319.89
394.38878 	242029.79
395.19038 	221739.71
395.99198 	201449.67
396.79359 	181159.67
397.59519 	160869.7
399.1984 	120289.86
400 	100494.19
