0 	3836493.4
0.35183948 	3829275.6
0.70367896 	3821685
1.0555184 	3814094.5
1.4073579 	3806503.9
1.7591974 	3798913.3
2.1110369 	3791322.7
2.4628764 	3783732.1
2.8147158 	3776141.4
3.1665553 	3768551.3
3.5183948 	3760982.4
3.8702343 	3753468.4
4.2220737 	3745977
4.9257527 	3731711
5.6294317 	3718947.7
5.9812711 	3712346.9
6.3331106 	3704618.8
8.092308 	3670238
8.795987 	3668406.7
9.1478265 	3668346.7
10.203345 	3668221.4
10.907024 	3668130.7
11.258863 	3668071.3
11.610703 	3668002.7
11.962542 	3667924.8
12.666221 	3667828.7
13.018061 	3667893.9
13.3699 	3667859
13.72174 	3667797
14.777258 	3657505.2
15.480937 	3641960.7
15.832777 	3634175.5
16.536456 	3618605.3
17.591974 	3595250.3
18.647492 	3571895.9
19.351171 	3556326.6
19.703011 	3548542
20.05485 	3540757.5
20.40669 	3532973
20.758529 	3525188.6
21.462208 	3509619.9
22.165887 	3494051.3
22.869566 	3478482.7
23.573245 	3462914.3
23.925085 	3455130.1
24.276924 	3447345.9
24.628764 	3439561.6
25.332442 	3423993.3
25.684282 	3416209.1
26.387961 	3400640.7
26.7398 	3392856.5
27.09164 	3385072.4
27.443479 	3377288.2
27.795319 	3369504
28.147158 	3361719.8
28.850837 	3346151.5
29.202677 	3338367.3
29.554516 	3330583.1
29.906356 	3322799
30.258195 	3315014.8
30.610035 	3307230.6
30.961874 	3299446.4
31.665553 	3283877.9
32.017393 	3276093.7
32.369232 	3268309.4
32.721072 	3260525.2
33.072911 	3252740.9
33.424751 	3244956.6
33.77659 	3237172.2
34.128429 	3229387.9
34.480269 	3221603.5
34.832108 	3213819.1
35.183948 	3206034.7
35.535787 	3198250.2
35.887627 	3190465.7
36.239466 	3182681.2
36.591306 	3174896.7
37.294985 	3159327.5
37.646824 	3151542.8
37.998664 	3143758.2
38.702343 	3128188.7
39.406022 	3112619.1
39.757861 	3104834.2
41.165219 	3073694.4
41.517059 	3065909.3
41.868898 	3058124.2
42.220737 	3050339.1
42.924416 	3034768.7
43.276256 	3026983.5
43.628095 	3019198.2
43.979935 	3011412.9
44.683614 	2995842.2
45.035453 	2988056.8
45.387293 	2980271.4
46.090972 	2964700.4
46.442811 	2956914.9
47.14649 	2941343.8
47.49833 	2933558.2
48.202009 	2917987
48.553848 	2910201.4
49.257527 	2894630.1
49.609367 	2886844.4
49.961206 	2879058.7
50.313045 	2871273
50.664885 	2863487.3
51.016724 	2855701.6
51.720403 	2840130.3
52.072243 	2832344.6
52.424082 	2824558.9
52.775922 	2816773.2
53.127761 	2808987.5
54.18328 	2785630.5
54.535119 	2777844.8
54.886959 	2770059.2
55.238798 	2762273.6
55.590638 	2754488
55.942477 	2746702.4
56.997996 	2723345.8
57.349835 	2715560.4
57.701675 	2707774.9
58.053514 	2699989.5
58.405354 	2692204
58.757193 	2684418.7
59.109032 	2676633.3
59.460872 	2668848
60.164551 	2653277.4
60.51639 	2645492.2
60.86823 	2637707
61.220069 	2629921.8
61.571909 	2622136.7
61.923748 	2614351.6
62.275588 	2606566.5
62.627427 	2598781.5
62.979267 	2590996.5
63.331106 	2583211.5
63.682946 	2575426.5
64.034785 	2567641.6
64.386625 	2559856.7
64.738464 	2552071.8
65.442143 	2536502.2
65.793983 	2528717.4
66.497662 	2513147.8
67.55318 	2489793.6
68.256859 	2474224.3
68.608698 	2466439.6
69.312377 	2450870.3
70.016056 	2435301
70.367896 	2427516.4
70.719735 	2419731.8
71.071575 	2411947.1
71.423414 	2404162.5
72.830772 	2373023.9
73.182612 	2365239.3
73.534451 	2357454.6
73.886291 	2349669.9
74.941809 	2326315.8
75.293648 	2318531.1
75.645488 	2310746.3
75.997327 	2302961.6
77.052846 	2279607.2
77.404685 	2271822.4
77.756525 	2264037.6
78.460204 	2248467.9
78.812043 	2240683
79.163883 	2232898.1
80.219401 	2209543.2
81.27492 	2186188.3
81.626759 	2178403.3
81.978599 	2170618.2
82.330438 	2162833.2
82.682278 	2155048.1
83.034117 	2147263
83.385957 	2139478
83.737796 	2131692.9
84.089635 	2123907.7
84.441475 	2116122.6
85.496993 	2092767.2
86.552512 	2069411.7
86.904351 	2061626.5
89.015388 	2014915.4
89.367228 	2007130.2
90.070907 	1991559.8
90.422746 	1983774.6
90.774586 	1975989.4
91.126425 	1968204.2
91.478265 	1960419.1
91.830104 	1952633.9
92.533783 	1937063.5
93.237462 	1921493.2
93.589301 	1913708
93.941141 	1905922.9
94.29298 	1898137.8
96.052178 	1859212.2
96.404017 	1851427.1
96.755857 	1843642
97.459536 	1828071.9
97.811375 	1820286.8
98.163215 	1812501.8
98.515054 	1804716.8
99.922412 	1773576.8
100.27425 	1765791.8
100.62609 	1758006.8
101.32977 	1742436.9
102.03345 	1726867.1
102.38529 	1719082.2
103.79265 	1687942.6
104.14449 	1680157.8
104.49633 	1672372.9
105.2 	1656803.2
105.90368 	1641233.6
106.25552 	1633448.8
106.60736 	1625664
108.01472 	1594524.9
108.36656 	1586740.2
108.7184 	1578955.4
109.07024 	1571170.7
109.77392 	1555601.2
110.12576 	1547816.5
110.82944 	1532247.1
111.18128 	1524462.4
111.53311 	1516677.7
111.88495 	1508893
112.58863 	1493323.6
112.94047 	1485538.9
113.29231 	1477754.2
113.64415 	1469969.5
113.99599 	1462184.9
114.34783 	1454400.2
114.69967 	1446615.5
115.05151 	1438830.9
115.40335 	1431046.2
115.75519 	1423261.5
116.45887 	1407692.2
116.81071 	1399907.6
117.16255 	1392122.9
117.51439 	1384338.3
118.21806 	1368769
118.5699 	1360984.3
118.92174 	1353199.7
119.27358 	1345415
119.62542 	1337630.4
119.97726 	1329845.7
120.3291 	1322061.1
120.68094 	1314276.4
121.03278 	1306491.8
121.38462 	1298707.1
121.73646 	1290922.5
122.0883 	1283137.8
122.79198 	1267568.5
123.14382 	1259783.9
123.49566 	1251999.2
123.8475 	1244214.6
124.19934 	1236429.9
124.55118 	1228645.3
124.90302 	1220860.6
125.25485 	1213076
125.60669 	1205291.3
126.66221 	1181937.4
127.01405 	1174152.8
127.36589 	1166368.2
127.71773 	1158583.5
128.06957 	1150798.9
128.42141 	1143014.3
128.77325 	1135229.6
129.12509 	1127445
129.47693 	1119660.4
130.18061 	1104091.1
130.53245 	1096306.5
130.88429 	1088521.9
131.23613 	1080737.3
132.29164 	1057383.5
132.64348 	1049598.9
132.99532 	1041814.4
133.699 	1026245.2
134.05084 	1018460.6
134.40268 	1010676.1
134.75452 	1002891.5
135.4582 	987322.45
135.81004 	979537.92
136.16188 	971753.39
136.51372 	963968.88
136.86556 	956184.37
137.56924 	940615.37
137.92108 	932830.89
138.27292 	925046.41
138.97659 	909477.49
139.68027 	893908.6
140.03211 	886124.17
140.38395 	878339.75
140.73579 	870555.34
141.08763 	862770.94
141.43947 	854986.55
141.79131 	847202.17
142.14315 	839417.8
142.49499 	831633.44
142.84683 	823849.1
144.25419 	792711.82
145.3097 	769358.98
145.66154 	761574.73
146.01338 	753790.48
146.36522 	746006.25
146.71706 	738222.03
147.0689 	730437.82
147.42074 	722653.62
148.12442 	707085.27
148.8281 	691516.96
149.17994 	683732.82
149.88362 	668164.58
150.23546 	660380.48
150.5873 	652596.39
151.29098 	637028.25
151.99465 	621460.15
152.69833 	605892.11
153.05017 	598108.1
153.40201 	590324.1
153.75385 	582540.12
154.45753 	566972.18
154.80937 	559188.23
155.16121 	551404.29
155.51305 	543620.36
155.86489 	535836.45
156.21673 	528052.54
156.56857 	520268.64
157.62409 	496917.01
157.97593 	489133.15
158.32777 	481349.31
158.67961 	473565.47
159.03144 	465781.64
159.38328 	457997.83
159.73512 	450214.02
160.08696 	442430.22
160.4388 	434646.43
160.79064 	426862.65
161.14248 	419078.88
161.49432 	411295.11
161.84616 	403511.36
162.90168 	380160.15
163.25352 	372376.43
163.9572 	356809.01
164.30904 	349025.32
164.66088 	341241.63
165.01272 	333457.95
165.71639 	317890.62
166.06823 	310106.96
167.12375 	286756.04
167.47559 	278972.41
167.82743 	271188.79
168.17927 	263405.18
168.53111 	255621.58
169.23479 	240054.39
169.58663 	232270.81
169.93847 	224487.24
170.64215 	208920.11
170.99399 	201136.56
171.34583 	193353.02
171.69767 	185569.48
172.04951 	177785.95
172.40134 	170002.43
172.75318 	162218.91
173.10502 	154435.41
174.16054 	131084.93
174.51238 	123301.45
174.86422 	115517.93
