0 	9394024.7
6.4128257 	9300001.1
34.468938 	8688214
37.675351 	8621668.7
40.881764 	8556266.9
50.501002 	8401952.5
53.707415 	8401115.7
62.52505 	8398656.2
65.731463 	8398568
68.937876 	8397174.5
69.739479 	8395886.9
96.993988 	7754666.8
103.40681 	7592551.5
106.61323 	7511473.6
116.23246 	7268105.6
123.44689 	7085471.6
125.05 	7044881.5
125.8517 	7024581.6
128.25651 	6963686.1
131.46293 	6882487.4
151.50301 	6375211.8
153.90782 	6314375
156.31263 	6253540
159.51904 	6172422.1
166.73347 	5989871.2
169.13828 	5929022.5
175.5511 	5766848
176.35271 	5746590
187.57515 	5463361
190.78156 	5382542.7
200.4008 	5140139.8
201.2024 	5119935.9
202.00401 	5099731.2
202.80561 	5079525.5
203.60721 	5059318.9
204.40882 	5039111.5
205.21042 	5018903.3
206.01202 	4998694.4
206.81363 	4978484.9
207.61523 	4958274.9
208.41683 	4938064.5
209.21844 	4917853.8
210.02004 	4897642.8
210.82164 	4877431.7
211.62325 	4857220.5
212.42485 	4837009.3
213.22645 	4816798.1
214.02806 	4796587
214.82966 	4776376.1
215.63126 	4756165.2
216.43287 	4735954.5
217.23447 	4715744
218.03607 	4695533.6
219.63928 	4655113.1
220.44088 	4634903
221.24248 	4614692.8
222.04409 	4594482.7
222.84569 	4574272.4
223.64729 	4554062
224.4489 	4533851.4
225.2505 	4513640.6
226.0521 	4493429.4
227.65531 	4453006.1
228.45691 	4432793.8
229.25852 	4412581
230.86172 	4372153.9
231.66333 	4351939.5
232.46493 	4331724.5
234.06814 	4291292.9
234.86974 	4271076.2
235.67134 	4250858.9
236.47295 	4230641
237.27455 	4210422.5
238.07615 	4190203.4
238.87776 	4169983.8
239.67936 	4149763.6
240.48096 	4129542.8
241.28257 	4109321.5
242.08417 	4089099.5
242.88577 	4068877.1
243.68737 	4048654
244.48898 	4028430.4
245.29058 	4008206.2
246.09218 	3987981.4
246.89379 	3967755.9
247.69539 	3947529.8
248.49699 	3927303
249.2986 	3907075.6
250.1002 	3886847.4
250.9018 	3866618.6
251.70341 	3846389
252.50501 	3826158.6
253.30661 	3805927.5
254.10822 	3785695.5
254.90982 	3765462.8
255.71142 	3745229.2
256.51303 	3724994.8
257.31463 	3704759.6
258.11623 	3684523.5
258.91784 	3664286.5
259.71944 	3644048.6
260.52104 	3623809.8
261.32265 	3603570.1
262.12425 	3583329.5
262.92585 	3563088
263.72745 	3542845.5
264.52906 	3522602
265.33066 	3502357.6
266.13226 	3482112.2
266.93387 	3461865.8
267.73547 	3441618.5
268.53707 	3421370.1
269.33868 	3401120.7
270.14028 	3380870.3
270.94188 	3360618.9
271.74349 	3340366.5
272.54509 	3320113.1
273.34669 	3299858.8
274.1483 	3279603.5
274.9499 	3259347.3
274.95 	3259344.8
275.7515 	3239090.2
276.55311 	3218832.1
277.35471 	3198573.3
278.95792 	3158053
279.75952 	3137791.8
280.56112 	3117529.8
281.36273 	3097267.1
282.16433 	3077003.7
282.96593 	3056739.8
283.76754 	3036475.2
284.56914 	3016210.1
285.37074 	2995944.4
286.17234 	2975678.3
286.97395 	2955411.7
288.57715 	2914877.3
289.37876 	2894609.5
290.18036 	2874341.4
290.98196 	2854073
291.78357 	2833804.3
292.58517 	2813535.3
293.38677 	2793266
294.18838 	2772996.5
294.98998 	2752726.8
295.79158 	2732456.9
296.59319 	2712186.8
297.39479 	2691916.4
298.19639 	2671645.9
298.998 	2651375.3
299.7996 	2631104.5
300.6012 	2610833.5
301.40281 	2590562.3
302.20441 	2570291
303.00601 	2550019.6
303.80762 	2529748
304.60922 	2509476.3
306.21242 	2468932.5
307.01403 	2448660.5
307.81563 	2428388.3
308.61723 	2408116
309.41884 	2387843.6
310.22044 	2367571.2
311.02204 	2347298.6
311.82365 	2327026.1
312.62525 	2306753.5
313.42685 	2286480.9
314.22846 	2266208.3
315.03006 	2245935.7
315.83166 	2225663.2
316.63327 	2205390.7
317.43487 	2185118.3
318.23647 	2164846.1
319.03808 	2144574
319.83968 	2124302.1
320.64128 	2104030.4
321.44289 	2083758.9
322.24449 	2063487.7
323.04609 	2043216.8
323.8477 	2022946.1
324.6493 	2002675.9
325.4509 	1982406
326.25251 	1962136.5
327.05411 	1941867.4
327.85571 	1921598.7
328.65731 	1901330.5
329.45892 	1881062.8
330.26052 	1860795.6
331.06212 	1840528.9
331.86373 	1820262.8
332.66533 	1799997.2
333.46693 	1779732.2
334.26854 	1759467.8
335.07014 	1739203.9
335.87174 	1718940.6
336.67335 	1698678
337.47495 	1678416
338.27655 	1658154.5
339.07816 	1637893.7
339.87976 	1617633.6
340.68136 	1597374
341.48297 	1577115.1
342.28457 	1556856.9
343.08617 	1536599.3
343.88778 	1516342.3
344.68938 	1496086
345.49098 	1475830.4
346.29259 	1455575.4
347.09419 	1435321
347.89579 	1415067.4
348.69739 	1394814.4
349.499 	1374562.1
350.3006 	1354310.5
351.1022 	1334059.6
351.90381 	1313809.4
352.70541 	1293559.9
353.50701 	1273311.2
354.30862 	1253063.2
355.11022 	1232815.9
355.91182 	1212569.3
356.71343 	1192323.5
357.51503 	1172078.5
358.31663 	1151834.3
359.11824 	1131590.8
359.91984 	1111348.1
360.72144 	1091106.3
361.52305 	1070865.2
362.32465 	1050624.9
363.12625 	1030385.4
363.92786 	1010146.8
364.72946 	989908.91
365.53106 	969671.87
366.33267 	949435.63
367.13427 	929200.2
367.93587 	908965.57
368.73747 	888731.73
369.53908 	868498.66
370.34068 	848266.37
371.14228 	828034.83
371.94389 	807804.02
372.74549 	787573.94
373.54709 	767344.56
374.3487 	747115.85
375.1503 	726887.81
375.9519 	706660.39
376.75351 	686433.58
377.55511 	666207.34
379.15832 	625756.49
379.95992 	605531.81
381.56313 	565083.81
382.36473 	544860.43
383.16633 	524637.41
383.96794 	504414.74
384.76954 	484192.39
385.57114 	463970.32
386.37275 	443748.51
387.17435 	423526.94
387.97595 	403305.59
388.77756 	383084.43
389.57916 	362863.44
390.38076 	342642.6
391.18236 	322421.9
391.98397 	302201.32
392.78557 	281980.86
393.58717 	261760.49
394.38878 	241540.2
395.19038 	221319.99
395.99198 	201099.86
396.79359 	180879.78
397.59519 	160659.76
399.1984 	120219.88
400 	100492.48
