0 	3836493.9
0.35183948 	3829271.1
0.70367896 	3821477.6
1.0555184 	3813715.5
1.4073579 	3806101.1
1.7591974 	3798538.2
2.1110369 	3790747.6
2.4628764 	3782945
2.8147158 	3775134.2
3.1665553 	3767343.8
3.5183948 	3759532.3
3.8702343 	3751815.2
4.2220737 	3744003.9
4.9257527 	3728409.4
5.6294317 	3712952
5.9812711 	3705142.2
6.3331106 	3697325.3
8.092308 	3660436.6
8.795987 	3644899.7
9.1478265 	3637132.2
10.203345 	3614084
10.907024 	3601076.9
11.258863 	3593266.5
11.610703 	3585456.6
11.962542 	3577646.6
12.666221 	3562026.7
13.018061 	3554216.6
13.3699 	3546406.6
13.72174 	3538596.5
14.777258 	3515165.9
15.480937 	3499545.2
15.832777 	3491734.8
16.536456 	3476113.7
17.591974 	3452681.6
18.647492 	3429248.9
19.351171 	3413626.7
19.703011 	3405815.5
20.05485 	3398004.3
20.40669 	3390193
20.758529 	3382381.6
21.462208 	3366758.7
22.165887 	3351135.6
22.869566 	3335512.3
23.573245 	3319888.9
23.925085 	3312077.1
24.276924 	3304265.3
24.628764 	3296453.5
25.332442 	3280829.9
25.684282 	3273018
26.387961 	3257394.3
26.7398 	3249582.4
27.09164 	3241770.5
27.443479 	3233958.6
27.795319 	3226146.8
28.147158 	3218334.9
28.850837 	3202711.2
29.202677 	3194899.4
29.554516 	3187087.6
29.906356 	3179275.8
30.258195 	3171464.2
30.610035 	3163652.6
30.961874 	3155840.5
31.665553 	3140153.5
32.017393 	3133501.7
32.369232 	3131670.7
32.721072 	3131543.7
33.072911 	3131508.6
33.424751 	3131476.8
33.77659 	3131445
34.128429 	3131413.2
34.480269 	3131381.2
34.832108 	3131349.1
35.183948 	3131316.7
35.535787 	3131283.9
35.887627 	3131250.8
36.239466 	3131217.2
36.591306 	3131183.3
37.294985 	3131114.8
37.646824 	3131079.6
37.998664 	3131046.1
38.702343 	3130963.8
39.406022 	3129284.9
39.757861 	3122661.4
41.165219 	3091387.1
41.517059 	3083552.3
41.868898 	3075717.7
42.220737 	3067883.1
42.924416 	3052214.5
43.276256 	3044380.3
43.628095 	3036546.3
43.979935 	3028712.4
44.683614 	3013044.9
45.035453 	3005211.3
45.387293 	2997377.8
46.090972 	2981711.1
46.442811 	2973877.8
47.14649 	2958211.6
47.49833 	2950378.6
48.202009 	2934712.7
48.553848 	2926879.8
49.257527 	2911214.3
49.609367 	2903381.7
49.961206 	2895549
50.313045 	2887716.5
50.664885 	2879883.9
51.016724 	2872051.4
51.720403 	2856386.6
52.072243 	2848554.2
52.424082 	2840721.9
52.775922 	2832889.6
53.127761 	2825057.4
54.18328 	2801560.8
54.535119 	2793728.7
54.886959 	2785896.5
55.238798 	2778064.5
55.590638 	2770232.4
55.942477 	2762400.4
56.997996 	2738904.5
57.349835 	2731072.6
57.701675 	2723240.6
58.053514 	2715408.8
58.405354 	2707576.9
58.757193 	2699745
59.109032 	2691913.2
59.460872 	2684081.4
60.164551 	2668417.8
60.51639 	2660586.1
60.86823 	2652754.3
61.220069 	2644922.6
61.571909 	2637090.9
61.923748 	2629259.2
62.275588 	2621427.5
62.627427 	2613595.9
62.979267 	2605764.2
63.331106 	2597932.6
63.682946 	2590100.9
64.034785 	2582269.3
64.386625 	2574437.7
64.738464 	2566606.1
65.442143 	2550942.9
65.793983 	2543111.4
66.497662 	2527448.3
67.55318 	2503953.7
68.256859 	2488290.7
68.608698 	2480459.3
69.312377 	2464796.3
70.016056 	2449133.4
70.367896 	2441302
70.719735 	2433470.6
71.071575 	2425639.2
71.423414 	2417807.7
72.830772 	2386482.2
73.182612 	2378650.8
73.534451 	2370819.5
73.886291 	2362988.1
74.941809 	2339494.1
75.293648 	2331662.8
75.645488 	2323831.5
75.997327 	2316000.2
77.052846 	2292506.4
77.404685 	2284675.1
77.756525 	2276843.8
78.460204 	2261181.4
78.812043 	2253350.1
79.163883 	2245518.9
80.219401 	2222025.3
81.27492 	2198531.8
81.626759 	2190700.7
81.978599 	2182869.5
82.330438 	2175038.4
82.682278 	2167207.3
83.034117 	2159376.1
83.385957 	2151545
83.737796 	2143713.9
84.089635 	2135882.9
84.441475 	2128051.8
85.496993 	2104558.7
86.552512 	2081065.6
86.904351 	2073234.6
89.015388 	2026248.9
89.367228 	2018418
90.070907 	2002756.2
90.422746 	1994925.3
90.774586 	1987094.5
91.126425 	1979263.6
91.478265 	1971432.8
91.830104 	1963601.9
92.533783 	1947940.3
93.237462 	1932278.7
93.589301 	1924447.9
93.941141 	1916617.1
94.29298 	1908786.4
96.052178 	1869632.7
96.404017 	1861802
96.755857 	1853971.3
97.459536 	1838309.9
97.811375 	1830479.2
98.163215 	1822648.5
98.515054 	1814817.8
99.922412 	1783495.2
100.27425 	1775664.5
100.62609 	1767833.8
101.32977 	1752172.5
102.03345 	1736511.3
102.38529 	1728680.6
103.79265 	1697358
104.14449 	1689527.4
104.49633 	1681696.8
105.2 	1666035.5
105.90368 	1650374.2
106.25552 	1642543.5
106.60736 	1634712.9
108.01472 	1603390.2
108.36656 	1595559.6
108.7184 	1587728.9
109.07024 	1579898.2
109.77392 	1564236.9
110.12576 	1556406.2
110.82944 	1540744.8
111.18128 	1532914.1
111.53311 	1525083.5
111.88495 	1517252.8
112.58863 	1501591.4
112.94047 	1493760.7
113.29231 	1485930
113.64415 	1478099.2
113.99599 	1470268.5
114.34783 	1462437.8
114.69967 	1454607.1
115.05151 	1446776.4
115.40335 	1438945.7
115.75519 	1431115
116.45887 	1415453.5
116.81071 	1407622.8
117.16255 	1399792.1
117.51439 	1391961.4
118.21806 	1376299.9
118.5699 	1368469.2
118.92174 	1360638.5
119.27358 	1352807.8
119.62542 	1344977.1
119.97726 	1337146.4
120.3291 	1329315.7
120.68094 	1321485
121.03278 	1313654.3
121.38462 	1305823.6
121.73646 	1297992.9
122.0883 	1290162.2
122.79198 	1274500.9
123.14382 	1266670.2
123.49566 	1258839.6
123.8475 	1251008.9
124.19934 	1243178.3
124.55118 	1235347.6
124.90302 	1227517
125.25485 	1219686.4
125.60669 	1211855.8
126.66221 	1188364
127.01405 	1180533.4
127.36589 	1172702.8
127.71773 	1164872.3
128.06957 	1157041.7
128.42141 	1149211.2
128.77325 	1141380.7
129.12509 	1133550.2
129.47693 	1125719.6
130.18061 	1110058.7
130.53245 	1102228.2
130.88429 	1094397.7
131.23613 	1086567.3
132.29164 	1063076
132.64348 	1055245.6
132.99532 	1047415.2
133.699 	1031754.5
134.05084 	1023924.1
134.40268 	1016093.8
134.75452 	1008263.4
135.4582 	992602.82
135.81004 	984772.53
136.16188 	976942.24
136.51372 	969111.97
136.86556 	961281.72
137.56924 	945621.24
137.92108 	937791.02
138.27292 	929960.8
138.97659 	914300.42
139.68027 	898640.07
140.03211 	890809.92
140.38395 	882979.77
140.73579 	875149.63
141.08763 	867319.51
141.43947 	859489.39
141.79131 	851659.28
142.14315 	843829.19
142.49499 	835999.1
142.84683 	828169.02
144.25419 	796848.78
145.3097 	773358.68
145.66154 	765528.66
146.01338 	757698.64
146.36522 	749868.63
146.71706 	742038.63
147.0689 	734208.63
147.42074 	726378.63
148.12442 	710718.66
148.8281 	695058.7
149.17994 	687228.72
149.88362 	671568.78
150.23546 	663738.81
150.5873 	655908.84
151.29098 	640248.91
151.99465 	624588.98
152.69833 	608929.06
153.05017 	601099.1
153.40201 	593269.13
153.75385 	585439.17
154.45753 	569779.23
154.80937 	561949.26
155.16121 	554119.29
155.51305 	546289.32
155.86489 	538459.35
156.21673 	530629.37
156.56857 	522799.39
157.62409 	499309.43
157.97593 	491479.44
158.32777 	483649.44
158.67961 	475819.44
159.03144 	467989.44
159.38328 	460159.43
159.73512 	452329.42
160.08696 	444499.41
160.4388 	436669.39
160.79064 	428839.37
161.14248 	421009.34
161.49432 	413179.31
161.84616 	405349.28
162.90168 	381859.16
163.25352 	374029.11
163.9572 	358369
164.30904 	350538.94
164.66088 	342708.88
165.01272 	334878.82
165.71639 	319218.68
166.06823 	311388.61
167.12375 	287898.39
167.47559 	280068.31
167.82743 	272238.23
168.17927 	264408.15
168.53111 	256578.07
169.23479 	240917.91
169.58663 	233087.83
169.93847 	225257.75
170.64215 	209597.59
170.99399 	201767.52
171.34583 	193937.45
171.69767 	186107.38
172.04951 	178277.31
172.40134 	170447.25
172.75318 	162617.19
173.10502 	154787.14
174.16054 	131297
174.51238 	123466.97
174.86422 	115636.91
