0 	8425657.1
6.4128257 	8294264.1
34.468938 	7796095.3
37.675351 	7715548.4
40.881764 	7634992.2
50.501002 	7394271
53.707415 	7316654.5
62.52505 	7165625.5
65.731463 	7142617
68.937876 	7138709
69.739479 	7133749.9
96.993988 	6585641.4
103.40681 	6444608.2
106.61323 	6372597.8
116.23246 	6161912.6
123.44689 	5970005.2
125.05 	5918924.4
125.8517 	5895046.8
128.25651 	5831643
131.46293 	5753271.4
151.50301 	5558309.8
153.90782 	5557387.9
156.31263 	5556808
159.51904 	5557201.9
166.73347 	5558303.8
169.13828 	5558350
175.5511 	5558435.6
176.35271 	5558440.1
187.57515 	5556483.8
190.78156 	5557100.4
200.4008 	5550790.8
201.2024 	5544693
202.00401 	5532571
202.80561 	5513773.8
203.60721 	5492045.1
204.40882 	5470079.3
205.21042 	5448218.9
206.01202 	5426402.8
206.81363 	5404607.6
207.61523 	5382830.5
208.41683 	5361072.2
209.21844 	5339333
210.02004 	5317612.3
210.82164 	5295909
211.62325 	5274221.5
212.42485 	5252547.1
213.22645 	5230882.3
214.02806 	5209222.9
214.82966 	5187564.4
215.63126 	5165902
216.43287 	5144231.4
217.23447 	5122548
218.03607 	5100847.9
219.63928 	5057380
220.44088 	5035602.6
221.24248 	5013789.8
222.04409 	4991937.4
222.84569 	4970042.3
223.64729 	4948103.4
224.4489 	4926121.2
225.2505 	4904098.2
226.0521 	4882038.4
227.65531 	4837828.2
228.45691 	4815688.5
229.25852 	4793532.8
230.86172 	4749192.8
231.66333 	4727017.2
232.46493 	4704843.2
234.06814 	4660512.7
234.86974 	4638361.6
235.67134 	4616222.7
236.47295 	4594097.1
237.27455 	4571985.3
238.07615 	4549887.4
238.87776 	4527803
239.67936 	4505731.2
240.48096 	4483671.3
241.28257 	4461622.4
242.08417 	4439583.8
242.88577 	4417554.9
243.68737 	4395535.2
244.48898 	4373524.4
245.29058 	4351522
246.09218 	4329527.5
246.89379 	4307540.3
247.69539 	4285559.7
248.49699 	4263584.9
249.2986 	4241615
250.1002 	4219649.3
250.9018 	4197686.7
251.70341 	4175726.5
252.50501 	4153768.1
253.30661 	4131810.7
254.10822 	4109853.9
254.90982 	4087897.2
255.71142 	4065940.3
256.51303 	4043983
257.31463 	4022025
258.11623 	4000066.1
258.91784 	3978106.3
259.71944 	3956145.4
260.52104 	3934183.2
261.32265 	3912219.6
262.12425 	3890254.5
262.92585 	3868287.6
263.72745 	3846318.8
264.52906 	3824348
265.33066 	3802374.9
266.13226 	3780399.4
266.93387 	3758421.7
267.73547 	3736441.6
268.53707 	3714459.3
269.33868 	3692474.7
270.14028 	3670488.1
270.94188 	3648499.3
271.74349 	3626508.4
272.54509 	3604515.3
273.34669 	3582520
274.1483 	3560522.2
274.9499 	3538521.8
274.95 	3538519.1
275.7515 	3516518.5
276.55311 	3494512.1
277.35471 	3472502.3
278.95792 	3428472.3
279.75952 	3406451.9
280.56112 	3384427.8
281.36273 	3362400.1
282.16433 	3340368.9
282.96593 	3318334.4
283.76754 	3296296.7
284.56914 	3274256.1
285.37074 	3252212.8
286.17234 	3230166.9
286.97395 	3208118.6
288.57715 	3164015.7
289.37876 	3141961.3
290.18036 	3119904.9
290.98196 	3097846.6
291.78357 	3075786.4
292.58517 	3053724.1
293.38677 	3031659.7
294.18838 	3009593
294.98998 	2987524.1
295.79158 	2965452.6
296.59319 	2943378.7
297.39479 	2921302.1
298.19639 	2899223
298.998 	2877141.4
299.7996 	2855057.2
300.6012 	2832970.6
301.40281 	2810881.7
302.20441 	2788790.7
303.00601 	2766697.6
303.80762 	2744602.8
304.60922 	2722506.3
306.21242 	2678309.2
307.01403 	2656208.9
307.81563 	2634107.7
308.61723 	2612005.7
309.41884 	2589902.9
310.22044 	2567799.5
311.02204 	2545695.5
311.82365 	2523590.9
312.62525 	2501485.8
313.42685 	2479380
314.22846 	2457273.5
315.03006 	2435166.3
315.83166 	2413058.4
316.63327 	2390949.8
317.43487 	2368840.4
318.23647 	2346730.4
319.03808 	2324619.9
319.83968 	2302509.1
320.64128 	2280398.3
321.44289 	2258287.6
322.24449 	2236177.6
323.04609 	2214068.6
323.8477 	2191960.9
324.6493 	2169855.1
325.4509 	2147751.5
326.25251 	2125650.6
327.05411 	2103552.7
327.85571 	2081458.1
328.65731 	2059367
329.45892 	2037279.8
330.26052 	2015196.4
331.06212 	1993117
331.86373 	1971041.5
332.66533 	1948969.8
333.46693 	1926901.9
334.26854 	1904837.5
335.07014 	1882776.5
335.87174 	1860718.5
336.67335 	1838663.4
337.47495 	1816610.7
338.27655 	1794560.4
339.07816 	1772512
339.87976 	1750465.5
340.68136 	1728420.5
341.48297 	1706377
342.28457 	1684334.6
343.08617 	1662293.5
343.88778 	1640253.3
344.68938 	1618214.2
345.49098 	1596176.1
346.29259 	1574138.9
347.09419 	1552102.8
347.89579 	1530067.6
348.69739 	1508033.6
349.499 	1486000.7
350.3006 	1463969.1
351.1022 	1441938.7
351.90381 	1419909.7
352.70541 	1397882.1
353.50701 	1375856.2
354.30862 	1353831.9
355.11022 	1331809.4
355.91182 	1309788.7
356.71343 	1287770.2
357.51503 	1265753.7
358.31663 	1243739.6
359.11824 	1221727.9
359.91984 	1199718.8
360.72144 	1177712.4
361.52305 	1155708.8
362.32465 	1133708.1
363.12625 	1111710.4
363.92786 	1089715.8
364.72946 	1067724.4
365.53106 	1045736.1
366.33267 	1023750.9
367.13427 	1001768.9
367.93587 	979789.91
368.73747 	957813.81
369.53908 	935840.46
370.34068 	913869.67
371.14228 	891901.21
371.94389 	869934.81
372.74549 	847970.16
373.54709 	826006.94
374.3487 	804044.79
375.1503 	782083.33
375.9519 	760122.15
376.75351 	738160.84
377.55511 	716198.98
379.15832 	672271.9
379.95992 	650305.85
381.56313 	606366.68
382.36473 	584392.81
383.16633 	562415.64
383.96794 	540434.86
384.76954 	518450.21
385.57114 	496461.47
386.37275 	474468.46
387.17435 	452471.06
387.97595 	430469.19
388.77756 	408462.82
389.57916 	386451.98
390.38076 	364436.75
391.18236 	342417.26
391.98397 	320393.69
392.78557 	298366.24
393.58717 	276335.2
394.38878 	254300.86
395.19038 	232263.56
395.99198 	210223.68
396.79359 	188181.6
397.59519 	166137.75
399.1984 	122046.5
400 	100536.97
