0 	8638068.8
6.4128257 	8528294.9
34.468938 	7950709.1
37.675351 	7937603.6
40.881764 	7870705.6
50.501002 	7693027.2
53.707415 	7618825.1
62.52505 	7461667.5
65.731463 	7425504.8
68.937876 	7351318
69.739479 	7332519.7
96.993988 	6681891.6
103.40681 	6555387
106.61323 	6478225
116.23246 	6246001.4
123.44689 	6219090.2
125.05 	6218806.5
125.8517 	6218748.8
128.25651 	6218579.7
131.46293 	6216786.2
151.50301 	6210572.1
153.90782 	6210620.1
156.31263 	6212103.8
159.51904 	6212605.6
166.73347 	6211738.8
169.13828 	6209874.2
175.5511 	6088011.3
176.35271 	6066569.5
187.57515 	5766315.2
190.78156 	5680439.7
200.4008 	5422627.9
201.2024 	5401148.1
202.00401 	5379670.3
202.80561 	5358194.8
203.60721 	5336721.6
204.40882 	5315251.2
205.21042 	5293783.5
206.01202 	5272318.8
206.81363 	5250857
207.61523 	5229398.3
208.41683 	5207942.5
209.21844 	5186489.7
210.02004 	5165039.6
210.82164 	5143592.3
211.62325 	5122147.5
212.42485 	5100705.2
213.22645 	5079265.3
214.02806 	5057827.6
214.82966 	5036392.1
215.63126 	5014958.4
216.43287 	4993526.5
217.23447 	4972096.1
218.03607 	4950666.9
219.63928 	4907811.4
220.44088 	4886384.6
221.24248 	4864958.3
222.04409 	4843532.4
222.84569 	4822106.7
223.64729 	4800681.5
224.4489 	4779256.6
225.2505 	4757832.2
226.0521 	4736408.4
227.65531 	4693563.1
228.45691 	4672141.9
229.25852 	4650721.9
230.86172 	4607885.9
231.66333 	4586470.4
232.46493 	4565056.7
234.06814 	4522235.2
234.86974 	4500827.6
235.67134 	4479422.2
236.47295 	4458019.1
237.27455 	4436618.3
238.07615 	4415220
238.87776 	4393824.2
239.67936 	4372430.9
240.48096 	4351040.4
241.28257 	4329652.7
242.08417 	4308268
242.88577 	4286886.3
243.68737 	4265507.7
244.48898 	4244132.2
245.29058 	4222759.9
246.09218 	4201390.7
246.89379 	4180024.6
247.69539 	4158661.4
248.49699 	4137301.2
249.2986 	4115943.7
250.1002 	4094588.9
250.9018 	4073236.8
251.70341 	4051887.3
252.50501 	4030540.3
253.30661 	4009195.7
254.10822 	3987853.4
254.90982 	3966513.4
255.71142 	3945175.6
256.51303 	3923839.9
257.31463 	3902506.1
258.11623 	3881174
258.91784 	3859843.5
259.71944 	3838514.4
260.52104 	3817186.6
261.32265 	3795859.8
262.12425 	3774533.9
262.92585 	3753208.6
263.72745 	3731883.7
264.52906 	3710559.2
265.33066 	3689234.7
266.13226 	3667910
266.93387 	3646585.1
267.73547 	3625259.7
268.53707 	3603933.6
269.33868 	3582606.7
270.14028 	3561278.7
270.94188 	3539949.7
271.74349 	3518619.3
272.54509 	3497287.6
273.34669 	3475954.3
274.1483 	3454619.4
274.9499 	3433282.9
274.95 	3433280.2
275.7515 	3411944.6
276.55311 	3390604.6
277.35471 	3369262.8
278.95792 	3326573.9
279.75952 	3305226.9
280.56112 	3283878.2
281.36273 	3262527.9
282.16433 	3241176.2
282.96593 	3219823
283.76754 	3198468.4
284.56914 	3177112.6
285.37074 	3155755.7
286.17234 	3134397.6
286.97395 	3113038.5
288.57715 	3070317.6
289.37876 	3048955.8
290.18036 	3027593.1
290.98196 	3006229.7
291.78357 	2984865.4
292.58517 	2963500.3
293.38677 	2942134.3
294.18838 	2920767.4
294.98998 	2899399.6
295.79158 	2878030.7
296.59319 	2856660.8
297.39479 	2835289.7
298.19639 	2813917.3
298.998 	2792543.6
299.7996 	2771168.5
300.6012 	2749791.9
301.40281 	2728413.7
302.20441 	2707033.9
303.00601 	2685652.4
303.80762 	2664269.1
304.60922 	2642884.1
306.21242 	2600108.8
307.01403 	2578718.6
307.81563 	2557326.9
308.61723 	2535933.6
309.41884 	2514539
310.22044 	2493143.1
311.02204 	2471746.3
311.82365 	2450348.5
312.62525 	2428950.2
313.42685 	2407551.5
314.22846 	2386152.7
315.03006 	2364753.9
315.83166 	2343355.5
316.63327 	2321957.7
317.43487 	2300560.8
318.23647 	2279164.9
319.03808 	2257770.4
319.83968 	2236377.3
320.64128 	2214986
321.44289 	2193596.5
322.24449 	2172209
323.04609 	2150823.6
323.8477 	2129440.3
324.6493 	2108059.3
325.4509 	2086680.6
326.25251 	2065304
327.05411 	2043929.7
327.85571 	2022557.5
328.65731 	2001187.4
329.45892 	1979819.2
330.26052 	1958452.9
331.06212 	1937088.2
331.86373 	1915724.9
332.66533 	1894363.1
333.46693 	1873002.4
334.26854 	1851642.6
335.07014 	1830283.6
335.87174 	1808925.3
336.67335 	1787567.4
337.47495 	1766209.7
338.27655 	1744852.2
339.07816 	1723494.6
339.87976 	1702136.9
340.68136 	1680779
341.48297 	1659420.7
342.28457 	1638062
343.08617 	1616702.8
343.88778 	1595343
344.68938 	1573982.6
345.49098 	1552621.7
346.29259 	1531260.1
347.09419 	1509897.9
347.89579 	1488535.1
348.69739 	1467171.6
349.499 	1445807.6
350.3006 	1424442.9
351.1022 	1403077.7
351.90381 	1381712
352.70541 	1360345.8
353.50701 	1338979
354.30862 	1317611.9
355.11022 	1296244.2
355.91182 	1274876.2
356.71343 	1253507.8
357.51503 	1232139.1
358.31663 	1210770
359.11824 	1189400.6
359.91984 	1168031
360.72144 	1146661.1
361.52305 	1125290.9
362.32465 	1103920.6
363.12625 	1082550.1
363.92786 	1061179.4
364.72946 	1039808.6
365.53106 	1018437.8
366.33267 	997066.95
367.13427 	975696.12
367.93587 	954325.35
368.73747 	932954.71
369.53908 	911584.26
370.34068 	890214.04
371.14228 	868844.14
371.94389 	847474.61
372.74549 	826105.52
373.54709 	804736.94
374.3487 	783368.93
375.1503 	762001.57
375.9519 	740634.9
376.75351 	719268.99
377.55511 	697903.9
379.15832 	655176.31
379.95992 	633813.88
381.56313 	591091.89
382.36473 	569732.35
383.16633 	548373.76
383.96794 	527016.12
384.76954 	505659.42
385.57114 	484303.62
386.37275 	462948.68
387.17435 	441594.58
387.97595 	420241.25
388.77756 	398888.66
389.57916 	377536.74
390.38076 	356185.45
391.18236 	334834.74
391.98397 	313484.54
392.78557 	292134.8
393.58717 	270785.47
394.38878 	249436.49
395.19038 	228087.83
395.99198 	206739.44
396.79359 	185391.26
397.59519 	164043.27
399.1984 	121347.68
400 	100519.95
