0 	3991317.1
0.3317994 	3990481.5
3.6497934 	3975847
4.3133922 	3975679.7
4.6451916 	3973967.3
4.976991 	3970349
5.3087904 	3969562.1
5.9723892 	3969123.5
6.3041886 	3965786.4
6.635988 	3959377.2
7.2995868 	3942971.7
7.6313862 	3932221.8
7.9631856 	3924501.7
8.6267844 	3922604.5
8.9585838 	3922292.1
9.953982 	3920914.8
11.944778 	3896667.3
12.276578 	3896394.9
12.608377 	3894786.8
12.940177 	3889228.2
13.271976 	3883833.2
13.603775 	3877465.2
13.935575 	3870683.2
14.267374 	3863011.5
14.599174 	3857864.7
15.262772 	3844682.4
15.594572 	3843562.1
15.926371 	3842977.1
16.258171 	3842933.6
16.58997 	3842474.7
16.921769 	3842316.3
17.253569 	3840731.7
17.585368 	3839785.3
18.248967 	3839974.6
18.580766 	3838586.7
18.912566 	3835815.5
19.244365 	3832825.6
19.576165 	3825464.9
19.907964 	3817573.4
20.571563 	3810368.4
20.903362 	3807981.6
22.562359 	3789730.1
22.894159 	3790219.3
23.225958 	3790142.6
23.889557 	3789991.8
24.221356 	3789454.5
24.884955 	3777203.6
25.216754 	3768880.3
25.880353 	3761337.8
26.875751 	3745337.6
27.207551 	3738948.9
27.53935 	3731182.2
27.871149 	3722707
28.202949 	3714177.4
28.534748 	3705610.7
28.866548 	3696939
29.198347 	3688260.2
29.861946 	3670907.2
30.193745 	3662232.8
30.525545 	3653559.4
30.857344 	3644892
31.189143 	3636246.1
31.852742 	3618928
32.184542 	3610263
32.516341 	3601598.1
32.84814 	3592933.2
33.17994 	3584268.2
33.511739 	3575603.1
33.843539 	3566937.7
34.175338 	3558272.1
34.507137 	3549606.1
35.834335 	3514938.9
36.166134 	3506271.3
36.497934 	3497603.2
36.829733 	3488934.8
37.161533 	3480266.1
37.825131 	3462927.4
38.156931 	3454257.5
38.48873 	3445587.2
39.152329 	3428245.3
39.484128 	3419573.7
39.815928 	3410901.6
40.147727 	3402229
40.479527 	3393555.8
41.806724 	3358856.4
42.138524 	3350179.8
42.802122 	3332824.2
43.133922 	3324145.2
43.465721 	3315465.4
43.797521 	3306784.8
44.461119 	3289421.2
44.792919 	3280738.3
45.124718 	3272054.7
45.456518 	3263370.5
46.120116 	3246000.3
46.783715 	3228628.1
47.115515 	3219941.4
47.779113 	3202567.2
48.110913 	3193879.8
48.442712 	3185192.3
49.106311 	3167817.3
49.43811 	3159129.9
49.76991 	3150442.7
50.101709 	3141755.7
50.433509 	3133069.1
50.765308 	3124382.8
51.097107 	3115697
51.428907 	3107011.7
51.760706 	3098327
52.092506 	3089643
52.756104 	3072277.1
53.087904 	3063595.4
53.419703 	3054914.6
53.751503 	3046234.8
54.083302 	3037556
54.415101 	3028878.4
54.746901 	3020201.8
55.0787 	3011526.5
55.4105 	3002852.3
55.742299 	2994179.4
56.074098 	2985507.8
57.069497 	2959500.6
57.401296 	2950834.1
57.733095 	2942168.8
58.396694 	2924841.7
58.728494 	2916179.8
59.060293 	2907518.8
59.392092 	2898858.7
59.723892 	2890199.4
60.055691 	2881540.8
60.71929 	2864225.1
61.051089 	2855567.6
62.046488 	2829595.5
62.710086 	2812279.3
63.041886 	2803620.3
63.373685 	2794960.6
63.705485 	2786299.9
64.369083 	2768975.2
65.032682 	2751645.2
65.364482 	2742978.1
65.696281 	2734309.4
66.02808 	2725639
66.35988 	2716967
66.691679 	2708293.3
67.023479 	2699617.8
67.355278 	2690940.6
67.687077 	2682261.6
68.350676 	2664898.6
68.682476 	2656214.5
69.014275 	2647528.9
69.346074 	2638841.7
69.677874 	2630153.1
70.009673 	2621463
71.005071 	2595385
71.336871 	2586689.9
71.66867 	2577993.8
72.664068 	2551899.7
72.995868 	2543199.9
73.659467 	2525798
73.991266 	2517096
74.323065 	2508393.2
75.650263 	2473574.8
76.313862 	2456161.1
76.645661 	2447453.1
76.977461 	2438744.2
77.30926 	2430034.3
77.641059 	2421323.6
77.972859 	2412611.8
78.304658 	2403899
78.636458 	2395185.1
78.968257 	2386470.1
79.300056 	2377753.9
79.963655 	2360317.9
80.959053 	2334154.1
81.290853 	2325430.1
81.622652 	2316704.8
81.954452 	2307978.2
82.286251 	2299250.2
82.61805 	2290520.9
83.613448 	2264325.4
83.945248 	2255591.1
84.277047 	2246855.7
84.608847 	2238119.3
84.940646 	2229381.9
88.922239 	2124495.5
89.254038 	2115755.5
89.585838 	2107016.3
89.917637 	2098277.9
90.249436 	2089540.5
90.913035 	2072069.2
91.244835 	2063335.6
92.240233 	2037144
92.572032 	2028417
93.235631 	2010968.6
93.56743 	2002247.3
93.89923 	1993528.2
94.231029 	1984811.1
94.562829 	1976096.2
94.894628 	1967383.4
95.226427 	1958672.8
95.558227 	1949964.2
95.890026 	1941257.8
96.221826 	1932553.5
96.553625 	1923851.1
96.885424 	1915150.7
98.544421 	1871674.6
98.876221 	1862983.7
99.53982 	1845605.3
99.871619 	1836917.5
100.86702 	1810857.3
101.19882 	1802171.1
101.86242 	1784798.4
102.19421 	1776111.6
102.52601 	1767424.1
102.85781 	1758735.9
103.18961 	1750046.8
103.52141 	1741356.5
103.85321 	1732665
104.51681 	1715277.3
104.84861 	1706580.9
105.51221 	1689182.1
105.84401 	1680479.5
107.17121 	1645644.8
107.50301 	1636929.5
108.1666 	1619490.6
108.4984 	1610766.7
108.8302 	1602040
109.8256 	1575841.6
110.1574 	1567102.8
110.4892 	1558361
110.821 	1549616.2
111.1528 	1540868.4
111.4846 	1532117.7
112.48 	1505848.6
113.14359 	1488322.3
113.47539 	1479555.3
114.13899 	1462014.1
114.80259 	1444464
115.13439 	1435685.8
116.12979 	1409340.3
116.46159 	1400555.2
117.78879 	1365401.3
118.12059 	1356610
119.11598 	1330231.7
119.77958 	1312643.3
121.10678 	1277463.8
121.77038 	1259874.2
122.10218 	1251079.8
122.43398 	1242285.7
122.76578 	1233492.1
123.09758 	1224699.1
123.76118 	1207114.9
124.09298 	1198323.9
124.75657 	1180744.4
125.08837 	1171956
125.42017 	1163168.6
125.75197 	1154382.3
126.08377 	1145597.1
126.41557 	1136813
127.07917 	1119248.3
127.41097 	1110467.8
128.07457 	1092910.5
128.40637 	1084133.7
130.39716 	1031499.4
131.72436 	996433.16
132.05616 	987669.07
132.38796 	978905.86
132.71976 	970143.44
133.05156 	961381.73
133.38336 	952620.64
133.71516 	943860.09
134.04696 	935099.99
134.71056 	917580.69
135.04236 	908821.28
135.37415 	900061.91
135.70595 	891302.44
136.36955 	873782.79
136.70135 	865022.39
137.03315 	856261.45
137.36495 	847499.86
137.69675 	838737.52
138.02855 	829974.33
138.36035 	821210.16
139.02395 	803678.58
140.01935 	777371.7
140.68295 	759826.57
141.01474 	751051.65
141.67834 	733496.89
142.01014 	724716.96
143.00554 	698366.78
143.33734 	689579.9
144.00094 	672000.95
144.33274 	663208.93
144.66454 	654415.25
144.99634 	645619.96
145.32814 	636823.09
145.65994 	628024.72
145.99174 	619224.9
146.32353 	610423.69
146.65533 	601621.18
146.98713 	592817.43
147.31893 	584012.54
147.65073 	575206.57
147.98253 	566399.63
148.31433 	557591.81
148.64613 	548783.19
148.97793 	539973.87
149.30973 	531163.96
149.64153 	522353.54
150.30513 	504731.58
150.63693 	495920.22
150.96873 	487108.75
151.30053 	478297.24
151.63233 	469485.79
151.96412 	460674.48
153.29132 	425432.28
153.62312 	416622.85
154.28672 	399005.8
154.61852 	390198.28
154.95032 	381391.51
155.61392 	363780.33
155.94572 	354976.01
156.60932 	337370
156.94112 	328568.37
157.27292 	319767.66
157.93651 	302169.04
158.26831 	293371.14
158.60011 	284574.15
158.93191 	275778.09
159.26371 	266982.92
160.59091 	231810.76
160.92271 	223019.71
162.24991 	187862.32
162.58171 	179074.47
162.9135 	170287.12
163.2453 	161500.22
163.9089 	143927.56
164.2407 	135141.69
164.5725 	126356.06
164.9043 	117570.61
165.2361 	108785.27
165.5679 	100436.32
