0 	3836511.8
0.35183948 	3829268.1
0.70367896 	3821530.6
1.0555184 	3813867.3
1.4073579 	3806067.9
1.7591974 	3798242.3
2.1110369 	3790420.4
2.4628764 	3782590.2
2.8147158 	3774868.4
3.1665553 	3767041.7
3.5183948 	3759221.1
3.8702343 	3751402.2
4.2220737 	3743601.6
4.9257527 	3728103.6
5.6294317 	3712535.3
5.9812711 	3704698.7
6.3331106 	3696873.4
8.092308 	3657746.7
8.795987 	3642033.7
9.1478265 	3634194.4
10.203345 	3613510.7
10.907024 	3597890.6
11.258863 	3589990.2
11.610703 	3582734.2
11.962542 	3577034
12.666221 	3561380.4
13.018061 	3553555.5
13.3699 	3545730.5
13.72174 	3537905.6
14.777258 	3514430.6
15.480937 	3498780.5
15.832777 	3490955.4
16.536456 	3475305.1
17.591974 	3451829.4
18.647492 	3428353.4
19.351171 	3412702.4
19.703011 	3404876.8
20.05485 	3397051.2
20.40669 	3389225.6
20.758529 	3381399.9
21.462208 	3365748.3
22.165887 	3350096.5
22.869566 	3334444.6
23.573245 	3318792.5
23.925085 	3310966.4
24.276924 	3303140.2
24.628764 	3295314.1
25.332442 	3279661.7
25.684282 	3271835.5
26.387961 	3256183.1
26.7398 	3248356.8
27.09164 	3240530.6
27.443479 	3232704.4
27.795319 	3224878.3
28.147158 	3217052.1
28.850837 	3201399.8
29.202677 	3193573.7
29.554516 	3185747.7
29.906356 	3177921.6
30.258195 	3170095.6
30.610035 	3162269.6
30.961874 	3154443.6
31.665553 	3138791.7
32.017393 	3130965.8
32.369232 	3123139.9
32.721072 	3115314
33.072911 	3107488.1
33.424751 	3099662.2
33.77659 	3091836.4
34.128429 	3084010.6
34.480269 	3076184.8
34.832108 	3068359.1
35.183948 	3060533.5
35.535787 	3052707.9
35.887627 	3044882.4
36.239466 	3037057
36.591306 	3029231.7
37.294985 	3013581.3
37.646824 	3005753.8
37.998664 	2997900.5
38.702343 	2984885.2
39.406022 	2984044.6
39.757861 	2984011.9
41.165219 	2983886.6
41.517059 	2983856
41.868898 	2983825.4
42.220737 	2983795.1
42.924416 	2983734.9
43.276256 	2983704.8
43.628095 	2983674.5
43.979935 	2983644.1
44.683614 	2983580.8
45.035453 	2983546.7
45.387293 	2983516.7
46.090972 	2983318.9
46.442811 	2979997.4
47.14649 	2964804.9
47.49833 	2956954.6
48.202009 	2941251.9
48.553848 	2933400.5
49.257527 	2917697.7
49.609367 	2909846.3
49.961206 	2901994.9
50.313045 	2894143.6
50.664885 	2886292.2
51.016724 	2878440.9
51.720403 	2862738.4
52.072243 	2854887.1
52.424082 	2847035.9
52.775922 	2839184.7
53.127761 	2831333.6
54.18328 	2807780.2
54.535119 	2799929.1
54.886959 	2792078
55.238798 	2784226.9
55.590638 	2776375.8
55.942477 	2768524.8
56.997996 	2744971.8
57.349835 	2737120.8
57.701675 	2729269.9
58.053514 	2721419
58.405354 	2713568.2
58.757193 	2705717.4
59.109032 	2697866.6
59.460872 	2690015.9
60.164551 	2674314.6
60.51639 	2666464.1
60.86823 	2658613.6
61.220069 	2650763.1
61.571909 	2642912.8
61.923748 	2635062.4
62.275588 	2627212.2
62.627427 	2619362
62.979267 	2611511.9
63.331106 	2603661.9
63.682946 	2595811.9
64.034785 	2587962.1
64.386625 	2580112.2
64.738464 	2572262.5
65.442143 	2556563.2
65.793983 	2548713.7
66.497662 	2533014.8
67.55318 	2509466.9
68.256859 	2493768.7
68.608698 	2485919.6
69.312377 	2470221.7
70.016056 	2454524
70.367896 	2446675.2
70.719735 	2438826.5
71.071575 	2430977.8
71.423414 	2423129.1
72.830772 	2391734.8
73.182612 	2383886.3
73.534451 	2376037.9
73.886291 	2368189.4
74.941809 	2344644.3
75.293648 	2336796
75.645488 	2328947.6
75.997327 	2321099.3
77.052846 	2297554.5
77.404685 	2289706.2
77.756525 	2281857.9
78.460204 	2266161.4
78.812043 	2258313.2
79.163883 	2250464.9
80.219401 	2226920.2
81.27492 	2203375.3
81.626759 	2195527.1
81.978599 	2187678.7
82.330438 	2179830.4
82.682278 	2171982.1
83.034117 	2164133.7
83.385957 	2156285.4
83.737796 	2148437
84.089635 	2140588.6
84.441475 	2132740.1
85.496993 	2109194.7
86.552512 	2085649
86.904351 	2077800.4
89.015388 	2030708.2
89.367228 	2022859.4
90.070907 	2007161.6
90.422746 	1999312.7
90.774586 	1991463.8
91.126425 	1983614.8
91.478265 	1975765.8
91.830104 	1967916.8
92.533783 	1952218.6
93.237462 	1936520.3
93.589301 	1928671.2
93.941141 	1920821.9
94.29298 	1912972.7
96.052178 	1873726.1
96.404017 	1865876.7
96.755857 	1858027.2
97.459536 	1842328.3
97.811375 	1834478.8
98.163215 	1826629.3
98.515054 	1818779.8
99.922412 	1787381.5
100.27425 	1779531.9
100.62609 	1771682.3
101.32977 	1755983
102.03345 	1740283.7
102.38529 	1732434.1
103.79265 	1701035.3
104.14449 	1693185.7
104.49633 	1685336
105.2 	1669636.6
105.90368 	1653937.3
106.25552 	1646087.6
106.60736 	1638237.9
108.01472 	1606839.3
108.36656 	1598989.7
108.7184 	1591140.1
109.07024 	1583290.5
109.77392 	1567591.3
110.12576 	1559741.8
110.82944 	1544042.7
111.18128 	1536193.2
111.53311 	1528343.7
111.88495 	1520494.2
112.58863 	1504795.3
112.94047 	1496945.8
113.29231 	1489096.4
113.64415 	1481247
113.99599 	1473397.7
114.34783 	1465548.3
114.69967 	1457699
115.05151 	1449849.7
115.40335 	1442000.4
115.75519 	1434151.1
116.45887 	1418452.7
116.81071 	1410603.5
117.16255 	1402754.3
117.51439 	1394905.2
118.21806 	1379206.9
118.5699 	1371357.9
118.92174 	1363508.8
119.27358 	1355659.8
119.62542 	1347810.8
119.97726 	1339961.8
120.3291 	1332112.8
120.68094 	1324263.9
121.03278 	1316415
121.38462 	1308566.1
121.73646 	1300717.3
122.0883 	1292868.5
122.79198 	1277170.9
123.14382 	1269322.2
123.49566 	1261473.4
123.8475 	1253624.7
124.19934 	1245776.1
124.55118 	1237927.4
124.90302 	1230078.8
125.25485 	1222230.2
125.60669 	1214381.6
126.66221 	1190836.1
127.01405 	1182987.6
127.36589 	1175139.2
127.71773 	1167290.8
128.06957 	1159442.4
128.42141 	1151594
128.77325 	1143745.7
129.12509 	1135897.4
129.47693 	1128049.1
130.18061 	1112352.6
130.53245 	1104504.3
130.88429 	1096656.1
131.23613 	1088808
132.29164 	1065263.6
132.64348 	1057415.5
132.99532 	1049567.4
133.699 	1033871.4
134.05084 	1026023.4
134.40268 	1018175.4
134.75452 	1010327.4
135.4582 	994631.59
135.81004 	986783.69
136.16188 	978935.81
136.51372 	971087.95
136.86556 	963240.11
137.56924 	947544.47
137.92108 	939696.68
138.27292 	931848.9
138.97659 	916153.4
139.68027 	900457.95
140.03211 	892610.24
140.38395 	884762.55
140.73579 	876914.87
141.08763 	869067.2
141.43947 	861219.55
141.79131 	853371.9
142.14315 	845524.26
142.49499 	837676.64
142.84683 	829829.02
144.25419 	798438.63
145.3097 	774895.9
145.66154 	767048.33
146.01338 	759200.76
146.36522 	751353.2
146.71706 	743505.64
147.0689 	735658.08
147.42074 	727810.53
148.12442 	712115.41
148.8281 	696420.3
149.17994 	688572.74
149.88362 	672877.61
150.23546 	665030.04
150.5873 	657182.47
151.29098 	641487.31
151.99465 	625792.13
152.69833 	610096.92
153.05017 	602249.31
153.40201 	594401.69
153.75385 	586554.06
154.45753 	570858.78
154.80937 	563011.12
155.16121 	555163.46
155.51305 	547315.78
155.86489 	539468.1
156.21673 	531620.41
156.56857 	523772.7
157.62409 	500229.53
157.97593 	492381.78
158.32777 	484534.03
158.67961 	476686.26
159.03144 	468838.48
159.38328 	460990.68
159.73512 	453142.88
160.08696 	445295.07
160.4388 	437447.24
160.79064 	429599.4
161.14248 	421751.56
161.49432 	413903.7
161.84616 	406055.83
162.90168 	382512.15
163.25352 	374664.24
163.9572 	358968.38
164.30904 	351120.43
164.66088 	343272.48
165.01272 	335424.52
165.71639 	319728.57
166.06823 	311880.58
167.12375 	288336.58
167.47559 	280488.56
167.82743 	272640.54
168.17927 	264792.51
168.53111 	256944.48
169.23479 	241248.41
169.58663 	233400.36
169.93847 	225552.32
170.64215 	209856.22
170.99399 	202008.17
171.34583 	194160.11
171.69767 	186312.06
172.04951 	178464.01
172.40134 	170615.96
172.75318 	162767.91
173.10502 	154919.86
174.16054 	131375.75
174.51238 	123527.72
174.86422 	115679.67
