0 	9786937.1
6.4128257 	9654036.4
34.468938 	9133835.1
37.675351 	9054425.1
40.881764 	8975014.6
50.501002 	8736766.2
53.707415 	8657347.7
62.52505 	8438972.3
65.731463 	8359573.1
68.937876 	8280177.1
69.739479 	8260328.3
96.993988 	7585448.2
103.40681 	7426671.8
106.61323 	7347290.7
116.23246 	7109172.5
123.44689 	6930603.9
125.05 	6890926.7
125.8517 	6871084.7
128.25651 	6811567.7
131.46293 	6732216
151.50301 	6236437.5
153.90782 	6176966
156.31263 	6117498.5
159.51904 	6038214.9
166.73347 	5859852.1
169.13828 	5800405.7
175.5511 	5641901.7
176.35271 	5622090.7
187.57515 	5344781.8
190.78156 	5265565.4
200.4008 	5027953.1
201.2024 	5008154.6
202.00401 	4988356.5
202.80561 	4968558.8
203.60721 	4948761.5
204.40882 	4928964.6
205.21042 	4909168.2
206.01202 	4889372.1
206.81363 	4869576.5
207.61523 	4849781.3
208.41683 	4829986.5
209.21844 	4810192.1
210.02004 	4790398.2
210.82164 	4770604.7
211.62325 	4750811.7
212.42485 	4731019.1
213.22645 	4711227
214.02806 	4691435.3
214.82966 	4671644.1
215.63126 	4651853.4
216.43287 	4632063.1
217.23447 	4612273.3
218.03607 	4592484
219.63928 	4552906.9
220.44088 	4533119
221.24248 	4513331.7
222.04409 	4493544.9
222.84569 	4473758.5
223.64729 	4453972.7
224.4489 	4434187.4
225.2505 	4414402.6
226.0521 	4394618.4
227.65531 	4355051.5
228.45691 	4335268.8
229.25852 	4315486.7
230.86172 	4275924.1
231.66333 	4256143.6
232.46493 	4236363.7
234.06814 	4196805.5
234.86974 	4177027.3
235.67134 	4157249.6
236.47295 	4137472.5
237.27455 	4117695.9
238.07615 	4097919.9
238.87776 	4078144.4
239.67936 	4058369.5
240.48096 	4038595.2
241.28257 	4018821.4
242.08417 	3999048.2
242.88577 	3979275.5
243.68737 	3959503.3
244.48898 	3939731.7
245.29058 	3919960.6
246.09218 	3900190
246.89379 	3880420
247.69539 	3860650.4
248.49699 	3840881.4
249.2986 	3821112.8
250.1002 	3801344.7
250.9018 	3781577.1
251.70341 	3761809.9
252.50501 	3742043.1
253.30661 	3722276.8
254.10822 	3702510.9
254.90982 	3682745.4
255.71142 	3662980.2
256.51303 	3643215.5
257.31463 	3623451
258.11623 	3603686.9
258.91784 	3583923.1
259.71944 	3564159.6
260.52104 	3544396.3
261.32265 	3524633.3
262.12425 	3504870.5
262.92585 	3485107.9
263.72745 	3465345.5
264.52906 	3445583.3
265.33066 	3425821.2
266.13226 	3406059.3
266.93387 	3386297.4
267.73547 	3366535.6
268.53707 	3346773.8
269.33868 	3327012.1
270.14028 	3307250.4
270.94188 	3287488.7
271.74349 	3267726.9
272.54509 	3247965.1
273.34669 	3228203.2
274.1483 	3208441.1
274.9499 	3188679
274.95 	3188676.5
275.7515 	3168916.6
276.55311 	3149154.1
277.35471 	3129391.4
278.95792 	3089865.3
279.75952 	3070101.9
280.56112 	3050338.2
281.36273 	3030574.1
282.16433 	3010809.7
282.96593 	2991045
283.76754 	2971279.9
284.56914 	2951514.4
285.37074 	2931748.5
286.17234 	2911982.1
286.97395 	2892215.4
288.57715 	2852680.4
289.37876 	2832912.1
290.18036 	2813143.4
290.98196 	2793374.1
291.78357 	2773604.3
292.58517 	2753833.9
293.38677 	2734063
294.18838 	2714291.5
294.98998 	2694519.4
295.79158 	2674746.6
296.59319 	2654973.3
297.39479 	2635199.3
298.19639 	2615424.8
298.998 	2595649.5
299.7996 	2575873.7
300.6012 	2556097.1
301.40281 	2536319.9
302.20441 	2516542.1
303.00601 	2496763.6
303.80762 	2476984.4
304.60922 	2457204.5
306.21242 	2417642.8
307.01403 	2397860.8
307.81563 	2378078.3
308.61723 	2358295
309.41884 	2338511
310.22044 	2318726.4
311.02204 	2298941.1
311.82365 	2279155.1
312.62525 	2259368.5
313.42685 	2239581.1
314.22846 	2219793.2
315.03006 	2200004.5
315.83166 	2180215.2
316.63327 	2160425.2
317.43487 	2140634.6
318.23647 	2120843.3
319.03808 	2101051.4
319.83968 	2081258.8
320.64128 	2061465.7
321.44289 	2041671.8
322.24449 	2021877.4
323.04609 	2002082.4
323.8477 	1982286.8
324.6493 	1962490.5
325.4509 	1942693.7
326.25251 	1922896.3
327.05411 	1903098.3
327.85571 	1883299.7
328.65731 	1863500.6
329.45892 	1843700.9
330.26052 	1823900.7
331.06212 	1804099.9
331.86373 	1784298.5
332.66533 	1764496.7
333.46693 	1744694.3
334.26854 	1724891.4
335.07014 	1705088.1
335.87174 	1685284.2
336.67335 	1665479.8
337.47495 	1645674.9
338.27655 	1625869.5
339.07816 	1606063.7
339.87976 	1586257.4
340.68136 	1566450.7
341.48297 	1546643.5
342.28457 	1526835.8
343.08617 	1507027.7
343.88778 	1487219.2
344.68938 	1467410.3
345.49098 	1447600.9
346.29259 	1427791.2
347.09419 	1407981
347.89579 	1388170.4
348.69739 	1368359.5
349.499 	1348548.2
350.3006 	1328736.5
351.1022 	1308924.4
351.90381 	1289112
352.70541 	1269299.2
353.50701 	1249486
354.30862 	1229672.6
355.11022 	1209858.8
355.91182 	1190044.7
356.71343 	1170230.2
357.51503 	1150415.5
358.31663 	1130600.5
359.11824 	1110785.1
359.91984 	1090969.5
360.72144 	1071153.6
361.52305 	1051337.5
362.32465 	1031521.1
363.12625 	1011704.4
363.92786 	991887.47
364.72946 	972070.33
365.53106 	952252.96
366.33267 	932435.37
367.13427 	912617.57
367.93587 	892799.57
368.73747 	872981.37
369.53908 	853162.99
370.34068 	833344.44
371.14228 	813525.71
371.94389 	793706.83
372.74549 	773887.79
373.54709 	754068.61
374.3487 	734249.3
375.1503 	714429.86
375.9519 	694610.3
376.75351 	674790.62
377.55511 	654970.84
379.15832 	615331
379.95992 	595510.96
381.56313 	555870.64
382.36473 	536050.39
383.16633 	516230.08
383.96794 	496409.72
384.76954 	476589.32
385.57114 	456768.88
386.37275 	436948.41
387.17435 	417127.91
387.97595 	397307.39
388.77756 	377486.85
389.57916 	357666.31
390.38076 	337845.75
391.18236 	318025.19
391.98397 	298204.63
392.78557 	278384.08
393.58717 	258563.54
394.38878 	238743.01
395.19038 	218922.5
395.99198 	199102.01
396.79359 	179281.54
397.59519 	159461.1
399.1984 	119820.33
400 	100482.75
