0 	9796743
6.4128257 	9667640.4
34.468938 	9127754.8
37.675351 	9048519.4
40.881764 	8969282.9
50.501002 	8731569.1
53.707415 	8652330.1
62.52505 	8434425.2
65.731463 	8355189.8
68.937876 	8275956
69.739479 	8256147.7
96.993988 	7582684.8
103.40681 	7424243.4
106.61323 	7345024.9
116.23246 	7107375.5
123.44689 	6929144.2
125.05 	6889540.5
125.8517 	6869735
128.25651 	6810326.5
131.46293 	6731116.3
151.50301 	6236082
153.90782 	6176680.9
156.31263 	6117280.5
159.51904 	6038081.1
166.73347 	5859887.6
169.13828 	5800491.4
175.5511 	5642106.1
176.35271 	5622308.4
187.57515 	5345150.1
190.78156 	5265965.2
200.4008 	5028419.3
201.2024 	5008624.5
202.00401 	4988829.7
202.80561 	4969035.1
203.60721 	4949240.5
204.40882 	4929446.1
205.21042 	4909651.8
206.01202 	4889857.6
206.81363 	4870063.4
207.61523 	4850269.4
208.41683 	4830475.5
209.21844 	4810681.7
210.02004 	4790887.9
210.82164 	4771094.3
211.62325 	4751300.7
212.42485 	4731507.3
213.22645 	4711713.9
214.02806 	4691920.6
214.82966 	4672127.3
215.63126 	4652334.2
216.43287 	4632541.1
217.23447 	4612748
218.03607 	4592955
219.63928 	4553369.2
220.44088 	4533576.3
221.24248 	4513783.5
222.04409 	4493990.7
222.84569 	4474198
223.64729 	4454405.2
224.4489 	4434612.5
225.2505 	4414819.8
226.0521 	4395027.1
227.65531 	4355441.7
228.45691 	4335649
229.25852 	4315856.3
230.86172 	4276270.8
231.66333 	4256478
232.46493 	4236685.2
234.06814 	4197099.4
234.86974 	4177306.5
235.67134 	4157513.5
236.47295 	4137720.5
237.27455 	4117927.4
238.07615 	4098134.3
238.87776 	4078341.1
239.67936 	4058547.9
240.48096 	4038754.5
241.28257 	4018961.2
242.08417 	3999167.7
242.88577 	3979374.2
243.68737 	3959580.6
244.48898 	3939786.9
245.29058 	3919993.1
246.09218 	3900199.3
246.89379 	3880405.4
247.69539 	3860611.4
248.49699 	3840817.3
249.2986 	3821023.1
250.1002 	3801228.8
250.9018 	3781434.5
251.70341 	3761640.1
252.50501 	3741845.5
253.30661 	3722050.9
254.10822 	3702256.2
254.90982 	3682461.4
255.71142 	3662666.5
256.51303 	3642871.6
257.31463 	3623076.5
258.11623 	3603281.4
258.91784 	3583486.2
259.71944 	3563690.9
260.52104 	3543895.6
261.32265 	3524100.1
262.12425 	3504304.6
262.92585 	3484509
263.72745 	3464713.4
264.52906 	3444917.7
265.33066 	3425121.9
266.13226 	3405326.1
266.93387 	3385530.2
267.73547 	3365734.3
268.53707 	3345938.3
269.33868 	3326142.3
270.14028 	3306346.2
270.94188 	3286550.1
271.74349 	3266754
272.54509 	3246957.8
273.34669 	3227161.6
274.1483 	3207365.4
274.9499 	3187569.2
274.95 	3187566.7
275.7515 	3167773
276.55311 	3147976.7
277.35471 	3128180.5
278.95792 	3088588
279.75952 	3068791.7
280.56112 	3048995.5
281.36273 	3029199.2
282.16433 	3009403
282.96593 	2989606.8
283.76754 	2969810.6
284.56914 	2950014.5
285.37074 	2930218.3
286.17234 	2910422.2
286.97395 	2890626.1
288.57715 	2851034.1
289.37876 	2831238.1
290.18036 	2811442.1
290.98196 	2791646.2
291.78357 	2771850.4
292.58517 	2752054.6
293.38677 	2732258.8
294.18838 	2712463.1
294.98998 	2692667.4
295.79158 	2672871.8
296.59319 	2653076.2
297.39479 	2633280.7
298.19639 	2613485.2
298.998 	2593689.8
299.7996 	2573894.4
300.6012 	2554099.1
301.40281 	2534303.9
302.20441 	2514508.7
303.00601 	2494713.6
303.80762 	2474918.5
304.60922 	2455123.5
306.21242 	2415533.7
307.01403 	2395738.9
307.81563 	2375944.1
308.61723 	2356149.5
309.41884 	2336354.8
310.22044 	2316560.3
311.02204 	2296765.8
311.82365 	2276971.4
312.62525 	2257177
313.42685 	2237382.7
314.22846 	2217588.5
315.03006 	2197794.4
315.83166 	2178000.3
316.63327 	2158206.3
317.43487 	2138412.3
318.23647 	2118618.4
319.03808 	2098824.6
319.83968 	2079030.9
320.64128 	2059237.2
321.44289 	2039443.6
322.24449 	2019650
323.04609 	1999856.6
323.8477 	1980063.2
324.6493 	1960269.8
325.4509 	1940476.5
326.25251 	1920683.3
327.05411 	1900890.2
327.85571 	1881097.1
328.65731 	1861304.1
329.45892 	1841511.2
330.26052 	1821718.3
331.06212 	1801925.5
331.86373 	1782132.8
332.66533 	1762340.1
333.46693 	1742547.5
334.26854 	1722755
335.07014 	1702962.5
335.87174 	1683170.1
336.67335 	1663377.8
337.47495 	1643585.5
338.27655 	1623793.3
339.07816 	1604001.2
339.87976 	1584209.2
340.68136 	1564417.2
341.48297 	1544625.3
342.28457 	1524833.4
343.08617 	1505041.6
343.88778 	1485249.9
344.68938 	1465458.3
345.49098 	1445666.8
346.29259 	1425875.3
347.09419 	1406083.8
347.89579 	1386292.5
348.69739 	1366501.2
349.499 	1346710
350.3006 	1326918.9
351.1022 	1307127.9
351.90381 	1287336.9
352.70541 	1267546
353.50701 	1247755.1
354.30862 	1227964.4
355.11022 	1208173.7
355.91182 	1188383.1
356.71343 	1168592.5
357.51503 	1148802
358.31663 	1129011.6
359.11824 	1109221.3
359.91984 	1089431.1
360.72144 	1069640.9
361.52305 	1049850.8
362.32465 	1030060.7
363.12625 	1010270.8
363.92786 	990480.86
364.72946 	970691.03
365.53106 	950901.27
366.33267 	931111.58
367.13427 	911321.96
367.93587 	891532.41
368.73747 	871742.93
369.53908 	851953.51
370.34068 	832164.17
371.14228 	812374.89
371.94389 	792585.67
372.74549 	772796.52
373.54709 	753007.44
374.3487 	733218.42
375.1503 	713429.47
375.9519 	693640.58
376.75351 	673851.75
377.55511 	654062.98
379.15832 	614485.64
379.95992 	594697.06
381.56313 	555120.07
382.36473 	535331.66
383.16633 	515543.32
383.96794 	495755.03
384.76954 	475966.79
385.57114 	456178.61
386.37275 	436390.49
387.17435 	416602.42
387.97595 	396814.4
388.77756 	377026.44
389.57916 	357238.53
390.38076 	337450.67
391.18236 	317662.85
391.98397 	297875.09
392.78557 	278087.38
393.58717 	258299.71
394.38878 	238512.09
395.19038 	218724.52
395.99198 	198936.99
396.79359 	179149.51
397.59519 	159362.07
399.1984 	119787.32
400 	100481.95
