0 	8956542.3
6.4128257 	8845401
34.468938 	8314159.8
37.675351 	8230485.5
40.881764 	8155832.5
50.501002 	7971548.6
53.707415 	7892833.5
62.52505 	7692191.2
65.731463 	7630942.1
68.937876 	7555409.5
69.739479 	7537038.2
96.993988 	7065175.2
103.40681 	7062623.2
106.61323 	7061963.6
116.23246 	7061085.2
123.44689 	7061275.3
125.05 	7060907.3
125.8517 	7060715.5
128.25651 	7059405.3
131.46293 	7038445.1
151.50301 	6523822.1
153.90782 	6461778.6
156.31263 	6399718.5
159.51904 	6316925.2
166.73347 	6130428.1
169.13828 	6068221.3
175.5511 	5902280.4
176.35271 	5881534
187.57515 	5591138
190.78156 	5508215.9
200.4008 	5259542.3
201.2024 	5238821.8
202.00401 	5218101.4
202.80561 	5197381.2
203.60721 	5176660.9
204.40882 	5155940.8
205.21042 	5135220.9
206.01202 	5114501.2
206.81363 	5093781.8
207.61523 	5073062.9
208.41683 	5052344.6
209.21844 	5031627
210.02004 	5010910.2
210.82164 	4990194.4
211.62325 	4969479.8
212.42485 	4948766.3
213.22645 	4928054
214.02806 	4907343.1
214.82966 	4886633.5
215.63126 	4865925.2
216.43287 	4845218.1
217.23447 	4824512.3
218.03607 	4803807.5
219.63928 	4762400.9
220.44088 	4741698.9
221.24248 	4720997.6
222.04409 	4700296.9
222.84569 	4679596.7
223.64729 	4658897
224.4489 	4638197.8
225.2505 	4617499.1
226.0521 	4596800.8
227.65531 	4555406
228.45691 	4534709.5
229.25852 	4514013.8
230.86172 	4472625.1
231.66333 	4451932.1
232.46493 	4431240.1
234.06814 	4389859
234.86974 	4369169.9
235.67134 	4348481.7
236.47295 	4327794.4
237.27455 	4307107.8
238.07615 	4286422
238.87776 	4265736.9
239.67936 	4245052.3
240.48096 	4224368.3
241.28257 	4203684.8
242.08417 	4183001.7
242.88577 	4162319.1
243.68737 	4141636.8
244.48898 	4120954.8
245.29058 	4100273.1
246.09218 	4079591.6
246.89379 	4058910.4
247.69539 	4038229.3
248.49699 	4017548.3
249.2986 	3996867.4
250.1002 	3976186.5
250.9018 	3955505.6
251.70341 	3934824.6
252.50501 	3914143.5
253.30661 	3893462.2
254.10822 	3872780.6
254.90982 	3852098.6
255.71142 	3831416.3
256.51303 	3810733.5
257.31463 	3790050.1
258.11623 	3769366
258.91784 	3748681.2
259.71944 	3727995.5
260.52104 	3707308.9
261.32265 	3686621.3
262.12425 	3665932.6
262.92585 	3645242.7
263.72745 	3624551.5
264.52906 	3603859.1
265.33066 	3583165.3
266.13226 	3562470
266.93387 	3541773.4
267.73547 	3521075.3
268.53707 	3500375.8
269.33868 	3479674.8
270.14028 	3458972.4
270.94188 	3438268.5
271.74349 	3417563.3
272.54509 	3396856.6
273.34669 	3376148.7
274.1483 	3355439.4
274.9499 	3334728.8
274.95 	3334726.2
275.7515 	3314017.1
276.55311 	3293304.1
277.35471 	3272590
278.95792 	3231158.4
279.75952 	3210441.1
280.56112 	3189722.8
281.36273 	3169003.6
282.16433 	3148283.5
282.96593 	3127562.6
283.76754 	3106840.9
284.56914 	3086118.5
285.37074 	3065395.4
286.17234 	3044671.6
286.97395 	3023947.2
288.57715 	2982496.8
289.37876 	2961770.9
290.18036 	2941044.5
290.98196 	2920317.8
291.78357 	2899590.8
292.58517 	2878863.4
293.38677 	2858135.8
294.18838 	2837407.9
294.98998 	2816679.9
295.79158 	2795951.7
296.59319 	2775223.5
297.39479 	2754495.2
298.19639 	2733766.8
298.998 	2713038.5
299.7996 	2692310.3
300.6012 	2671582.1
301.40281 	2650854
302.20441 	2630126.1
303.00601 	2609398.3
303.80762 	2588670.7
304.60922 	2567943.2
306.21242 	2526489
307.01403 	2505762.3
307.81563 	2485035.7
308.61723 	2464309.5
309.41884 	2443583.4
310.22044 	2422857.6
311.02204 	2402132.1
311.82365 	2381406.8
312.62525 	2360681.7
313.42685 	2339956.9
314.22846 	2319232.3
315.03006 	2298508
315.83166 	2277784
316.63327 	2257060.2
317.43487 	2236336.6
318.23647 	2215613.3
319.03808 	2194890.3
319.83968 	2174167.5
320.64128 	2153445
321.44289 	2132722.7
322.24449 	2112000.8
323.04609 	2091279.1
323.8477 	2070557.6
324.6493 	2049836.4
325.4509 	2029115.5
326.25251 	2008394.7
327.05411 	1987674.1
327.85571 	1966953.8
328.65731 	1946233.5
329.45892 	1925513.4
330.26052 	1904793.3
331.06212 	1884073.2
331.86373 	1863353.1
332.66533 	1842632.9
333.46693 	1821912.6
334.26854 	1801192.1
335.07014 	1780471.3
335.87174 	1759750.3
336.67335 	1739029
337.47495 	1718307.3
338.27655 	1697585.2
339.07816 	1676862.6
339.87976 	1656139.5
340.68136 	1635415.8
341.48297 	1614691.6
342.28457 	1593966.8
343.08617 	1573241.3
343.88778 	1552515.1
344.68938 	1531788.3
345.49098 	1511060.7
346.29259 	1490332.3
347.09419 	1469603.2
347.89579 	1448873.3
348.69739 	1428142.6
349.499 	1407411.1
350.3006 	1386678.7
351.1022 	1365945.6
351.90381 	1345211.6
352.70541 	1324476.8
353.50701 	1303741.2
354.30862 	1283004.8
355.11022 	1262267.7
355.91182 	1241529.8
356.71343 	1220791.1
357.51503 	1200051.8
358.31663 	1179311.8
359.11824 	1158571.1
359.91984 	1137829.8
360.72144 	1117088
361.52305 	1096345.5
362.32465 	1075602.6
363.12625 	1054859.1
363.92786 	1034115.2
364.72946 	1013370.9
365.53106 	992626.06
366.33267 	971880.85
367.13427 	951135.25
367.93587 	930389.25
368.73747 	909642.87
369.53908 	888896.09
370.34068 	868148.92
371.14228 	847401.34
371.94389 	826653.33
372.74549 	805904.88
373.54709 	785155.95
374.3487 	764406.52
375.1503 	743656.56
375.9519 	722906.03
376.75351 	702154.89
377.55511 	681403.1
379.15832 	639897.4
379.95992 	619143.41
381.56313 	577632.92
382.36473 	556876.34
383.16633 	536118.83
383.96794 	515360.35
384.76954 	494600.88
385.57114 	473840.39
386.37275 	453078.88
387.17435 	432316.32
387.97595 	411552.73
388.77756 	390788.11
389.57916 	370022.47
390.38076 	349255.84
391.18236 	328488.26
391.98397 	307719.76
392.78557 	286950.41
393.58717 	266180.25
394.38878 	245409.36
395.19038 	224637.82
395.99198 	203865.72
396.79359 	183093.13
397.59519 	162320.16
399.1984 	120773.5
400 	100505.97
