0 	8677553.6
6.4128257 	8551543.8
34.468938 	8086164.7
37.675351 	8004082.1
40.881764 	7943204.3
50.501002 	7771945.5
53.707415 	7715188.7
62.52505 	7527969.2
65.731463 	7448078.8
68.937876 	7369885.7
69.739479 	7349769.7
96.993988 	6685828.5
103.40681 	6539071.1
106.61323 	6469520.2
116.23246 	6321477
123.44689 	6320618.1
125.05 	6319197.9
125.8517 	6318445.9
128.25651 	6317150.8
131.46293 	6317066.8
151.50301 	6312729.3
153.90782 	6311143.7
156.31263 	6310183.2
159.51904 	6309232.2
166.73347 	6294141.2
169.13828 	6238611.9
175.5511 	6067887.1
176.35271 	6046532.4
187.57515 	5747416.7
190.78156 	5662050.7
200.4008 	5406557
201.2024 	5385302.4
202.00401 	5364051.8
202.80561 	5342804.6
203.60721 	5321560.2
204.40882 	5300318.3
205.21042 	5279078.3
206.01202 	5257839.6
206.81363 	5236601.6
207.61523 	5215363.9
208.41683 	5194125.7
209.21844 	5172886.5
210.02004 	5151645.8
210.82164 	5130402.9
211.62325 	5109157.5
212.42485 	5087909.1
213.22645 	5066657.4
214.02806 	5045402.2
214.82966 	5024143.1
215.63126 	5002880.1
216.43287 	4981613
217.23447 	4960341.6
218.03607 	4939065.8
219.63928 	4896500.1
220.44088 	4875209.9
221.24248 	4853914.3
222.04409 	4832613.2
222.84569 	4811306.2
223.64729 	4789993.3
224.4489 	4768674.2
225.2505 	4747349
226.0521 	4726017.9
227.65531 	4683338.3
228.45691 	4661990.6
229.25852 	4640638.2
230.86172 	4597921.3
231.66333 	4576557.6
232.46493 	4555191.1
234.06814 	4512450.9
234.86974 	4491077.8
235.67134 	4469703.1
236.47295 	4448327
237.27455 	4426949.7
238.07615 	4405571.6
238.87776 	4384192.7
239.67936 	4362813.3
240.48096 	4341433.6
241.28257 	4320053.9
242.08417 	4298674.3
242.88577 	4277295
243.68737 	4255916.3
244.48898 	4234538.4
245.29058 	4213161.4
246.09218 	4191785.4
246.89379 	4170410.8
247.69539 	4149037.4
248.49699 	4127665.5
249.2986 	4106295.1
250.1002 	4084926.2
250.9018 	4063558.8
251.70341 	4042192.7
252.50501 	4020828.1
253.30661 	3999464.6
254.10822 	3978102.2
254.90982 	3956740.7
255.71142 	3935380
256.51303 	3914019.9
257.31463 	3892660.4
258.11623 	3871301.3
258.91784 	3849942.7
259.71944 	3828584.4
260.52104 	3807226.6
261.32265 	3785869.2
262.12425 	3764512.3
262.92585 	3743156.1
263.72745 	3721800.5
264.52906 	3700445.9
265.33066 	3679092.3
266.13226 	3657739.8
266.93387 	3636388.6
267.73547 	3615038.8
268.53707 	3593690.7
269.33868 	3572344.3
270.14028 	3550999.9
270.94188 	3529657.5
271.74349 	3508317.4
272.54509 	3486979.6
273.34669 	3465644.4
274.1483 	3444311.8
274.9499 	3422981.9
274.95 	3422979.2
275.7515 	3401654.8
276.55311 	3380330.8
277.35471 	3359009.7
278.95792 	3316376.9
279.75952 	3295065.2
280.56112 	3273756.8
281.36273 	3252451.5
282.16433 	3231149.5
282.96593 	3209850.6
283.76754 	3188554.9
284.56914 	3167262.4
285.37074 	3145972.8
286.17234 	3124686.2
286.97395 	3103402.5
288.57715 	3060843.1
289.37876 	3039567.2
290.18036 	3018293.7
290.98196 	2997022.4
291.78357 	2975753
292.58517 	2954485.6
293.38677 	2933219.9
294.18838 	2911955.7
294.98998 	2890693
295.79158 	2869431.4
296.59319 	2848171
297.39479 	2826911.5
298.19639 	2805652.9
298.998 	2784395
299.7996 	2763137.7
300.6012 	2741881
301.40281 	2720624.6
302.20441 	2699368.5
303.00601 	2678112.7
303.80762 	2656856.9
304.60922 	2635601.2
306.21242 	2593089.2
307.01403 	2571832.8
307.81563 	2550575.9
308.61723 	2529318.4
309.41884 	2508060.1
310.22044 	2486800.9
311.02204 	2465540.8
311.82365 	2444279.5
312.62525 	2423017.1
313.42685 	2401753.2
314.22846 	2380488
315.03006 	2359221.2
315.83166 	2337952.8
316.63327 	2316682.8
317.43487 	2295411.1
318.23647 	2274137.5
319.03808 	2252862.2
319.83968 	2231585.1
320.64128 	2210306
321.44289 	2189025.1
322.24449 	2167742.3
323.04609 	2146457.6
323.8477 	2125170.9
324.6493 	2103882.3
325.4509 	2082591.7
326.25251 	2061299.2
327.05411 	2040004.7
327.85571 	2018708.3
328.65731 	1997409.9
329.45892 	1976109.6
330.26052 	1954807.3
331.06212 	1933503
331.86373 	1912196.7
332.66533 	1890888.4
333.46693 	1869578.2
334.26854 	1848265.9
335.07014 	1826951.7
335.87174 	1805635.4
336.67335 	1784317.2
337.47495 	1762996.9
338.27655 	1741674.6
339.07816 	1720350.3
339.87976 	1699024
340.68136 	1677695.8
341.48297 	1656365.6
342.28457 	1635033.5
343.08617 	1613699.6
343.88778 	1592363.8
344.68938 	1571026.2
345.49098 	1549687
346.29259 	1528346.3
347.09419 	1507004
347.89579 	1485660.3
348.69739 	1464315.4
349.499 	1442969.3
350.3006 	1421622.3
351.1022 	1400274.4
351.90381 	1378925.8
352.70541 	1357576.6
353.50701 	1336227.1
354.30862 	1314877.3
355.11022 	1293527.4
355.91182 	1272177.7
356.71343 	1250828.2
357.51503 	1229479.1
358.31663 	1208130.5
359.11824 	1186782.6
359.91984 	1165435.6
360.72144 	1144089.5
361.52305 	1122744.5
362.32465 	1101400.6
363.12625 	1080058
363.92786 	1058716.8
364.72946 	1037376.9
365.53106 	1016038.6
366.33267 	994701.83
367.13427 	973366.66
367.93587 	952033.13
368.73747 	930701.28
369.53908 	909371.13
370.34068 	888042.71
371.14228 	866716.03
371.94389 	845391.11
372.74549 	824067.94
373.54709 	802746.54
374.3487 	781426.91
375.1503 	760109.04
375.9519 	738792.93
376.75351 	717478.57
377.55511 	696165.95
379.15832 	653545.91
379.95992 	632238.45
381.56313 	589628.59
382.36473 	568326.15
383.16633 	547025.33
383.96794 	525726.12
384.76954 	504428.48
385.57114 	483132.37
386.37275 	461837.77
387.17435 	440544.62
387.97595 	419252.89
388.77756 	397962.52
389.57916 	376673.46
390.38076 	355385.65
391.18236 	334099.01
391.98397 	312813.49
392.78557 	291528.99
393.58717 	270245.45
394.38878 	248962.77
395.19038 	227680.86
395.99198 	206399.63
396.79359 	185118.98
397.59519 	163838.79
399.1984 	121279.42
400 	100518.29
