0 	3836477.2
0.35183948 	3828939.9
0.70367896 	3821006.5
1.0555184 	3813100
1.4073579 	3805159.4
1.7591974 	3797247.2
2.1110369 	3789327.4
2.4628764 	3781400.6
2.8147158 	3773439.1
3.1665553 	3765597.9
3.5183948 	3757667.4
3.8702343 	3749734.7
4.2220737 	3741800.4
4.9257527 	3726064.5
5.6294317 	3710273.2
5.9812711 	3702338.8
6.3331106 	3694404.8
8.092308 	3654734.4
8.795987 	3638865.1
9.1478265 	3630936.1
10.203345 	3607339.4
10.907024 	3591464.7
11.258863 	3583560.6
11.610703 	3575621.8
11.962542 	3567692.3
12.666221 	3551828.1
13.018061 	3543893.2
13.3699 	3535958.5
13.72174 	3528023.8
14.777258 	3504219.9
15.480937 	3488350.5
15.832777 	3480415.8
16.536456 	3464546.6
17.591974 	3441628
18.647492 	3420200.4
19.351171 	3404299.6
19.703011 	3397236.1
20.05485 	3391213.1
20.40669 	3383299.8
20.758529 	3375365.9
21.462208 	3359498.7
22.165887 	3343631.6
22.869566 	3327764.5
23.573245 	3311897.4
23.925085 	3303963.9
24.276924 	3296030.4
24.628764 	3288096.9
25.332442 	3272230
25.684282 	3264296.6
26.387961 	3248429.8
26.7398 	3240496.5
27.09164 	3232563.1
27.443479 	3224629.8
27.795319 	3216696.5
28.147158 	3208763.3
28.850837 	3192896.8
29.202677 	3184963.6
29.554516 	3177030.4
29.906356 	3169097.3
30.258195 	3161164.2
30.610035 	3153231.1
30.961874 	3145298
31.665553 	3129431.9
32.017393 	3121498.9
32.369232 	3113565.9
32.721072 	3105633
33.072911 	3097700
33.424751 	3089767.1
33.77659 	3081834.3
34.128429 	3073901.4
34.480269 	3065968.6
34.832108 	3058035.8
35.183948 	3050103
35.535787 	3042170.2
35.887627 	3034237.4
36.239466 	3026304.7
36.591306 	3018372
37.294985 	3002506.6
37.646824 	2994574
37.998664 	2986641.3
38.702343 	2970776.1
39.406022 	2954910.8
39.757861 	2946978.2
41.165219 	2915247.8
41.517059 	2907315.2
41.868898 	2899382.6
42.220737 	2891449.9
42.924416 	2875584.7
43.276256 	2867652
43.628095 	2859719.3
43.979935 	2851786.6
44.683614 	2835921.1
45.035453 	2827988.3
45.387293 	2820055.5
46.090972 	2804189.8
46.442811 	2796256.9
47.14649 	2780391
47.49833 	2772457.9
48.202009 	2756591.7
48.553848 	2748658.5
49.257527 	2732792
49.609367 	2724858.7
49.961206 	2716925.2
50.313045 	2708991.8
50.664885 	2701058.3
51.016724 	2693124.7
51.720403 	2677257.3
52.072243 	2669323.5
52.424082 	2661389.7
52.775922 	2653455.8
53.127761 	2645521.8
54.18328 	2621719.5
54.535119 	2613785.4
54.886959 	2605851.1
55.238798 	2597916.9
55.590638 	2589982.5
55.942477 	2582048.2
56.997996 	2558245.1
57.349835 	2550310.7
57.701675 	2542376.4
58.053514 	2534442
58.405354 	2526507.6
58.757193 	2518573.3
59.109032 	2510639
59.460872 	2502704.8
60.164551 	2486836.4
60.51639 	2478902.2
60.86823 	2470968.1
61.220069 	2463033.9
61.571909 	2455099.9
61.923748 	2447165.8
62.275588 	2439231.7
62.627427 	2431297.6
62.979267 	2423363.6
63.331106 	2415429.5
63.682946 	2407495.4
64.034785 	2399561.3
64.386625 	2391627.3
64.738464 	2383693.2
65.442143 	2367825.2
65.793983 	2359891.3
66.497662 	2344024
67.55318 	2320224.9
68.256859 	2304360.8
68.608698 	2296429.3
69.312377 	2280567.5
70.016056 	2264705.7
70.367896 	2256773.2
70.719735 	2248838
71.071575 	2240895
71.423414 	2232910.1
72.830772 	2217420
73.182612 	2217388.5
73.534451 	2217365.7
73.886291 	2217347.1
74.941809 	2217279.1
75.293648 	2217256.4
75.645488 	2217233.4
75.997327 	2217210.2
77.052846 	2217138.1
77.404685 	2217112
77.756525 	2217085.2
78.460204 	2217031.2
78.812043 	2217004
79.163883 	2216976.2
80.219401 	2216895.5
81.27492 	2216817.7
81.626759 	2216774.5
81.978599 	2216760.9
82.330438 	2215650.4
82.682278 	2209559.8
83.034117 	2201703.6
83.385957 	2193730.6
83.737796 	2185751
84.089635 	2177770.4
84.441475 	2169789.3
85.496993 	2145842.3
86.552512 	2121890.8
86.904351 	2113906.3
89.015388 	2065995.1
89.367228 	2058009.7
90.070907 	2042039
90.422746 	2034053.8
90.774586 	2026068.7
91.126425 	2018083.8
91.478265 	2010098.9
91.830104 	2002114.2
92.533783 	1986145.1
93.237462 	1970176.6
93.589301 	1962192.5
93.941141 	1954208.5
94.29298 	1946224.6
96.052178 	1906306.3
96.404017 	1898322.9
96.755857 	1890339.5
97.459536 	1874372.8
97.811375 	1866389.5
98.163215 	1858406.2
98.515054 	1850422.9
99.922412 	1818489.7
100.27425 	1810506.3
100.62609 	1802522.8
101.32977 	1786555.8
102.03345 	1770588.5
102.38529 	1762604.7
103.79265 	1730668.6
104.14449 	1722684.4
104.49633 	1714700
105.2 	1698730.8
105.90368 	1682761.1
106.25552 	1674776
106.60736 	1666790.8
108.01472 	1634848.4
108.36656 	1626862.3
108.7184 	1618876.2
109.07024 	1610889.8
109.77392 	1594916.6
110.12576 	1586929.7
110.82944 	1570955.4
111.18128 	1562968
111.53311 	1554980.4
111.88495 	1546992.6
112.58863 	1531016.4
112.94047 	1523028.1
113.29231 	1515039.5
113.64415 	1507050.8
113.99599 	1499061.9
114.34783 	1491072.8
114.69967 	1483083.5
115.05151 	1475094
115.40335 	1467104.4
115.75519 	1459114.5
116.45887 	1443134.3
116.81071 	1435143.9
117.16255 	1427153.4
117.51439 	1419162.7
118.21806 	1403180.8
118.5699 	1395189.5
118.92174 	1387198.2
119.27358 	1379206.7
119.62542 	1371215
119.97726 	1363223.2
120.3291 	1355231.2
120.68094 	1347239.1
121.03278 	1339246.9
121.38462 	1331254.5
121.73646 	1323262
122.0883 	1315269.4
122.79198 	1299283.8
123.14382 	1291290.9
123.49566 	1283297.8
123.8475 	1275304.6
124.19934 	1267311.4
124.55118 	1259318
124.90302 	1251324.6
125.25485 	1243331
125.60669 	1235337.4
126.66221 	1211356.2
127.01405 	1203362.3
127.36589 	1195368.3
127.71773 	1187374.3
128.06957 	1179380.3
128.42141 	1171386.1
128.77325 	1163392
129.12509 	1155397.8
129.47693 	1147403.5
130.18061 	1131414.9
130.53245 	1123420.6
130.88429 	1115426.2
131.23613 	1107431.8
132.29164 	1083448.4
132.64348 	1075453.9
132.99532 	1067459.4
133.699 	1051470.4
134.05084 	1043475.8
134.40268 	1035481.3
134.75452 	1027486.7
135.4582 	1011497.5
135.81004 	1003502.9
136.16188 	995508.32
136.51372 	987513.7
136.86556 	979519.07
137.56924 	963529.78
137.92108 	955535.12
138.27292 	947540.45
138.97659 	931551.09
139.68027 	915561.69
140.03211 	907566.97
140.38395 	899572.24
140.73579 	891577.5
141.08763 	883582.75
141.43947 	875587.98
141.79131 	867593.2
142.14315 	859598.41
142.49499 	851603.6
142.84683 	843608.77
144.25419 	811629.3
145.3097 	787644.5
145.66154 	779649.52
146.01338 	771654.52
146.36522 	763659.5
146.71706 	755664.46
147.0689 	747669.39
147.42074 	739674.3
148.12442 	723684.05
148.8281 	707693.69
149.17994 	699698.47
149.88362 	683707.95
150.23546 	675712.65
150.5873 	667717.32
151.29098 	651726.58
151.99465 	635735.73
152.69833 	619744.77
153.05017 	611749.24
153.40201 	603753.69
153.75385 	595758.11
154.45753 	579766.87
154.80937 	571771.21
155.16121 	563775.52
155.51305 	555779.8
155.86489 	547784.06
156.21673 	539788.29
156.56857 	531792.5
157.62409 	507804.97
157.97593 	499809.08
158.32777 	491813.17
158.67961 	483817.24
159.03144 	475821.29
159.38328 	467825.31
159.73512 	459829.32
160.08696 	451833.3
160.4388 	443837.27
160.79064 	435841.22
161.14248 	427845.16
161.49432 	419849.07
161.84616 	411852.97
162.90168 	387864.59
163.25352 	379868.44
163.9572 	363876.1
164.30904 	355879.91
164.66088 	347883.71
165.01272 	339887.51
165.71639 	323895.07
166.06823 	315898.84
167.12375 	291910.12
167.47559 	283913.87
167.82743 	275917.61
168.17927 	267921.35
168.53111 	259925.09
169.23479 	243932.56
169.58663 	235936.29
169.93847 	227940.02
170.64215 	211947.49
170.99399 	203951.22
171.34583 	195954.95
171.69767 	187958.69
172.04951 	179962.43
172.40134 	171966.17
172.75318 	163969.91
173.10502 	155973.66
174.16054 	131984.92
174.51238 	123988.68
174.86422 	115992.45
