0 	8391726.8
6.4128257 	8317363.4
34.468938 	7784871.7
37.675351 	7705390.5
40.881764 	7625880.1
50.501002 	7400594.8
53.707415 	7376580.6
62.52505 	7249434.2
65.731463 	7222094.4
68.937876 	7144443.4
69.739479 	7128837.5
96.993988 	6580574.3
103.40681 	6433750.1
106.61323 	6354090.4
116.23246 	6119990.8
123.44689 	5947069.1
125.05 	5908618.2
125.8517 	5889068.5
128.25651 	5835981.6
131.46293 	5813156.7
151.50301 	5663653.7
153.90782 	5663591.8
156.31263 	5663144.7
159.51904 	5662862.7
166.73347 	5661205.4
169.13828 	5659790.5
175.5511 	5657026.6
176.35271 	5656615.3
187.57515 	5651655.6
190.78156 	5650543.2
200.4008 	5536684.3
201.2024 	5514831.2
202.00401 	5492987.3
202.80561 	5471150.3
203.60721 	5449316.7
204.40882 	5427479.5
205.21042 	5405629.9
206.01202 	5383762
206.81363 	5361876.4
207.61523 	5339981.3
208.41683 	5318090.6
209.21844 	5296216.8
210.02004 	5274365.9
210.82164 	5252537.9
211.62325 	5230730.4
212.42485 	5208943
213.22645 	5187177.9
214.02806 	5165439.3
214.82966 	5143730.3
215.63126 	5122050.6
216.43287 	5100394.3
217.23447 	5078750.2
218.03607 	5057104
219.63928 	5013754.6
220.44088 	4992036.8
221.24248 	4970289
222.04409 	4948515.2
222.84569 	4926721.1
223.64729 	4904912.2
224.4489 	4883093.3
225.2505 	4861268.2
226.0521 	4839439.6
227.65531 	4795779.8
228.45691 	4773952
229.25852 	4752127.5
230.86172 	4708492.7
231.66333 	4686683.7
232.46493 	4664880.6
234.06814 	4621291.3
234.86974 	4599504
235.67134 	4577720.8
236.47295 	4555941.1
237.27455 	4534164.2
238.07615 	4512389.5
238.87776 	4490616.7
239.67936 	4468845.3
240.48096 	4447075.3
241.28257 	4425306.6
242.08417 	4403539.1
242.88577 	4381773.1
243.68737 	4360008.8
244.48898 	4338246.4
245.29058 	4316485.8
246.09218 	4294726.9
246.89379 	4272969.7
247.69539 	4251213.6
248.49699 	4229458.2
249.2986 	4207702.9
250.1002 	4185947
250.9018 	4164190
251.70341 	4142431.1
252.50501 	4120670
253.30661 	4098906.1
254.10822 	4077139.2
254.90982 	4055369
255.71142 	4033595.3
256.51303 	4011818.1
257.31463 	3990037.3
258.11623 	3968252.9
258.91784 	3946464.7
259.71944 	3924673
260.52104 	3902877.6
261.32265 	3881078.6
262.12425 	3859276.3
262.92585 	3837470.8
263.72745 	3815662.5
264.52906 	3793851.7
265.33066 	3772038.9
266.13226 	3750224.5
266.93387 	3728409
267.73547 	3706592.8
268.53707 	3684776.3
269.33868 	3662959.5
270.14028 	3641142.7
270.94188 	3619326
271.74349 	3597509.2
272.54509 	3575692.3
273.34669 	3553875.2
274.1483 	3532057.7
274.9499 	3510239.8
274.95 	3510237.1
275.7515 	3488421.6
276.55311 	3466602.9
277.35471 	3444784.1
278.95792 	3401146.3
279.75952 	3379327.7
280.56112 	3357509.5
281.36273 	3335692
282.16433 	3313875.1
282.96593 	3292058.9
283.76754 	3270243.5
284.56914 	3248428.6
285.37074 	3226614.1
286.17234 	3204799.7
286.97395 	3182985.3
288.57715 	3139355
289.37876 	3117538.3
290.18036 	3095720.2
290.98196 	3073900.3
291.78357 	3052078.2
292.58517 	3030253.6
293.38677 	3008426.2
294.18838 	2986595.6
294.98998 	2964761.5
295.79158 	2942923.7
296.59319 	2921081.9
297.39479 	2899235.7
298.19639 	2877385
298.998 	2855529.5
299.7996 	2833669.1
300.6012 	2811803.8
301.40281 	2789933.4
302.20441 	2768058.1
303.00601 	2746177.8
303.80762 	2724292.7
304.60922 	2702402.9
306.21242 	2658610.3
307.01403 	2636707.8
307.81563 	2614801.6
308.61723 	2592891.9
309.41884 	2570978.9
310.22044 	2549062.8
311.02204 	2527143.9
311.82365 	2505222.5
312.62525 	2483298.8
313.42685 	2461373.1
314.22846 	2439445.6
315.03006 	2417516.6
315.83166 	2395586.4
316.63327 	2373655.2
317.43487 	2351723.3
318.23647 	2329790.9
319.03808 	2307858.3
319.83968 	2285925.7
320.64128 	2263993.4
321.44289 	2242061.7
322.24449 	2220130.7
323.04609 	2198200.6
323.8477 	2176271.9
324.6493 	2154344.5
325.4509 	2132418.8
326.25251 	2110495
327.05411 	2088573.3
327.85571 	2066653.8
328.65731 	2044736.6
329.45892 	2022822
330.26052 	2000910
331.06212 	1979000.7
331.86373 	1957094.2
332.66533 	1935190.6
333.46693 	1913290
334.26854 	1891392.3
335.07014 	1869497.7
335.87174 	1847606.3
336.67335 	1825718.2
337.47495 	1803833.4
338.27655 	1781952.1
339.07816 	1760074.3
339.87976 	1738200.3
340.68136 	1716330.1
341.48297 	1694463.9
342.28457 	1672601.8
343.08617 	1650744
343.88778 	1628890.5
344.68938 	1607041.4
345.49098 	1585196.8
346.29259 	1563356.7
347.09419 	1541521.2
347.89579 	1519690.1
348.69739 	1497863.3
349.499 	1476040.9
350.3006 	1454222.6
351.1022 	1432408.3
351.90381 	1410597.7
352.70541 	1388790.6
353.50701 	1366986.8
354.30862 	1345185.9
355.11022 	1323387.6
355.91182 	1301591.6
356.71343 	1279797.6
357.51503 	1258005.1
358.31663 	1236213.9
359.11824 	1214423.6
359.91984 	1192633.9
360.72144 	1170844.3
361.52305 	1149054.6
362.32465 	1127264.5
363.12625 	1105473.7
363.92786 	1083681.9
364.72946 	1061888.8
365.53106 	1040094.2
366.33267 	1018297.8
367.13427 	996499.59
367.93587 	974699.22
368.73747 	952896.57
369.53908 	931091.45
370.34068 	909283.73
371.14228 	887473.24
371.94389 	865659.85
372.74549 	843843.43
373.54709 	822023.84
374.3487 	800200.97
375.1503 	778374.69
375.9519 	756544.91
376.75351 	734711.51
377.55511 	712874.42
379.15832 	669188.84
379.95992 	647340.22
381.56313 	603631.13
382.36473 	581770.6
383.16633 	559906.09
383.96794 	538037.59
384.76954 	516165.15
385.57114 	494288.79
386.37275 	472408.59
387.17435 	450524.62
387.97595 	428636.97
388.77756 	406745.76
389.57916 	384851.11
390.38076 	362953.17
391.18236 	341052.13
391.98397 	319148.15
392.78557 	297241.45
393.58717 	275332.25
394.38878 	253420.79
395.19038 	231507.32
395.99198 	209592.11
396.79359 	187675.44
397.59519 	165757.59
399.1984 	121919.58
400 	100533.88
