0 	8118301.1
6.4128257 	8085106.7
34.468938 	7487667.4
37.675351 	7420154.6
40.881764 	7406104.1
50.501002 	7365007.9
53.707415 	7284188.6
62.52505 	7062993.2
65.731463 	6982372.5
68.937876 	6901656
69.739479 	6881770.3
96.993988 	6296628.7
103.40681 	6193878.5
106.61323 	6150346.4
116.23246 	5981918.3
123.44689 	5801497.6
125.05 	5771091
125.8517 	5754213.4
128.25651 	5691307.5
131.46293 	5602337.3
151.50301 	5140209.1
153.90782 	5113778.6
156.31263 	5111058.5
159.51904 	5109446.4
166.73347 	5106263.8
169.13828 	5105288.5
175.5511 	5103435.4
176.35271 	5103198.7
187.57515 	5101876.2
190.78156 	5101123.4
200.4008 	5098850.5
201.2024 	5098482
202.00401 	5098020.6
202.80561 	5097600.8
203.60721 	5097230.6
204.40882 	5096900.3
205.21042 	5096650.6
206.01202 	5096238.1
206.81363 	5095659.5
207.61523 	5095066.6
208.41683 	5094739.1
209.21844 	5094618.3
210.02004 	5094560.1
210.82164 	5094624.7
211.62325 	5094839.6
212.42485 	5095234.9
213.22645 	5095493.6
214.02806 	5095611.8
214.82966 	5095961.1
215.63126 	5096438.9
216.43287 	5096758.6
217.23447 	5097056.5
218.03607 	5097292.5
219.63928 	5097624.8
220.44088 	5097642.9
221.24248 	5097665.3
222.04409 	5097571.1
222.84569 	5097398
223.64729 	5097168.7
224.4489 	5096803.3
225.2505 	5096214
226.0521 	5095160
227.65531 	5089656.9
228.45691 	5082467.7
229.25852 	5069571.2
230.86172 	5027783.7
231.66333 	5004340.1
232.46493 	4980939
234.06814 	4934263.9
234.86974 	4910950.2
235.67134 	4887645.7
236.47295 	4864347.8
237.27455 	4841054.1
238.07615 	4817761.8
238.87776 	4794468.8
239.67936 	4771174.3
240.48096 	4747878.5
241.28257 	4724582
242.08417 	4701285
242.88577 	4677987.3
243.68737 	4654688
244.48898 	4631385
245.29058 	4608075.6
246.09218 	4584756.3
246.89379 	4561423.9
247.69539 	4538076.4
248.49699 	4514713.2
249.2986 	4491335.2
250.1002 	4467943.8
250.9018 	4444540.8
251.70341 	4421126.9
252.50501 	4397702.1
253.30661 	4374265.7
254.10822 	4350816.9
254.90982 	4327355.3
255.71142 	4303881.6
256.51303 	4280397.5
257.31463 	4256905.4
258.11623 	4233407.6
258.91784 	4209905.4
259.71944 	4186398
260.52104 	4162882.8
261.32265 	4139355.6
262.12425 	4115811.9
262.92585 	4092248.1
263.72745 	4068662.8
264.52906 	4045057.1
265.33066 	4021434.1
266.13226 	3997798.1
266.93387 	3974153.4
267.73547 	3950504.1
268.53707 	3926852.9
269.33868 	3903202
270.14028 	3879552.7
270.94188 	3855905.9
271.74349 	3832262.5
272.54509 	3808623.7
273.34669 	3784990.3
274.1483 	3761363.9
274.9499 	3737745.6
274.95 	3737742.6
275.7515 	3714137
276.55311 	3690539.8
277.35471 	3666955.7
278.95792 	3619833.8
279.75952 	3596300
280.56112 	3572786.5
281.36273 	3549295.2
282.16433 	3525827.3
282.96593 	3502383.6
283.76754 	3478964.5
284.56914 	3455569.7
285.37074 	3432198.5
286.17234 	3408849.7
286.97395 	3385521.8
288.57715 	3338922.1
289.37876 	3315647.2
290.18036 	3292387.3
290.98196 	3269141.1
291.78357 	3245907.9
292.58517 	3222686.8
293.38677 	3199477.1
294.18838 	3176278.3
294.98998 	3153089.5
295.79158 	3129909.9
296.59319 	3106738.8
297.39479 	3083574.9
298.19639 	3060417.3
298.998 	3037264.3
299.7996 	3014114.7
300.6012 	2990966.5
301.40281 	2967818
302.20441 	2944667.4
303.00601 	2921513
303.80762 	2898353.1
304.60922 	2875186.6
306.21242 	2828830.4
307.01403 	2805640
307.81563 	2782441.4
308.61723 	2759234.6
309.41884 	2736019.9
310.22044 	2712797.7
311.02204 	2689568.2
311.82365 	2666331.5
312.62525 	2643087.9
313.42685 	2619837.6
314.22846 	2596580.7
315.03006 	2573317.4
315.83166 	2550048
316.63327 	2526772.8
317.43487 	2503492.1
318.23647 	2480206.2
319.03808 	2456915.4
319.83968 	2433620.1
320.64128 	2410320.6
321.44289 	2387017.3
322.24449 	2363710.2
323.04609 	2340399.7
323.8477 	2317085.9
324.6493 	2293768.8
325.4509 	2270448.6
326.25251 	2247125.3
327.05411 	2223799
327.85571 	2200469.8
328.65731 	2177137.8
329.45892 	2153803.2
330.26052 	2130466.1
331.06212 	2107126.8
331.86373 	2083785.5
332.66533 	2060442.4
333.46693 	2037097.7
334.26854 	2013751.5
335.07014 	1990404.1
335.87174 	1967055.5
336.67335 	1943705.7
337.47495 	1920354.9
338.27655 	1897003
339.07816 	1873650
339.87976 	1850295.8
340.68136 	1826940.5
341.48297 	1803584
342.28457 	1780226.5
343.08617 	1756868.1
343.88778 	1733509
344.68938 	1710149.5
345.49098 	1686789.8
346.29259 	1663430.4
347.09419 	1640071.7
347.89579 	1616714
348.69739 	1593357.8
349.499 	1570003.2
350.3006 	1546650.6
351.1022 	1523300.2
351.90381 	1499952
352.70541 	1476606.2
353.50701 	1453262.6
354.30862 	1429921.3
355.11022 	1406582.1
355.91182 	1383244.9
356.71343 	1359909.5
357.51503 	1336575.7
358.31663 	1313243.3
359.11824 	1289912.2
359.91984 	1266582.1
360.72144 	1243252.8
361.52305 	1219924.1
362.32465 	1196595.7
363.12625 	1173267.6
363.92786 	1149939.4
364.72946 	1126611
365.53106 	1103282.2
366.33267 	1079952.9
367.13427 	1056623
367.93587 	1033292.4
368.73747 	1009961.1
369.53908 	986629.14
370.34068 	963296.48
371.14228 	939963.24
371.94389 	916629.54
372.74549 	893295.48
373.54709 	869961.22
374.3487 	846626.89
375.1503 	823292.63
375.9519 	799958.55
376.75351 	776624.75
377.55511 	753291.29
379.15832 	706625.56
379.95992 	683293.3
381.56313 	636629.83
382.36473 	613298.52
383.16633 	589967.41
383.96794 	566636.45
384.76954 	543305.57
385.57114 	519974.72
386.37275 	496643.86
387.17435 	473312.95
387.97595 	449981.95
388.77756 	426650.85
389.57916 	403319.62
390.38076 	379988.23
391.18236 	356656.7
391.98397 	333324.99
392.78557 	309993.11
393.58717 	286661.06
394.38878 	263328.84
395.19038 	239996.46
395.99198 	216663.93
396.79359 	193331.28
397.59519 	169998.54
399.1984 	123332.87
400 	100568.31
