0 	3836484
0.35183948 	3829078.8
0.70367896 	3821289.6
1.0555184 	3813500.6
1.4073579 	3805806.3
1.7591974 	3798165.9
2.1110369 	3790420.8
2.4628764 	3782643.7
2.8147158 	3774839
3.1665553 	3767272.7
3.5183948 	3759684.5
3.8702343 	3751895
4.2220737 	3744143.1
4.9257527 	3728592.8
5.6294317 	3713124
5.9812711 	3705260.4
6.3331106 	3698198.7
8.092308 	3659896.7
8.795987 	3648491.9
9.1478265 	3640694
10.203345 	3617314.5
10.907024 	3601728.2
11.258863 	3593935
11.610703 	3586141.9
11.962542 	3578348.8
12.666221 	3562762.6
13.018061 	3554969.6
13.3699 	3547176.5
13.72174 	3539383.5
14.777258 	3516004.4
15.480937 	3500418.5
15.832777 	3492625.6
16.536456 	3477039.7
17.591974 	3453661.1
18.647492 	3430282.8
19.351171 	3414697.3
19.703011 	3406904.7
20.05485 	3399112
20.40669 	3391319.4
20.758529 	3383526.7
21.462208 	3367941.5
22.165887 	3352310.7
22.869566 	3341492.6
23.573245 	3341151.4
23.925085 	3341115.9
24.276924 	3341080.8
24.628764 	3341045.7
25.332442 	3340975.8
25.684282 	3340941
26.387961 	3340870.9
26.7398 	3340835.6
27.09164 	3340800.1
27.443479 	3340764.2
27.795319 	3340727.3
28.147158 	3340693.9
28.850837 	3340609.8
29.202677 	3340549.7
29.554516 	3339106.3
29.906356 	3332629.7
30.258195 	3324886.9
30.610035 	3317080.1
30.961874 	3309270.3
31.665553 	3293650.5
32.017393 	3285840.6
32.369232 	3278030.6
32.721072 	3270220.7
33.072911 	3262410.7
33.424751 	3254600.8
33.77659 	3246790.9
34.128429 	3238981
34.480269 	3231171.2
34.832108 	3223361.3
35.183948 	3215551.5
35.535787 	3207741.7
35.887627 	3199931.9
36.239466 	3192122.1
36.591306 	3184312.4
37.294985 	3168692.9
37.646824 	3160883.1
37.998664 	3153073.4
38.702343 	3137453.9
39.406022 	3121834.4
39.757861 	3114024.7
41.165219 	3082785.6
41.517059 	3074975.8
41.868898 	3067166
42.220737 	3059356.2
42.924416 	3043736.5
43.276256 	3035926.7
43.628095 	3028116.8
43.979935 	3020306.9
44.683614 	3004687.2
45.035453 	2996877.3
45.387293 	2989067.4
46.090972 	2973447.6
46.442811 	2965637.7
47.14649 	2950017.8
47.49833 	2942207.9
48.202009 	2926588
48.553848 	2918778.1
49.257527 	2903158.3
49.609367 	2895348.3
49.961206 	2887538.4
50.313045 	2879728.5
50.664885 	2871918.5
51.016724 	2864108.6
51.720403 	2848488.8
52.072243 	2840678.8
52.424082 	2832868.9
52.775922 	2825059
53.127761 	2817249.1
54.18328 	2793819.3
54.535119 	2786009.4
54.886959 	2778199.4
55.238798 	2770389.5
55.590638 	2762579.6
55.942477 	2754769.7
56.997996 	2731340
57.349835 	2723530.1
57.701675 	2715720.2
58.053514 	2707910.3
58.405354 	2700100.4
58.757193 	2692290.5
59.109032 	2684480.6
59.460872 	2676670.7
60.164551 	2661051
60.51639 	2653241.1
60.86823 	2645431.3
61.220069 	2637621.5
61.571909 	2629811.6
61.923748 	2622001.8
62.275588 	2614192
62.627427 	2606382.2
62.979267 	2598572.4
63.331106 	2590762.6
63.682946 	2582952.8
64.034785 	2575143.1
64.386625 	2567333.4
64.738464 	2559523.6
65.442143 	2543904.2
65.793983 	2536094.5
66.497662 	2520475.2
67.55318 	2497046.3
68.256859 	2481427.2
68.608698 	2473617.6
69.312377 	2457998.6
70.016056 	2442379.6
70.367896 	2434570.2
70.719735 	2426760.8
71.071575 	2418951.3
71.423414 	2411142
72.830772 	2379904.6
73.182612 	2372095.3
73.534451 	2364286.1
73.886291 	2356476.8
74.941809 	2333049.2
75.293648 	2325240.1
75.645488 	2317430.9
75.997327 	2309621.8
77.052846 	2286194.6
77.404685 	2278385.6
77.756525 	2270576.6
78.460204 	2254958.7
78.812043 	2247149.8
79.163883 	2239340.8
80.219401 	2215914.2
81.27492 	2192487.8
81.626759 	2184679
81.978599 	2176870.3
82.330438 	2169061.5
82.682278 	2161252.8
83.034117 	2153444.1
83.385957 	2145635.4
83.737796 	2137826.8
84.089635 	2130018.2
84.441475 	2122209.5
85.496993 	2098783.8
86.552512 	2075358.2
86.904351 	2067549.7
89.015388 	2020698.9
89.367228 	2012890.5
90.070907 	1997273.8
90.422746 	1989465.4
90.774586 	1981657.1
91.126425 	1973848.7
91.478265 	1966040.4
91.830104 	1958232.1
92.533783 	1942615.5
93.237462 	1926998.9
93.589301 	1919190.7
93.941141 	1911382.4
94.29298 	1903574.2
96.052178 	1864533.1
96.404017 	1856724.9
96.755857 	1848916.7
97.459536 	1833300.4
97.811375 	1825492.2
98.163215 	1817684.1
98.515054 	1809875.9
99.922412 	1778643.4
100.27425 	1770835.3
100.62609 	1763027.2
101.32977 	1747410.9
102.03345 	1731794.7
102.38529 	1723986.6
103.79265 	1692754.2
104.14449 	1684946.1
104.49633 	1677138
105.2 	1661521.9
105.90368 	1645905.7
106.25552 	1638097.6
106.60736 	1630289.5
108.01472 	1599057.1
108.36656 	1591249
108.7184 	1583441
109.07024 	1575632.9
109.77392 	1560016.7
110.12576 	1552208.6
110.82944 	1536592.3
111.18128 	1528784.2
111.53311 	1520976.1
111.88495 	1513168
112.58863 	1497551.8
112.94047 	1489743.7
113.29231 	1481935.5
113.64415 	1474127.4
113.99599 	1466319.3
114.34783 	1458511.1
114.69967 	1450703
115.05151 	1442894.9
115.40335 	1435086.7
115.75519 	1427278.6
116.45887 	1411662.3
116.81071 	1403854.1
117.16255 	1396046
117.51439 	1388237.8
118.21806 	1372621.5
118.5699 	1364813.3
118.92174 	1357005.1
119.27358 	1349197
119.62542 	1341388.8
119.97726 	1333580.6
120.3291 	1325772.4
120.68094 	1317964.2
121.03278 	1310156
121.38462 	1302347.9
121.73646 	1294539.7
122.0883 	1286731.5
122.79198 	1271115.1
123.14382 	1263306.9
123.49566 	1255498.7
123.8475 	1247690.5
124.19934 	1239882.3
124.55118 	1232074.1
124.90302 	1224265.9
125.25485 	1216457.7
125.60669 	1208649.5
126.66221 	1185225
127.01405 	1177416.8
127.36589 	1169608.6
127.71773 	1161800.4
128.06957 	1153992.2
128.42141 	1146184
128.77325 	1138375.8
129.12509 	1130567.6
129.47693 	1122759.5
130.18061 	1107143.1
130.53245 	1099334.9
130.88429 	1091526.8
131.23613 	1083718.6
132.29164 	1060294.1
132.64348 	1052486
132.99532 	1044677.8
133.699 	1029061.6
134.05084 	1021253.4
134.40268 	1013445.3
134.75452 	1005637.2
135.4582 	990020.99
135.81004 	982212.89
136.16188 	974404.8
136.51372 	966596.71
136.86556 	958788.64
137.56924 	943172.5
137.92108 	935364.45
138.27292 	927556.4
138.97659 	911940.33
139.68027 	896324.29
140.03211 	888516.29
140.38395 	880708.29
140.73579 	872900.31
141.08763 	865092.33
141.43947 	857284.36
141.79131 	849476.4
142.14315 	841668.45
142.49499 	833860.51
142.84683 	826052.58
144.25419 	794820.96
145.3097 	771397.36
145.66154 	763589.52
146.01338 	755781.69
146.36522 	747973.86
146.71706 	740166.05
147.0689 	732358.25
147.42074 	724550.47
148.12442 	708934.93
148.8281 	693319.43
149.17994 	685511.71
149.88362 	669896.29
150.23546 	662088.59
150.5873 	654280.92
151.29098 	638665.59
151.99465 	623050.32
152.69833 	607435.1
153.05017 	599627.51
153.40201 	591819.93
153.75385 	584012.36
154.45753 	568397.27
154.80937 	560589.74
155.16121 	552782.23
155.51305 	544974.72
155.86489 	537167.23
156.21673 	529359.76
156.56857 	521552.29
157.62409 	498129.98
157.97593 	490322.56
158.32777 	482515.16
158.67961 	474707.77
159.03144 	466900.4
159.38328 	459093.03
159.73512 	451285.68
160.08696 	443478.34
160.4388 	435671.02
160.79064 	427863.7
161.14248 	420056.4
161.49432 	412249.11
161.84616 	404441.84
162.90168 	381020.08
163.25352 	373212.85
163.9572 	357598.42
164.30904 	349791.23
164.66088 	341984.05
165.01272 	334176.88
165.71639 	318562.57
166.06823 	310755.43
167.12375 	287334.09
167.47559 	279526.99
167.82743 	271719.91
168.17927 	263912.84
168.53111 	256105.77
169.23479 	240491.68
169.58663 	232684.65
169.93847 	224877.63
170.64215 	209263.61
170.99399 	201456.62
171.34583 	193649.64
171.69767 	185842.67
172.04951 	178035.7
172.40134 	170228.75
172.75318 	162421.8
173.10502 	154614.86
174.16054 	131194.1
174.51238 	123387.19
174.86422 	115580.26
