0 	3836501.3
0.35183948 	3829068.5
0.70367896 	3818954.8
1.0555184 	3805264.1
1.4073579 	3798747.5
1.7591974 	3797618.9
2.1110369 	3797610.7
2.4628764 	3797743.7
2.8147158 	3797719.2
3.1665553 	3797664.5
3.5183948 	3797603.4
3.8702343 	3797540.8
4.2220737 	3797477.6
4.9257527 	3797350.3
5.6294317 	3797222.4
5.9812711 	3797158.7
6.3331106 	3797095.4
8.092308 	3796769.6
8.795987 	3796550.5
9.1478265 	3796566.9
10.203345 	3794757.8
10.907024 	3779762.7
11.258863 	3771899
11.610703 	3764034.4
11.962542 	3756169.6
12.666221 	3740440
13.018061 	3732575.1
13.3699 	3724710.1
13.72174 	3716845.1
14.777258 	3693249.5
15.480937 	3677518.7
15.832777 	3669653.1
16.536456 	3653921.9
17.591974 	3630324.7
18.647492 	3606727
19.351171 	3590995
19.703011 	3583128.9
20.05485 	3575262.9
20.40669 	3567396.8
20.758529 	3559530.7
21.462208 	3543798.4
22.165887 	3528066
22.869566 	3512333.6
23.573245 	3496601.2
23.925085 	3488735
24.276924 	3480868.8
24.628764 	3473002.6
25.332442 	3457270.2
25.684282 	3449404
26.387961 	3433671.5
26.7398 	3425805.4
27.09164 	3417939.2
27.443479 	3410073
27.795319 	3402206.8
28.147158 	3394340.7
28.850837 	3378608.4
29.202677 	3370742.3
29.554516 	3362876.3
29.906356 	3355010.2
30.258195 	3347144.2
30.610035 	3339278.2
30.961874 	3331412.2
31.665553 	3315680.4
32.017393 	3307814.5
32.369232 	3299948.7
32.721072 	3292082.9
33.072911 	3284217.1
33.424751 	3276351.4
33.77659 	3268485.8
34.128429 	3260620.2
34.480269 	3252754.7
34.832108 	3244889.2
35.183948 	3237023.8
35.535787 	3229158.4
35.887627 	3221293.1
36.239466 	3213427.9
36.591306 	3205562.7
37.294985 	3189832.6
37.646824 	3181967.6
37.998664 	3174102.7
38.702343 	3158373.1
39.406022 	3142643.8
39.757861 	3134779.3
41.165219 	3103321.8
41.517059 	3095457.6
41.868898 	3087593.4
42.220737 	3079729.3
42.924416 	3064001.3
43.276256 	3056137.3
43.628095 	3048273.4
43.979935 	3040409.6
44.683614 	3024682
45.035453 	3016818.3
45.387293 	3008954.6
46.090972 	2993227.3
46.442811 	2985363.6
47.14649 	2969636.5
47.49833 	2961772.9
48.202009 	2946045.8
48.553848 	2938182.3
49.257527 	2922455.2
49.609367 	2914591.6
49.961206 	2906728.1
50.313045 	2898864.6
50.664885 	2891001
51.016724 	2883137.4
51.720403 	2867410.3
52.072243 	2859546.7
52.424082 	2851683
52.775922 	2843819.4
53.127761 	2835955.8
54.18328 	2812364.7
54.535119 	2804501
54.886959 	2796637.3
55.238798 	2788773.5
55.590638 	2780909.8
55.942477 	2773046
56.997996 	2749454.6
57.349835 	2741590.8
57.701675 	2733727
58.053514 	2725863.2
58.405354 	2717999.4
58.757193 	2710135.5
59.109032 	2702271.7
59.460872 	2694407.9
60.164551 	2678680.3
60.51639 	2670816.5
60.86823 	2662952.8
61.220069 	2655089
61.571909 	2647225.3
61.923748 	2639361.5
62.275588 	2631497.8
62.627427 	2623634.2
62.979267 	2615770.5
63.331106 	2607906.9
63.682946 	2600043.4
64.034785 	2592179.8
64.386625 	2584316.3
64.738464 	2576452.9
65.442143 	2560726.1
65.793983 	2552862.7
66.497662 	2537136.2
67.55318 	2513546.8
68.256859 	2497820.8
68.608698 	2489957.9
69.312377 	2474232.2
70.016056 	2458506.8
70.367896 	2450644.2
70.719735 	2442781.6
71.071575 	2434919.1
71.423414 	2427056.7
72.830772 	2395607.5
73.182612 	2387745.4
73.534451 	2379883.3
73.886291 	2372021.2
74.941809 	2348435.5
75.293648 	2340573.7
75.645488 	2332711.9
75.997327 	2324850.2
77.052846 	2301265.4
77.404685 	2293403.9
77.756525 	2285542.4
78.460204 	2269819.6
78.812043 	2261958.2
79.163883 	2254096.9
80.219401 	2230513.1
81.27492 	2206929.6
81.626759 	2199068.5
81.978599 	2191207.4
82.330438 	2183346.3
82.682278 	2175485.3
83.034117 	2167624.2
83.385957 	2159763.2
83.737796 	2151902.2
84.089635 	2144041.1
84.441475 	2136180.1
85.496993 	2112597.1
86.552512 	2089014.1
86.904351 	2081153
89.015388 	2033986.7
89.367228 	2026125.6
90.070907 	2010403.3
90.422746 	2002542.1
90.774586 	1994680.9
91.126425 	1986819.7
91.478265 	1978958.5
91.830104 	1971097.3
92.533783 	1955374.7
93.237462 	1939652.1
93.589301 	1931790.8
93.941141 	1923929.4
94.29298 	1916068
96.052178 	1876760.9
96.404017 	1868899.4
96.755857 	1861037.9
97.459536 	1845314.9
97.811375 	1837453.4
98.163215 	1829591.9
98.515054 	1821730.4
99.922412 	1790284.3
100.27425 	1782422.8
100.62609 	1774561.3
101.32977 	1758838.3
102.03345 	1743115.4
102.38529 	1735253.9
103.79265 	1703808.3
104.14449 	1695947
104.49633 	1688085.7
105.2 	1672363.1
105.90368 	1656640.7
106.25552 	1648779.5
106.60736 	1640918.4
108.01472 	1609474.2
108.36656 	1601613.2
108.7184 	1593752.3
109.07024 	1585891.4
109.77392 	1570169.7
110.12576 	1562308.9
110.82944 	1546587.5
111.18128 	1538726.8
111.53311 	1530866.2
111.88495 	1523005.6
112.58863 	1507284.5
112.94047 	1499424
113.29231 	1491563.5
113.64415 	1483703.1
113.99599 	1475842.6
114.34783 	1467982.2
114.69967 	1460121.9
115.05151 	1452261.5
115.40335 	1444401.2
115.75519 	1436540.8
116.45887 	1420820.2
116.81071 	1412960
117.16255 	1405099.7
117.51439 	1397239.4
118.21806 	1381518.9
118.5699 	1373658.6
118.92174 	1365798.4
119.27358 	1357938.1
119.62542 	1350077.8
119.97726 	1342217.5
120.3291 	1334357.2
120.68094 	1326496.9
121.03278 	1318636.6
121.38462 	1310776.2
121.73646 	1302915.9
122.0883 	1295055.5
122.79198 	1279334.6
123.14382 	1271474.1
123.49566 	1263613.6
123.8475 	1255753.1
124.19934 	1247892.5
124.55118 	1240031.9
124.90302 	1232171.3
125.25485 	1224310.6
125.60669 	1216449.9
126.66221 	1192867.5
127.01405 	1185006.6
127.36589 	1177145.6
127.71773 	1169284.7
128.06957 	1161423.6
128.42141 	1153562.6
128.77325 	1145701.4
129.12509 	1137840.3
129.47693 	1129979.1
130.18061 	1114256.5
130.53245 	1106395.2
130.88429 	1098533.8
131.23613 	1090672.4
132.29164 	1067087.8
132.64348 	1059226.2
132.99532 	1051364.5
133.699 	1035641.1
134.05084 	1027779.3
134.40268 	1019917.5
134.75452 	1012055.7
135.4582 	996331.89
135.81004 	988469.95
136.16188 	980607.97
136.51372 	972745.97
136.86556 	964883.94
137.56924 	949159.8
137.92108 	941297.69
138.27292 	933435.56
138.97659 	917711.24
139.68027 	901986.85
140.03211 	894124.64
140.38395 	886262.41
140.73579 	878400.16
141.08763 	870537.91
141.43947 	862675.65
141.79131 	854813.38
142.14315 	846951.1
142.49499 	839088.82
142.84683 	831226.54
144.25419 	799777.38
145.3097 	776190.52
145.66154 	768328.24
146.01338 	760465.96
146.36522 	752603.68
146.71706 	744741.42
147.0689 	736879.15
147.42074 	729016.9
148.12442 	713292.4
148.8281 	697567.92
149.17994 	689705.69
149.88362 	673981.25
150.23546 	666119.04
150.5873 	658256.83
151.29098 	642532.42
151.99465 	626808.02
152.69833 	611083.63
153.05017 	603221.43
153.40201 	595359.23
153.75385 	587497.03
154.45753 	571772.61
154.80937 	563910.39
155.16121 	556048.17
155.51305 	548185.93
155.86489 	540323.69
156.21673 	532461.43
156.56857 	524599.17
157.62409 	501012.28
157.97593 	493149.95
158.32777 	485287.6
158.67961 	477425.23
159.03144 	469562.84
159.38328 	461700.43
159.73512 	453837.99
160.08696 	445975.53
160.4388 	438113.04
160.79064 	430250.53
161.14248 	422387.99
161.49432 	414525.42
161.84616 	406662.82
162.90168 	383074.84
163.25352 	375212.12
163.9572 	359486.58
164.30904 	351623.76
164.66088 	343760.9
165.01272 	335898.02
165.71639 	320172.14
166.06823 	312309.16
167.12375 	288720.01
167.47559 	280856.9
167.82743 	272993.76
168.17927 	265130.59
168.53111 	257267.39
169.23479 	241540.91
169.58663 	233677.63
169.93847 	225814.33
170.64215 	210087.67
170.99399 	202224.3
171.34583 	194360.92
171.69767 	186497.53
172.04951 	178634.11
172.40134 	170770.69
172.75318 	162907.26
173.10502 	155043.82
174.16054 	131453.46
174.51238 	123590
174.86422 	115726.54
