0 	3836432
0.35183948 	3828435.5
0.70367896 	3820127.3
1.0555184 	3811823.8
1.4073579 	3803520.4
1.7591974 	3795217.2
2.1110369 	3786911.6
2.4628764 	3778641.3
2.8147158 	3770323.4
3.1665553 	3762023
3.5183948 	3753722.8
3.8702343 	3745422.8
4.2220737 	3737123.2
4.9257527 	3720621.4
5.6294317 	3703985.1
5.9812711 	3695697.5
6.3331106 	3687410.1
8.092308 	3645979.7
8.795987 	3629423.8
9.1478265 	3621142.5
10.203345 	3596293.2
10.907024 	3579732.6
11.258863 	3571509.4
11.610703 	3563378.9
11.962542 	3555110.1
12.666221 	3538605.9
13.018061 	3530512.6
13.3699 	3522291.7
13.72174 	3514049.3
14.777258 	3489321.5
15.480937 	3472868.8
15.832777 	3464650.6
16.536456 	3448175.8
17.591974 	3423832
18.647492 	3399220.8
19.351171 	3382813.3
19.703011 	3374609.9
20.05485 	3366406.6
20.40669 	3358203.5
20.758529 	3350000.5
21.462208 	3333594.5
22.165887 	3317188.5
22.869566 	3300782
23.573245 	3284374.8
23.925085 	3276170.5
24.276924 	3267968.8
24.628764 	3259794.8
25.332442 	3243379.7
25.684282 	3235171.8
26.387961 	3218754.8
26.7398 	3210545.8
27.09164 	3202336.4
27.443479 	3194126.6
27.795319 	3185916.5
28.147158 	3177706
28.850837 	3161284
29.202677 	3153072.5
29.554516 	3144860.6
29.906356 	3136648.4
30.258195 	3128435.8
30.610035 	3120222.9
30.961874 	3112009.7
31.665553 	3095582.2
32.017393 	3087367.9
32.369232 	3079150.7
32.721072 	3070915.3
33.072911 	3062867.5
33.424751 	3057574.1
33.77659 	3050253.4
34.128429 	3041872.4
34.480269 	3033447
34.832108 	3025147.4
35.183948 	3019306.8
35.535787 	3011850.6
35.887627 	3003477.5
36.239466 	2995078.9
36.591306 	2986679.6
37.294985 	2969882
37.646824 	2961483.8
37.998664 	2953086.2
38.702343 	2936293.2
39.406022 	2919503.5
39.757861 	2911110
41.165219 	2877546.8
41.517059 	2869158.8
41.868898 	2860771.9
42.220737 	2852386.2
42.924416 	2835618.2
43.276256 	2827235.9
43.628095 	2818854.6
43.979935 	2810474.4
44.683614 	2793716.8
45.035453 	2785339.3
45.387293 	2776962.6
46.090972 	2760211
46.442811 	2751836.1
47.14649 	2735087.3
47.49833 	2726713.3
48.202009 	2709965.5
48.553848 	2701591.6
49.257527 	2684842.9
49.609367 	2676468.1
49.961206 	2668092.8
50.313045 	2659717
50.664885 	2651340.6
51.016724 	2642963.6
51.720403 	2626207.3
52.072243 	2617828
52.424082 	2609448
52.775922 	2601067.2
53.127761 	2592685.6
54.18328 	2567536.9
54.535119 	2559152.9
54.886959 	2550768.5
55.238798 	2542383.8
55.590638 	2533999.1
55.942477 	2525614.4
56.997996 	2500462.7
57.349835 	2492080.3
57.701675 	2483699
58.053514 	2475319.2
58.405354 	2466941.2
58.757193 	2458565.1
59.109032 	2450191.4
59.460872 	2441820.3
60.164551 	2425087.4
60.51639 	2416726.3
60.86823 	2408369.1
61.220069 	2400016.3
61.571909 	2391668.2
61.923748 	2383325
62.275588 	2374987.2
62.627427 	2366655.1
62.979267 	2358328.9
63.331106 	2350009
63.682946 	2341695.6
64.034785 	2333389.1
64.386625 	2325089.6
64.738464 	2316797.4
65.442143 	2300235.7
65.793983 	2291966.6
66.497662 	2275452.2
67.55318 	2250741.8
68.256859 	2234309.2
68.608698 	2226105.1
69.312377 	2209720.9
70.016056 	2193367.6
70.367896 	2185202.2
70.719735 	2177043.9
71.071575 	2168892.5
71.423414 	2160747.8
72.830772 	2128229.7
73.182612 	2120113.8
73.534451 	2112002.6
73.886291 	2103895.9
74.941809 	2079599
75.293648 	2071506.6
75.645488 	2063417.1
75.997327 	2055330
77.052846 	2031081.1
77.404685 	2023001.4
77.756525 	2014923.1
78.460204 	1998769.7
78.812043 	1990694.5
79.163883 	1982620
80.219401 	1958401
81.27492 	1934188.4
81.626759 	1926119.2
81.978599 	1918050.8
82.330438 	1909983.3
82.682278 	1901916.9
83.034117 	1893851.6
83.385957 	1885787.5
83.737796 	1877724.6
84.089635 	1869663.2
84.441475 	1861603.2
85.496993 	1837432.6
86.552512 	1813277.5
86.904351 	1805229.4
89.015388 	1756980.8
89.367228 	1748945.9
90.070907 	1732881.4
90.422746 	1724851.6
90.774586 	1716823.5
91.126425 	1708796.9
91.478265 	1700771.8
91.830104 	1692748.1
92.533783 	1676704.4
93.237462 	1660665.3
93.589301 	1652647.3
93.941141 	1644630.2
94.29298 	1636614
96.052178 	1596546.1
96.404017 	1588535.3
96.755857 	1580525.6
97.459536 	1564510.1
97.811375 	1556504.5
98.163215 	1548500.6
98.515054 	1540498.6
99.922412 	1508510.3
100.27425 	1500518.2
100.62609 	1492527.7
101.32977 	1476550.3
102.03345 	1460574.6
102.38529 	1452586
103.79265 	1420614.9
104.14449 	1412612.9
104.49633 	1404587.4
105.2 	1390596.2
105.90368 	1373779.8
106.25552 	1364760.2
106.60736 	1355734.8
108.01472 	1319588.3
108.36656 	1310615.1
108.7184 	1303153.8
109.07024 	1296068.2
109.77392 	1281846.2
110.12576 	1278405.5
110.82944 	1271636.5
111.18128 	1271120.6
111.53311 	1271121.7
111.88495 	1270993.8
112.58863 	1270654.7
112.94047 	1270590.9
113.29231 	1270521.4
113.64415 	1270448.3
113.99599 	1270387.3
114.34783 	1270333.4
114.69967 	1270278.5
115.05151 	1270220.2
115.40335 	1270162.8
115.75519 	1270118
116.45887 	1270037.3
116.81071 	1269987.2
117.16255 	1269945.6
117.51439 	1269906.1
118.21806 	1269821.9
118.5699 	1269786.6
118.92174 	1269749.4
119.27358 	1269705.5
119.62542 	1269659.8
119.97726 	1269619.7
120.3291 	1269585
120.68094 	1269549.5
121.03278 	1269515.4
121.38462 	1269493.2
121.73646 	1269475.8
122.0883 	1269440.4
122.79198 	1269362.9
123.14382 	1269330.5
123.49566 	1269290.9
123.8475 	1269250.2
124.19934 	1269211.2
124.55118 	1269175.7
124.90302 	1269148
125.25485 	1269133.1
125.60669 	1269135
126.66221 	1269192.4
127.01405 	1269015.9
127.36589 	1266125.7
127.71773 	1258602.7
128.06957 	1250138.8
128.42141 	1241601.4
128.77325 	1233055.1
129.12509 	1224504.4
129.47693 	1215950.4
130.18061 	1198837.3
130.53245 	1190280.3
130.88429 	1181724.1
131.23613 	1173169.3
132.29164 	1147516.8
132.64348 	1138970.2
132.99532 	1130425.8
133.699 	1113342.8
134.05084 	1104803.9
134.40268 	1096266.5
134.75452 	1087730.5
135.4582 	1070662.2
135.81004 	1062129.6
136.16188 	1053597.9
136.51372 	1045067
136.86556 	1036536.9
137.56924 	1019478.9
137.92108 	1010950.9
138.27292 	1002423.5
138.97659 	985370.37
139.68027 	968319.37
140.03211 	959794.54
140.38395 	951270.08
140.73579 	942745.94
141.08763 	934222.07
141.43947 	925698.4
141.79131 	917174.89
142.14315 	908651.48
142.49499 	900128.15
142.84683 	891604.87
144.25419 	857512.05
145.3097 	831943.2
145.66154 	823420.55
146.01338 	814898.12
146.36522 	806375.92
146.71706 	797854
147.0689 	789332.36
147.42074 	780811.04
148.12442 	763769.39
148.8281 	746729.09
149.17994 	738209.46
149.88362 	721171.27
150.23546 	712652.72
150.5873 	704134.56
151.29098 	687099.43
151.99465 	670066.1
152.69833 	653034.82
153.05017 	644520.03
153.40201 	636005.87
153.75385 	627492.36
154.45753 	610467.43
154.80937 	601956.07
155.16121 	593445.45
155.51305 	584935.59
155.86489 	576426.49
156.21673 	567918.13
156.56857 	559410.5
157.62409 	533891.62
157.97593 	525386.52
158.32777 	516881.9
158.67961 	508377.71
159.03144 	499873.88
159.38328 	491370.33
159.73512 	482866.98
160.08696 	474363.76
160.4388 	465860.58
160.79064 	457357.36
161.14248 	448854.05
161.49432 	440350.56
161.84616 	431846.84
162.90168 	406333.72
163.25352 	397828.55
163.9572 	380816.84
164.30904 	372310.27
164.66088 	363803.22
165.01272 	355295.69
165.71639 	338279.27
166.06823 	329770.42
167.12375 	304241.69
167.47559 	295731.52
167.82743 	287221.12
168.17927 	278710.54
168.53111 	270199.82
169.23479 	253178.14
169.58663 	244667.27
169.93847 	236156.42
170.64215 	219134.94
170.99399 	210624.36
171.34583 	202113.91
171.69767 	193603.61
172.04951 	185093.48
172.40134 	176583.51
172.75318 	168073.72
173.10502 	159564.08
174.16054 	134036.04
174.51238 	125526.93
174.86422 	117017.9
