0 	9591246
6.4128257 	9466915.7
34.468938 	8884776.5
37.675351 	8882393.6
40.881764 	8880655
50.501002 	8803661.3
53.707415 	8723762.5
62.52505 	8504142.5
65.731463 	8424288.1
68.937876 	8344430.4
69.739479 	8324464.4
96.993988 	7645500.8
103.40681 	7485741.9
106.61323 	7405864.3
116.23246 	7166236.6
123.44689 	6986518.3
125.05 	6946584.5
125.8517 	6926614.1
128.25651 	6866711.5
131.46293 	6786844.5
151.50301 	6287723.9
153.90782 	6227830.6
156.31263 	6167937.3
159.51904 	6088079.4
166.73347 	5908399.5
169.13828 	5848506.4
175.5511 	5688792.5
176.35271 	5668828.4
187.57515 	5389333.1
190.78156 	5309477.8
200.4008 	5069915.2
201.2024 	5049951.9
202.00401 	5029988.7
202.80561 	5010025.5
203.60721 	4990062.4
204.40882 	4970099.3
205.21042 	4950136.2
206.01202 	4930173.2
206.81363 	4910210.2
207.61523 	4890247.2
208.41683 	4870284.2
209.21844 	4850321.3
210.02004 	4830358.3
210.82164 	4810395.4
211.62325 	4790432.5
212.42485 	4770469.5
213.22645 	4750506.6
214.02806 	4730543.7
214.82966 	4710580.8
215.63126 	4690617.9
216.43287 	4670654.9
217.23447 	4650692
218.03607 	4630729.1
219.63928 	4590803.2
220.44088 	4570840.3
221.24248 	4550877.3
222.04409 	4530914.3
222.84569 	4510951.4
223.64729 	4490988.4
224.4489 	4471025.4
225.2505 	4451062.4
226.0521 	4431099.4
227.65531 	4391173.4
228.45691 	4371210.3
229.25852 	4351247.3
230.86172 	4311321.1
231.66333 	4291358
232.46493 	4271394.9
234.06814 	4231468.7
234.86974 	4211505.6
235.67134 	4191542.4
236.47295 	4171579.3
237.27455 	4151616.1
238.07615 	4131653
238.87776 	4111689.8
239.67936 	4091726.7
240.48096 	4071763.5
241.28257 	4051800.4
242.08417 	4031837.3
242.88577 	4011874.1
243.68737 	3991911
244.48898 	3971947.9
245.29058 	3951984.9
246.09218 	3932021.8
246.89379 	3912058.8
247.69539 	3892095.8
248.49699 	3872132.8
249.2986 	3852169.9
250.1002 	3832207
250.9018 	3812244.1
251.70341 	3792281.3
252.50501 	3772318.5
253.30661 	3752355.8
254.10822 	3732393.1
254.90982 	3712430.4
255.71142 	3692467.9
256.51303 	3672505.3
257.31463 	3652542.8
258.11623 	3632580.4
258.91784 	3612618
259.71944 	3592655.7
260.52104 	3572693.5
261.32265 	3552731.3
262.12425 	3532769.1
262.92585 	3512807.1
263.72745 	3492845.1
264.52906 	3472883.1
265.33066 	3452921.3
266.13226 	3432959.5
266.93387 	3412997.8
267.73547 	3393036.2
268.53707 	3373074.6
269.33868 	3353113.1
270.14028 	3333151.7
270.94188 	3313190.4
271.74349 	3293229.2
272.54509 	3273268
273.34669 	3253307
274.1483 	3233346
274.9499 	3213385.1
274.95 	3213382.6
275.7515 	3193424.4
276.55311 	3173463.7
277.35471 	3153503.1
278.95792 	3113582.2
279.75952 	3093621.9
280.56112 	3073661.7
281.36273 	3053701.6
282.16433 	3033741.6
282.96593 	3013781.7
283.76754 	2993821.9
284.56914 	2973862.2
285.37074 	2953902.6
286.17234 	2933943.1
286.97395 	2913983.7
288.57715 	2874065.2
289.37876 	2854106.1
290.18036 	2834147
290.98196 	2814188.1
291.78357 	2794229.3
292.58517 	2774270.5
293.38677 	2754311.8
294.18838 	2734353.2
294.98998 	2714394.7
295.79158 	2694436.3
296.59319 	2674478
297.39479 	2654519.7
298.19639 	2634561.5
298.998 	2614603.3
299.7996 	2594645.2
300.6012 	2574687.2
301.40281 	2554729.2
302.20441 	2534771.3
303.00601 	2514813.4
303.80762 	2494855.6
304.60922 	2474897.8
306.21242 	2434982.3
307.01403 	2415024.6
307.81563 	2395066.9
308.61723 	2375109.3
309.41884 	2355151.7
310.22044 	2335194.1
311.02204 	2315236.5
311.82365 	2295278.9
312.62525 	2275321.3
313.42685 	2255363.7
314.22846 	2235406.1
315.03006 	2215448.5
315.83166 	2195490.9
316.63327 	2175533.3
317.43487 	2155575.7
318.23647 	2135618.1
319.03808 	2115660.4
319.83968 	2095702.8
320.64128 	2075745.1
321.44289 	2055787.4
322.24449 	2035829.7
323.04609 	2015871.9
323.8477 	1995914.1
324.6493 	1975956.3
325.4509 	1955998.4
326.25251 	1936040.6
327.05411 	1916082.6
327.85571 	1896124.7
328.65731 	1876166.7
329.45892 	1856208.7
330.26052 	1836250.6
331.06212 	1816292.5
331.86373 	1796334.4
332.66533 	1776376.2
333.46693 	1756418
334.26854 	1736459.8
335.07014 	1716501.5
335.87174 	1696543.2
336.67335 	1676584.9
337.47495 	1656626.5
338.27655 	1636668.1
339.07816 	1616709.7
339.87976 	1596751.3
340.68136 	1576792.8
341.48297 	1556834.3
342.28457 	1536875.8
343.08617 	1516917.2
343.88778 	1496958.7
344.68938 	1477000.2
345.49098 	1457041.6
346.29259 	1437083
347.09419 	1417124.5
347.89579 	1397165.9
348.69739 	1377207.4
349.499 	1357248.8
350.3006 	1337290.3
351.1022 	1317331.8
351.90381 	1297373.3
352.70541 	1277414.9
353.50701 	1257456.5
354.30862 	1237498.1
355.11022 	1217539.7
355.91182 	1197581.4
356.71343 	1177623.1
357.51503 	1157664.9
358.31663 	1137706.8
359.11824 	1117748.7
359.91984 	1097790.6
360.72144 	1077832.6
361.52305 	1057874.7
362.32465 	1037916.9
363.12625 	1017959.1
363.92786 	998001.45
364.72946 	978043.84
365.53106 	958086.32
366.33267 	938128.89
367.13427 	918171.54
367.93587 	898214.29
368.73747 	878257.12
369.53908 	858300.05
370.34068 	838343.08
371.14228 	818386.2
371.94389 	798429.43
372.74549 	778472.75
373.54709 	758516.17
374.3487 	738559.69
375.1503 	718603.31
375.9519 	698647.04
376.75351 	678690.86
377.55511 	658734.79
379.15832 	618822.94
379.95992 	598867.17
381.56313 	558955.91
382.36473 	539000.43
383.16633 	519045.04
383.96794 	499089.74
384.76954 	479134.54
385.57114 	459179.42
386.37275 	439224.4
387.17435 	419269.45
387.97595 	399314.59
388.77756 	379359.82
389.57916 	359405.12
390.38076 	339450.49
391.18236 	319495.94
391.98397 	299541.47
392.78557 	279587.06
393.58717 	259632.71
394.38878 	239678.43
395.19038 	219724.21
395.99198 	199770.05
396.79359 	179815.95
397.59519 	159861.89
399.1984 	119953.92
400 	100486
