0 	3836479.5
0.35183948 	3829024
0.70367896 	3821178.5
1.0555184 	3813340.2
1.4073579 	3805468.5
1.7591974 	3797611.5
2.1110369 	3789771.7
2.4628764 	3781918
2.8147158 	3774079.4
3.1665553 	3766232.2
3.5183948 	3758385.2
3.8702343 	3750501.8
4.2220737 	3742809.8
4.9257527 	3727140.4
5.6294317 	3711411.9
5.9812711 	3703555.1
6.3331106 	3695692.6
8.092308 	3656384.6
8.795987 	3640656
9.1478265 	3632879.3
10.203345 	3609329.9
10.907024 	3593611
11.258863 	3585762.7
11.610703 	3577903.8
11.962542 	3570041.1
12.666221 	3556468.7
13.018061 	3549314.5
13.3699 	3541449.4
13.72174 	3533589.5
14.777258 	3510247.4
15.480937 	3496733
15.832777 	3488867.8
16.536456 	3473138.5
17.591974 	3449544.7
18.647492 	3425950.8
19.351171 	3410221.6
19.703011 	3402356.9
20.05485 	3394492.3
20.40669 	3386627.6
20.758529 	3378762.9
21.462208 	3363033.5
22.165887 	3347304.1
22.869566 	3331574.7
23.573245 	3315845.3
23.925085 	3307980.5
24.276924 	3300115.8
24.628764 	3292251.1
25.332442 	3276521.8
25.684282 	3268657.1
26.387961 	3252927.8
26.7398 	3245063.2
27.09164 	3237198.6
27.443479 	3229334.1
27.795319 	3221469.5
28.147158 	3213605
28.850837 	3197876.1
29.202677 	3190011.7
29.554516 	3182147.4
29.906356 	3174283
30.258195 	3166418.8
30.610035 	3158554.5
30.961874 	3150690.4
31.665553 	3134962.2
32.017393 	3127098.2
32.369232 	3119234.3
32.721072 	3111370.4
33.072911 	3103506.6
33.424751 	3095642.9
33.77659 	3087779.2
34.128429 	3079915.7
34.480269 	3072052.2
34.832108 	3064188.8
35.183948 	3056325.5
35.535787 	3048462.3
35.887627 	3040599.2
36.239466 	3032736.2
36.591306 	3024873.3
37.294985 	3009147.8
37.646824 	3001285.2
37.998664 	2993422.8
38.702343 	2977698.1
39.406022 	2961973.9
39.757861 	2954112
41.165219 	2922665.3
41.517059 	2914803.9
41.868898 	2906942.5
42.220737 	2899081.3
42.924416 	2883359
43.276256 	2875498
43.628095 	2867637
43.979935 	2859776.1
44.683614 	2844054.4
45.035453 	2836193.5
45.387293 	2828332.7
46.090972 	2812611
46.442811 	2804750.1
47.14649 	2789028
47.49833 	2781166.9
48.202009 	2765444.2
48.553848 	2757582.6
49.257527 	2741859
49.609367 	2733996.8
49.961206 	2726134.4
50.313045 	2718271.7
50.664885 	2710408.8
51.016724 	2702545.6
51.720403 	2686818.3
52.072243 	2678953.8
52.424082 	2671079.3
52.775922 	2663145
53.127761 	2655757.3
54.18328 	2652404.6
54.535119 	2652375.1
54.886959 	2652342.7
55.238798 	2652306.9
55.590638 	2652271.4
55.942477 	2652237.4
56.997996 	2652130
57.349835 	2652093.5
57.701675 	2652057.2
58.053514 	2652021.7
58.405354 	2651986.3
58.757193 	2651950.9
59.109032 	2651916.2
59.460872 	2651881.5
60.164551 	2651814.1
60.51639 	2651780.1
60.86823 	2651739.1
61.220069 	2651678.8
61.571909 	2651638.1
61.923748 	2649581.9
62.275588 	2642680.7
62.627427 	2634843.6
62.979267 	2626953.8
63.331106 	2619060.5
63.682946 	2611166.5
64.034785 	2603272
64.386625 	2595377.2
64.738464 	2587482.2
65.442143 	2571691.4
65.793983 	2563795.7
66.497662 	2548003.6
67.55318 	2524314.2
68.256859 	2508520.5
68.608698 	2500623.3
69.312377 	2484828.7
70.016056 	2469033.7
70.367896 	2461136.1
70.719735 	2453238.4
71.071575 	2445340.7
71.423414 	2437442.9
72.830772 	2405852.2
73.182612 	2397954.6
73.534451 	2390057.1
73.886291 	2382159.7
74.941809 	2358467.9
75.293648 	2350570.8
75.645488 	2342673.8
75.997327 	2334776.9
77.052846 	2311086.7
77.404685 	2303190.1
77.756525 	2295293.6
78.460204 	2279500.7
78.812043 	2271604.4
79.163883 	2263708.1
80.219401 	2240019.4
81.27492 	2216330.8
81.626759 	2208434.6
81.978599 	2200538.4
82.330438 	2192642.2
82.682278 	2184745.9
83.034117 	2176849.7
83.385957 	2168953.3
83.737796 	2161057
84.089635 	2153160.6
84.441475 	2145264.2
85.496993 	2121574.7
86.552512 	2097884.6
86.904351 	2089987.9
89.015388 	2042605.8
89.367228 	2034708.5
90.070907 	2018913.8
90.422746 	2011016.4
90.774586 	2003118.9
91.126425 	1995221.3
91.478265 	1987323.6
91.830104 	1979425.9
92.533783 	1963630.2
93.237462 	1947834.3
93.589301 	1939936.2
93.941141 	1932038
94.29298 	1924139.8
96.052178 	1884647.8
96.404017 	1876749.2
96.755857 	1868850.5
97.459536 	1853053
97.811375 	1845154.1
98.163215 	1837255.2
98.515054 	1829356.3
99.922412 	1797759.9
100.27425 	1789860.7
100.62609 	1781961.5
101.32977 	1766162.9
102.03345 	1750364.1
102.38529 	1742464.7
103.79265 	1710866.6
104.14449 	1702967.1
104.49633 	1695067.5
105.2 	1679268.3
105.90368 	1663469
106.25552 	1655569.4
106.60736 	1647669.7
108.01472 	1616071.1
108.36656 	1608171.5
108.7184 	1600271.9
109.07024 	1592372.2
109.77392 	1576573
110.12576 	1568673.5
110.82944 	1552874.4
111.18128 	1544974.8
111.53311 	1537075.4
111.88495 	1529175.9
112.58863 	1513377
112.94047 	1505477.6
113.29231 	1497578.3
113.64415 	1489679
113.99599 	1481779.7
114.34783 	1473880.4
114.69967 	1465981.2
115.05151 	1458082
115.40335 	1450182.9
115.75519 	1442283.8
116.45887 	1426485.7
116.81071 	1418586.7
117.16255 	1410687.7
117.51439 	1402788.8
118.21806 	1386991.1
118.5699 	1379092.4
118.92174 	1371193.6
119.27358 	1363294.9
119.62542 	1355396.3
119.97726 	1347497.7
120.3291 	1339599.1
120.68094 	1331700.6
121.03278 	1323802.1
121.38462 	1315903.7
121.73646 	1308005.3
122.0883 	1300106.9
122.79198 	1284310.4
123.14382 	1276412.2
123.49566 	1268514
123.8475 	1260615.9
124.19934 	1252717.9
124.55118 	1244819.9
124.90302 	1236921.9
125.25485 	1229024
125.60669 	1221126.1
126.66221 	1197432.8
127.01405 	1189535.1
127.36589 	1181637.5
127.71773 	1173739.9
128.06957 	1165842.4
128.42141 	1157944.9
128.77325 	1150047.5
129.12509 	1142150.2
129.47693 	1134252.8
130.18061 	1118458.4
130.53245 	1110561.2
130.88429 	1102664.1
131.23613 	1094767
132.29164 	1071076.1
132.64348 	1063179.3
132.99532 	1055282.4
133.699 	1039488.9
134.05084 	1031592.2
134.40268 	1023695.6
134.75452 	1015799
135.4582 	1000006
135.81004 	992109.53
136.16188 	984213.13
136.51372 	976316.78
136.86556 	968420.47
137.56924 	952627.98
137.92108 	944731.81
138.27292 	936835.68
138.97659 	921043.54
139.68027 	905251.57
140.03211 	897355.64
140.38395 	889459.76
140.73579 	881563.91
141.08763 	873668.09
141.43947 	865772.32
141.79131 	857876.58
142.14315 	849980.87
142.49499 	842085.2
142.84683 	834189.56
144.25419 	802607.31
145.3097 	778920.93
145.66154 	771025.52
146.01338 	763130.14
146.36522 	755234.78
146.71706 	747339.45
147.0689 	739444.14
147.42074 	731548.86
148.12442 	715758.36
148.8281 	699967.96
149.17994 	692072.78
149.88362 	676282.51
150.23546 	668387.4
150.5873 	660492.31
151.29098 	644702.2
151.99465 	628912.17
152.69833 	613122.22
153.05017 	605227.28
153.40201 	597332.35
153.75385 	589437.45
154.45753 	573647.7
154.80937 	565752.86
155.16121 	557858.04
155.51305 	549963.24
155.86489 	542068.46
156.21673 	534173.7
156.56857 	526278.97
157.62409 	502594.89
157.97593 	494700.24
158.32777 	486805.61
158.67961 	478911
159.03144 	471016.42
159.38328 	463121.86
159.73512 	455227.33
160.08696 	447332.82
160.4388 	439438.33
160.79064 	431543.86
161.14248 	423649.42
161.49432 	415755
161.84616 	407860.61
162.90168 	384177.57
163.25352 	376283.27
163.9572 	360494.74
164.30904 	352600.52
164.66088 	344706.31
165.01272 	336812.13
165.71639 	321023.85
166.06823 	313129.74
167.12375 	289447.55
167.47559 	281553.53
167.82743 	273659.53
168.17927 	265765.55
168.53111 	257871.6
169.23479 	242083.75
169.58663 	234189.85
169.93847 	226295.97
170.64215 	210508.27
170.99399 	202614.45
171.34583 	194720.64
171.69767 	186826.85
172.04951 	178933.07
172.40134 	171039.31
172.75318 	163145.56
173.10502 	155251.83
174.16054 	131570.71
174.51238 	123677.02
174.86422 	115783.34
