0 	9302741.5
6.4128257 	9180297.7
34.468938 	8634124.7
37.675351 	8562559.5
40.881764 	8488756.8
50.501002 	8273507.2
53.707415 	8202180.4
62.52505 	7988342.1
65.731463 	7969687.5
68.937876 	7968177.1
69.739479 	7967884
96.993988 	7756930.8
103.40681 	7594590.6
106.61323 	7513533.7
116.23246 	7270537.5
123.44689 	7088102.7
125.05 	7047526.4
125.8517 	7027230.6
128.25651 	6966340.2
131.46293 	6885143.7
151.50301 	6378352.3
153.90782 	6317645.8
156.31263 	6256959.6
159.51904 	6176074.6
166.73347 	5994200
169.13828 	5933601.1
175.5511 	5771984.2
176.35271 	5751773
187.57515 	5468433.3
190.78156 	5387370.7
200.4008 	5144056
201.2024 	5123774.1
202.00401 	5103491.9
202.80561 	5083209.8
203.60721 	5062928
204.40882 	5042647
205.21042 	5022367.1
206.01202 	5002088.9
206.81363 	4981812.8
207.61523 	4961539.4
208.41683 	4941269.2
209.21844 	4921002.7
210.02004 	4900740.3
210.82164 	4880482.6
211.62325 	4860229.9
212.42485 	4839982.6
213.22645 	4819740.8
214.02806 	4799504.9
214.82966 	4779274.7
215.63126 	4759050.3
216.43287 	4738831.6
217.23447 	4718618.2
218.03607 	4698409.8
219.63928 	4658006.2
220.44088 	4637809.8
221.24248 	4617616
222.04409 	4597424.1
222.84569 	4577233.2
223.64729 	4557042.6
224.4489 	4536851.4
225.2505 	4516658.7
226.0521 	4496463.7
227.65531 	4456063.5
228.45691 	4435856.8
229.25852 	4415645
230.86172 	4375203.3
231.66333 	4354972.7
232.46493 	4334735
234.06814 	4294238.1
234.86974 	4273978.6
235.67134 	4253711.9
236.47295 	4233438.1
237.27455 	4213157.3
238.07615 	4192870
238.87776 	4172576.4
239.67936 	4152277
240.48096 	4131972.2
241.28257 	4111662.6
242.08417 	4091348.6
242.88577 	4071031
243.68737 	4050710.1
244.48898 	4030386.7
245.29058 	4010061.2
246.09218 	3989734.4
246.89379 	3969406.7
247.69539 	3949078.6
248.49699 	3928750.8
249.2986 	3908423.6
250.1002 	3888097.5
250.9018 	3867773
251.70341 	3847450.4
252.50501 	3827130
253.30661 	3806812
254.10822 	3786496.9
254.90982 	3766184.6
255.71142 	3745875.4
256.51303 	3725569.5
257.31463 	3705266.8
258.11623 	3684967.4
258.91784 	3664671.3
259.71944 	3644378.5
260.52104 	3624089
261.32265 	3603802.6
262.12425 	3583519.3
262.92585 	3563238.9
263.72745 	3542961.3
264.52906 	3522686.5
265.33066 	3502414.2
266.13226 	3482144.2
266.93387 	3461876.5
267.73547 	3441610.8
268.53707 	3421346.9
269.33868 	3401084.8
270.14028 	3380824.3
270.94188 	3360565.1
271.74349 	3340307.1
272.54509 	3320050.2
273.34669 	3299794.2
274.1483 	3279538.9
274.9499 	3259284.3
274.95 	3259281.8
275.7515 	3239030.2
276.55311 	3218776.5
277.35471 	3198523
278.95792 	3158016.4
279.75952 	3137763.1
280.56112 	3117509.8
281.36273 	3097256.2
282.16433 	3077002.5
282.96593 	3056748.5
283.76754 	3036494.2
284.56914 	3016239.6
285.37074 	2995984.6
286.17234 	2975729.3
286.97395 	2955473.7
288.57715 	2914961.5
289.37876 	2894705
290.18036 	2874448.2
290.98196 	2854191.3
291.78357 	2833934.2
292.58517 	2813677.1
293.38677 	2793419.9
294.18838 	2773162.8
294.98998 	2752905.8
295.79158 	2732649
296.59319 	2712392.4
297.39479 	2692136.1
298.19639 	2671880.1
298.998 	2651624.6
299.7996 	2631369.6
300.6012 	2611115.1
301.40281 	2590861.2
302.20441 	2570608
303.00601 	2550355.4
303.80762 	2530103.5
304.60922 	2509852.3
306.21242 	2469352.2
307.01403 	2449103.3
307.81563 	2428855.2
308.61723 	2408607.8
309.41884 	2388361.1
310.22044 	2368115.2
311.02204 	2347870
311.82365 	2327625.5
312.62525 	2307381.5
313.42685 	2287138.2
314.22846 	2266895.5
315.03006 	2246653.3
315.83166 	2226411.5
316.63327 	2206170.2
317.43487 	2185929.2
318.23647 	2165688.6
319.03808 	2145448.3
319.83968 	2125208.2
320.64128 	2104968.2
321.44289 	2084728.4
322.24449 	2064488.6
323.04609 	2044248.9
323.8477 	2024009.1
324.6493 	2003769.3
325.4509 	1983529.3
326.25251 	1963289.3
327.05411 	1943049
327.85571 	1922808.5
328.65731 	1902567.8
329.45892 	1882326.8
330.26052 	1862085.5
331.06212 	1841843.9
331.86373 	1821602
332.66533 	1801359.7
333.46693 	1781117.1
334.26854 	1760874.2
335.07014 	1740630.9
335.87174 	1720387.3
336.67335 	1700143.3
337.47495 	1679899
338.27655 	1659654.3
339.07816 	1639409.3
339.87976 	1619164.1
340.68136 	1598918.5
341.48297 	1578672.6
342.28457 	1558426.4
343.08617 	1538180
343.88778 	1517933.4
344.68938 	1497686.4
345.49098 	1477439.3
346.29259 	1457191.9
347.09419 	1436944.3
347.89579 	1416696.5
348.69739 	1396448.5
349.499 	1376200.3
350.3006 	1355951.9
351.1022 	1335703.3
351.90381 	1315454.5
352.70541 	1295205.5
353.50701 	1274956.2
354.30862 	1254706.7
355.11022 	1234457
355.91182 	1214207.1
356.71343 	1193956.8
357.51503 	1173706.3
358.31663 	1153455.5
359.11824 	1133204.4
359.91984 	1112953
360.72144 	1092701.2
361.52305 	1072449.1
362.32465 	1052196.6
363.12625 	1031943.7
363.92786 	1011690.5
364.72946 	991436.79
365.53106 	971182.71
366.33267 	950928.2
367.13427 	930673.27
367.93587 	910417.91
368.73747 	890162.12
369.53908 	869905.9
370.34068 	849649.26
371.14228 	829392.19
371.94389 	809134.72
372.74549 	788876.85
373.54709 	768618.59
374.3487 	748359.96
375.1503 	728100.97
375.9519 	707841.65
376.75351 	687582.01
377.55511 	667322.07
379.15832 	626801.39
379.95992 	606540.69
381.56313 	566018.69
382.36473 	545757.43
383.16633 	525496.03
383.96794 	505234.5
384.76954 	484972.88
385.57114 	464711.17
386.37275 	444449.4
387.17435 	424187.57
387.97595 	403925.72
388.77756 	383663.84
389.57916 	363401.96
390.38076 	343140.08
391.18236 	322878.22
391.98397 	302616.38
392.78557 	282354.56
393.58717 	262092.78
394.38878 	241831.03
395.19038 	221569.33
395.99198 	201307.67
396.79359 	181046.05
397.59519 	160784.47
399.1984 	120261.45
400 	100493.49
