0 	3836484.2
0.35183948 	3829088.6
0.70367896 	3821311
1.0555184 	3813533.3
1.4073579 	3805755.7
1.7591974 	3797977.9
2.1110369 	3790203.9
2.4628764 	3782500.2
2.8147158 	3774887.1
3.1665553 	3767135.5
3.5183948 	3759424.5
3.8702343 	3751654.1
4.2220737 	3743870.2
4.9257527 	3728351
5.6294317 	3713977.9
5.9812711 	3706203.7
6.3331106 	3698918.2
8.092308 	3664356.6
8.795987 	3648965.5
9.1478265 	3641189.2
10.203345 	3617859.9
10.907024 	3602307
11.258863 	3594530.6
11.610703 	3586754.2
11.962542 	3578977.9
12.666221 	3563410
13.018061 	3555615.7
13.3699 	3549557.2
13.72174 	3548284.3
14.777258 	3548113.5
15.480937 	3548039
15.832777 	3548001.8
16.536456 	3547926.8
17.591974 	3547815
18.647492 	3547717.3
19.351171 	3547611.4
19.703011 	3547281
20.05485 	3542728.7
20.40669 	3535171.2
20.758529 	3527391.3
21.462208 	3511810.4
22.165887 	3496228.8
22.869566 	3480647.1
23.573245 	3465065.4
23.925085 	3457274.5
24.276924 	3449483.7
24.628764 	3441692.9
25.332442 	3426111.2
25.684282 	3418320.5
26.387961 	3402739
26.7398 	3394948.3
27.09164 	3387157.6
27.443479 	3379366.9
27.795319 	3371576.3
28.147158 	3363785.7
28.850837 	3348204.5
29.202677 	3340413.9
29.554516 	3332623.4
29.906356 	3324832.9
30.258195 	3317042.3
30.610035 	3309251.8
30.961874 	3301461.4
31.665553 	3285880.5
32.017393 	3278090
32.369232 	3270299.6
32.721072 	3262509.2
33.072911 	3254718.9
33.424751 	3246928.5
33.77659 	3239138.1
34.128429 	3231347.8
34.480269 	3223557.5
34.832108 	3215767.2
35.183948 	3207976.9
35.535787 	3200186.6
35.887627 	3192396.3
36.239466 	3184606
36.591306 	3176815.7
37.294985 	3161235.2
37.646824 	3153444.9
37.998664 	3145654.7
38.702343 	3130074.2
39.406022 	3114493.7
39.757861 	3106703.4
41.165219 	3075542.3
41.517059 	3067752
41.868898 	3059961.7
42.220737 	3052171.5
42.924416 	3036590.8
43.276256 	3028800.5
43.628095 	3021010.2
43.979935 	3013219.9
44.683614 	2997639.2
45.035453 	2989848.8
45.387293 	2982058.5
46.090972 	2966477.7
46.442811 	2958687.3
47.14649 	2943106.5
47.49833 	2935316.1
48.202009 	2919735.2
48.553848 	2911944.8
49.257527 	2896363.9
49.609367 	2888573.4
49.961206 	2880782.9
50.313045 	2872992.5
50.664885 	2865202
51.016724 	2857411.5
51.720403 	2841830.4
52.072243 	2834039.9
52.424082 	2826249.4
52.775922 	2818458.8
53.127761 	2810668.3
54.18328 	2787296.6
54.535119 	2779506
54.886959 	2771715.5
55.238798 	2763924.9
55.590638 	2756134.3
55.942477 	2748343.7
56.997996 	2724971.9
57.349835 	2717181.2
57.701675 	2709390.6
58.053514 	2701600
58.405354 	2693809.3
58.757193 	2686018.7
59.109032 	2678228
59.460872 	2670437.4
60.164551 	2654856.1
60.51639 	2647065.4
60.86823 	2639274.7
61.220069 	2631484.1
61.571909 	2623693.4
61.923748 	2615902.7
62.275588 	2608112
62.627427 	2600321.3
62.979267 	2592530.6
63.331106 	2584739.9
63.682946 	2576949.2
64.034785 	2569158.5
64.386625 	2561367.8
64.738464 	2553577.1
65.442143 	2537995.7
65.793983 	2530204.9
66.497662 	2514623.5
67.55318 	2491251.4
68.256859 	2475669.9
68.608698 	2467879.2
69.312377 	2452297.8
70.016056 	2436716.4
70.367896 	2428925.7
70.719735 	2421135
71.071575 	2413344.3
71.423414 	2405553.6
72.830772 	2374390.9
73.182612 	2366600.3
73.534451 	2358809.6
73.886291 	2351019
74.941809 	2327647.1
75.293648 	2319856.4
75.645488 	2312065.8
75.997327 	2304275.2
77.052846 	2280903.5
77.404685 	2273112.9
77.756525 	2265322.4
78.460204 	2249741.3
78.812043 	2241950.8
79.163883 	2234160.3
80.219401 	2210788.8
81.27492 	2187417.5
81.626759 	2179627
81.978599 	2171836.6
82.330438 	2164046.2
82.682278 	2156255.8
83.034117 	2148465.4
83.385957 	2140675.1
83.737796 	2132884.7
84.089635 	2125094.4
84.441475 	2117304
85.496993 	2093933.1
86.552512 	2070562.3
86.904351 	2062772
89.015388 	2016030.7
89.367228 	2008240.5
90.070907 	1992660.2
90.422746 	1984870.1
90.774586 	1977079.9
91.126425 	1969289.8
91.478265 	1961499.7
91.830104 	1953709.5
92.533783 	1938129.3
93.237462 	1922549.2
93.589301 	1914759.1
93.941141 	1906969
94.29298 	1899178.9
96.052178 	1860228.7
96.404017 	1852438.7
96.755857 	1844648.7
97.459536 	1829068.7
97.811375 	1821278.7
98.163215 	1813488.7
98.515054 	1805698.7
99.922412 	1774538.8
100.27425 	1766748.8
100.62609 	1758958.9
101.32977 	1743379
102.03345 	1727799.1
102.38529 	1720009.2
103.79265 	1688849.5
104.14449 	1681059.6
104.49633 	1673269.7
105.2 	1657689.9
105.90368 	1642110.1
106.25552 	1634320.2
106.60736 	1626530.3
108.01472 	1595370.9
108.36656 	1587581
108.7184 	1579791.2
109.07024 	1572001.4
109.77392 	1556421.7
110.12576 	1548631.9
110.82944 	1533052.3
111.18128 	1525262.5
111.53311 	1517472.7
111.88495 	1509682.9
112.58863 	1494103.3
112.94047 	1486313.6
113.29231 	1478523.8
113.64415 	1470734.1
113.99599 	1462944.3
114.34783 	1455154.6
114.69967 	1447364.9
115.05151 	1439575.2
115.40335 	1431785.5
115.75519 	1423995.8
116.45887 	1408416.4
116.81071 	1400626.8
117.16255 	1392837.1
117.51439 	1385047.5
118.21806 	1369468.2
118.5699 	1361678.6
118.92174 	1353889
119.27358 	1346099.4
119.62542 	1338309.8
119.97726 	1330520.2
120.3291 	1322730.7
120.68094 	1314941.1
121.03278 	1307151.6
121.38462 	1299362.1
121.73646 	1291572.6
122.0883 	1283783.1
122.79198 	1268204.1
123.14382 	1260414.7
123.49566 	1252625.2
123.8475 	1244835.8
124.19934 	1237046.4
124.55118 	1229257
124.90302 	1221467.6
125.25485 	1213678.2
125.60669 	1205888.8
126.66221 	1182520.8
127.01405 	1174731.5
127.36589 	1166942.2
127.71773 	1159153
128.06957 	1151363.7
128.42141 	1143574.5
128.77325 	1135785.2
129.12509 	1127996
129.47693 	1120206.8
130.18061 	1104628.5
130.53245 	1096839.3
130.88429 	1089050.2
131.23613 	1081261.1
132.29164 	1057893.8
132.64348 	1050104.7
132.99532 	1042315.7
133.699 	1026737.7
134.05084 	1018948.7
134.40268 	1011159.7
134.75452 	1003370.7
135.4582 	987792.87
135.81004 	980003.96
136.16188 	972215.07
136.51372 	964426.19
136.86556 	956637.33
137.56924 	941059.67
137.92108 	933270.86
138.27292 	925482.07
138.97659 	909904.53
139.68027 	894327.06
140.03211 	886538.36
140.38395 	878749.66
140.73579 	870960.99
141.08763 	863172.33
141.43947 	855383.69
141.79131 	847595.07
142.14315 	839806.46
142.49499 	832017.87
142.84683 	824229.29
144.25419 	793075.17
145.3097 	769709.74
145.66154 	761921.3
146.01338 	754132.88
146.36522 	746344.47
146.71706 	738556.08
147.0689 	730767.71
147.42074 	722979.35
148.12442 	707402.68
148.8281 	691826.08
149.17994 	684037.8
149.88362 	668461.29
150.23546 	660673.06
150.5873 	652884.85
151.29098 	637308.47
151.99465 	621732.15
152.69833 	606155.9
153.05017 	598367.8
153.40201 	590579.71
153.75385 	582791.63
154.45753 	567215.53
154.80937 	559427.5
155.16121 	551639.49
155.51305 	543851.49
155.86489 	536063.51
156.21673 	528275.54
156.56857 	520487.58
157.62409 	497123.8
157.97593 	489335.9
158.32777 	481548.02
158.67961 	473760.15
159.03144 	465972.29
159.38328 	458184.45
159.73512 	450396.62
160.08696 	442608.81
160.4388 	434821.01
160.79064 	427033.22
161.14248 	419245.44
161.49432 	411457.68
161.84616 	403669.93
162.90168 	380306.76
163.25352 	372519.06
163.9572 	356943.7
164.30904 	349156.04
164.66088 	341368.39
165.01272 	333580.75
165.71639 	318005.51
166.06823 	310217.91
167.12375 	286855.16
167.47559 	279067.61
167.82743 	271280.06
168.17927 	263492.52
168.53111 	255705
169.23479 	240129.98
169.58663 	232342.48
169.93847 	224555
170.64215 	208980.06
170.99399 	201192.6
171.34583 	193405.15
171.69767 	185617.72
172.04951 	177830.29
172.40134 	170042.87
172.75318 	162255.46
173.10502 	154468.06
174.16054 	131105.91
174.51238 	123318.54
174.86422 	115531.14
