0 	3836483.8
0.35183948 	3829076.3
0.70367896 	3821287.1
1.0555184 	3813500.6
1.4073579 	3805830.4
1.7591974 	3798168.7
2.1110369 	3790424.2
2.4628764 	3782647.2
2.8147158 	3774842.2
3.1665553 	3767342
3.5183948 	3759703.8
3.8702343 	3751913
4.2220737 	3744163.5
4.9257527 	3728609.4
5.6294317 	3713143.1
5.9812711 	3705293.1
6.3331106 	3698009.9
8.092308 	3659978.3
8.795987 	3648560.7
9.1478265 	3640761.3
10.203345 	3617383.5
10.907024 	3601798.3
11.258863 	3594005.7
11.610703 	3586213.2
11.962542 	3578420.6
12.666221 	3562835.5
13.018061 	3555043
13.3699 	3547250.5
13.72174 	3539458
14.777258 	3516080.6
15.480937 	3500495.6
15.832777 	3492703.2
16.536456 	3477118.3
17.591974 	3453740.9
18.647492 	3430363.5
19.351171 	3414778.5
19.703011 	3406986
20.05485 	3399193.6
20.40669 	3391401.1
20.758529 	3383608.7
21.462208 	3368024
22.165887 	3352429.6
22.869566 	3337659.9
23.573245 	3335303.8
23.925085 	3335263.7
24.276924 	3335227.8
24.628764 	3335192
25.332442 	3335120.1
25.684282 	3335084.2
26.387961 	3335012.1
26.7398 	3334976.1
27.09164 	3334939.9
27.443479 	3334903.6
27.795319 	3334866.9
28.147158 	3334829.3
28.850837 	3334764.2
29.202677 	3334706.8
29.554516 	3334632.6
29.906356 	3332271.6
30.258195 	3325238.4
30.610035 	3317465.2
30.961874 	3309655.2
31.665553 	3294032.2
32.017393 	3286220.9
32.369232 	3278409.6
32.721072 	3270598.4
33.072911 	3262787.2
33.424751 	3254976
33.77659 	3247164.9
34.128429 	3239353.7
34.480269 	3231542.5
34.832108 	3223731.2
35.183948 	3215919.9
35.535787 	3208108.6
35.887627 	3200297.2
36.239466 	3192485.8
36.591306 	3184674.3
37.294985 	3169051.2
37.646824 	3161239.7
37.998664 	3153428.1
38.702343 	3137804.9
39.406022 	3122181.7
39.757861 	3114370.1
41.165219 	3083123.8
41.517059 	3075312.3
41.868898 	3067500.8
42.220737 	3059689.3
42.924416 	3044066.4
43.276256 	3036255
43.628095 	3028443.7
43.979935 	3020632.3
44.683614 	3005009.7
45.035453 	2997198.4
45.387293 	2989387.1
46.090972 	2973764.7
46.442811 	2965953.6
47.14649 	2950331.3
47.49833 	2942520.2
48.202009 	2926898.1
48.553848 	2919087.1
49.257527 	2903465.2
49.609367 	2895654.3
49.961206 	2887843.4
50.313045 	2880032.5
50.664885 	2872221.6
51.016724 	2864410.8
51.720403 	2848789.2
52.072243 	2840978.5
52.424082 	2833167.8
52.775922 	2825357
53.127761 	2817546.4
54.18328 	2794114.4
54.535119 	2786303.8
54.886959 	2778493.2
55.238798 	2770682.6
55.590638 	2762872.1
55.942477 	2755061.5
56.997996 	2731630
57.349835 	2723819.6
57.701675 	2716009.1
58.053514 	2708198.7
58.405354 	2700388.2
58.757193 	2692577.8
59.109032 	2684767.4
59.460872 	2676957
60.164551 	2661336.3
60.51639 	2653525.9
60.86823 	2645715.6
61.220069 	2637905.3
61.571909 	2630094.9
61.923748 	2622284.6
62.275588 	2614474.3
62.627427 	2606664
62.979267 	2598853.7
63.331106 	2591043.5
63.682946 	2583233.2
64.034785 	2575422.9
64.386625 	2567612.7
64.738464 	2559802.4
65.442143 	2544182
65.793983 	2536371.8
66.497662 	2520751.4
67.55318 	2497320.8
68.256859 	2481700.4
68.608698 	2473890.3
69.312377 	2458270
70.016056 	2442649.7
70.367896 	2434839.5
70.719735 	2427029.4
71.071575 	2419219.3
71.423414 	2411409.2
72.830772 	2380168.7
73.182612 	2372358.7
73.534451 	2364548.6
73.886291 	2356738.5
74.941809 	2333308.3
75.293648 	2325498.2
75.645488 	2317688.2
75.997327 	2309878.1
77.052846 	2286448
77.404685 	2278638
77.756525 	2270828
78.460204 	2255208
78.812043 	2247398
79.163883 	2239588
80.219401 	2216158.1
81.27492 	2192728.2
81.626759 	2184918.3
81.978599 	2177108.4
82.330438 	2169298.5
82.682278 	2161488.6
83.034117 	2153678.7
83.385957 	2145868.8
83.737796 	2138059
84.089635 	2130249.1
84.441475 	2122439.3
85.496993 	2099009.8
86.552512 	2075580.5
86.904351 	2067770.7
89.015388 	2020912.5
89.367228 	2013102.9
90.070907 	1997483.6
90.422746 	1989674
90.774586 	1981864.5
91.126425 	1974054.9
91.478265 	1966245.3
91.830104 	1958435.8
92.533783 	1942816.8
93.237462 	1927197.9
93.589301 	1919388.4
93.941141 	1911579
94.29298 	1903769.6
96.052178 	1864722.7
96.404017 	1856913.4
96.755857 	1849104.1
97.459536 	1833485.6
97.811375 	1825676.3
98.163215 	1817867.1
98.515054 	1810057.9
99.922412 	1778821.2
100.27425 	1771012.1
100.62609 	1763202.9
101.32977 	1747584.7
102.03345 	1731966.6
102.38529 	1724157.5
103.79265 	1692921.4
104.14449 	1685112.4
104.49633 	1677303.4
105.2 	1661685.5
105.90368 	1646067.6
106.25552 	1638258.6
106.60736 	1630449.7
108.01472 	1599214.1
108.36656 	1591405.2
108.7184 	1583596.3
109.07024 	1575787.4
109.77392 	1560169.7
110.12576 	1552360.8
110.82944 	1536743.1
111.18128 	1528934.2
111.53311 	1521125.4
111.88495 	1513316.6
112.58863 	1497698.9
112.94047 	1489890
113.29231 	1482081.2
113.64415 	1474272.4
113.99599 	1466463.6
114.34783 	1458654.7
114.69967 	1450845.9
115.05151 	1443037.1
115.40335 	1435228.3
115.75519 	1427419.4
116.45887 	1411801.8
116.81071 	1403993
117.16255 	1396184.2
117.51439 	1388375.3
118.21806 	1372757.7
118.5699 	1364948.9
118.92174 	1357140.1
119.27358 	1349331.2
119.62542 	1341522.4
119.97726 	1333713.6
120.3291 	1325904.8
120.68094 	1318096
121.03278 	1310287.1
121.38462 	1302478.3
121.73646 	1294669.5
122.0883 	1286860.7
122.79198 	1271243
123.14382 	1263434.2
123.49566 	1255625.4
123.8475 	1247816.5
124.19934 	1240007.7
124.55118 	1232198.9
124.90302 	1224390.1
125.25485 	1216581.2
125.60669 	1208772.4
126.66221 	1185346
127.01405 	1177537.1
127.36589 	1169728.3
127.71773 	1161919.5
128.06957 	1154110.7
128.42141 	1146301.9
128.77325 	1138493.1
129.12509 	1130684.3
129.47693 	1122875.5
130.18061 	1107257.8
130.53245 	1099449
130.88429 	1091640.2
131.23613 	1083831.5
132.29164 	1060405.1
132.64348 	1052596.3
132.99532 	1044787.5
133.699 	1029170
134.05084 	1021361.2
134.40268 	1013552.5
134.75452 	1005743.7
135.4582 	990126.24
135.81004 	982317.5
136.16188 	974508.77
136.51372 	966700.04
136.86556 	958891.32
137.56924 	943273.9
137.92108 	935465.19
138.27292 	927656.5
138.97659 	912039.12
139.68027 	896421.77
140.03211 	888613.1
140.38395 	880804.45
140.73579 	872995.79
141.08763 	865187.15
141.43947 	857378.51
141.79131 	849569.88
142.14315 	841761.25
142.49499 	833952.63
142.84683 	826144.02
144.25419 	794909.64
145.3097 	771483.93
145.66154 	763675.37
146.01338 	755866.82
146.36522 	748058.27
146.71706 	740249.74
147.0689 	732441.2
147.42074 	724632.68
148.12442 	709015.65
148.8281 	693398.64
149.17994 	685590.15
149.88362 	669973.18
150.23546 	662164.7
150.5873 	654356.23
151.29098 	638739.31
151.99465 	623122.41
152.69833 	607505.53
153.05017 	599697.1
153.40201 	591888.68
153.75385 	584080.25
154.45753 	568463.43
154.80937 	560655.02
155.16121 	552846.62
155.51305 	545038.22
155.86489 	537229.83
156.21673 	529421.44
156.56857 	521613.06
157.62409 	498187.93
157.97593 	490379.57
158.32777 	482571.2
158.67961 	474762.85
159.03144 	466954.49
159.38328 	459146.14
159.73512 	451337.8
160.08696 	443529.46
160.4388 	435721.12
160.79064 	427912.78
161.14248 	420104.45
161.49432 	412296.13
161.84616 	404487.81
162.90168 	381062.86
163.25352 	373254.56
163.9572 	357637.96
164.30904 	349829.66
164.66088 	342021.37
165.01272 	334213.09
165.71639 	318596.53
166.06823 	310788.26
167.12375 	287363.46
167.47559 	279555.21
167.82743 	271746.96
168.17927 	263938.71
168.53111 	256130.47
169.23479 	240514.01
169.58663 	232705.78
169.93847 	224897.56
170.64215 	209281.14
170.99399 	201472.94
171.34583 	193664.74
171.69767 	185856.55
172.04951 	178048.37
172.40134 	170240.19
172.75318 	162432.02
173.10502 	154623.85
174.16054 	131199.4
174.51238 	123391.25
174.86422 	115583.09
