0 	9014076
6.4128257 	8908333.9
34.468938 	8372609.2
37.675351 	8296950.9
40.881764 	8223836.2
50.501002 	8029964.6
53.707415 	7967150
62.52505 	7774967.8
65.731463 	7692918.2
68.937876 	7611576.4
69.739479 	7597748.2
96.993988 	7181418.8
103.40681 	7178517.6
106.61323 	7177827.4
116.23246 	7175584.6
123.44689 	7172964.1
125.05 	7167898.4
125.8517 	7160460.4
128.25651 	7107474
131.46293 	7024942.5
151.50301 	6509026.2
153.90782 	6446928
156.31263 	6384822.7
159.51904 	6302011.8
166.73347 	6115657.7
169.13828 	6053522.9
175.5511 	5887773.9
176.35271 	5867049.7
187.57515 	5576920.9
190.78156 	5494099.9
200.4008 	5246054.3
201.2024 	5225414.9
202.00401 	5204780.2
202.80561 	5184150.2
203.60721 	5163524.7
204.40882 	5142903.4
205.21042 	5122285.9
206.01202 	5101671.8
206.81363 	5081060.6
207.61523 	5060451.8
208.41683 	5039844.6
209.21844 	5019238.5
210.02004 	4998632.9
210.82164 	4978027
211.62325 	4957420.2
212.42485 	4936811.9
213.22645 	4916201.4
214.02806 	4895588.4
214.82966 	4874972.1
215.63126 	4854352.2
216.43287 	4833728.3
217.23447 	4813099.9
218.03607 	4792466.7
219.63928 	4751185.1
220.44088 	4730536.3
221.24248 	4709881.9
222.04409 	4689222.1
222.84569 	4668556.7
223.64729 	4647885.9
224.4489 	4627209.8
225.2505 	4606528.7
226.0521 	4585842.6
227.65531 	4544457.1
228.45691 	4523758.2
229.25852 	4503055.7
230.86172 	4461641.3
231.66333 	4440930.1
232.46493 	4420216.6
234.06814 	4378784.4
234.86974 	4358066.2
235.67134 	4337347.1
236.47295 	4316627.4
237.27455 	4295907.3
238.07615 	4275187.1
238.87776 	4254467.1
239.67936 	4233747.4
240.48096 	4213028.5
241.28257 	4192310.4
242.08417 	4171593.5
242.88577 	4150877.9
243.68737 	4130163.8
244.48898 	4109451.4
245.29058 	4088741
246.09218 	4068032.6
246.89379 	4047326.4
247.69539 	4026622.6
248.49699 	4005921.2
249.2986 	3985222.4
250.1002 	3964526.3
250.9018 	3943832.8
251.70341 	3923142
252.50501 	3902453.9
253.30661 	3881768.5
254.10822 	3861085.7
254.90982 	3840405.5
255.71142 	3819727.7
256.51303 	3799052.3
257.31463 	3778379.2
258.11623 	3757708
258.91784 	3737038.8
259.71944 	3716371.2
260.52104 	3695705.2
261.32265 	3675040.5
262.12425 	3654376.8
262.92585 	3633714.1
263.72745 	3613052
264.52906 	3592390.4
265.33066 	3571729.2
266.13226 	3551068.1
266.93387 	3530407.1
267.73547 	3509746
268.53707 	3489084.7
269.33868 	3468423.2
270.14028 	3447761.4
270.94188 	3427099.2
271.74349 	3406436.6
272.54509 	3385773.6
273.34669 	3365110.3
274.1483 	3344446.6
274.9499 	3323782.6
274.95 	3323780
275.7515 	3303118.3
276.55311 	3282453.6
277.35471 	3261788.7
278.95792 	3220458.3
279.75952 	3199792.7
280.56112 	3179127
281.36273 	3158461.2
282.16433 	3137795.2
282.96593 	3117129
283.76754 	3096462.8
284.56914 	3075796.4
285.37074 	3055130
286.17234 	3034463.4
286.97395 	3013796.8
288.57715 	2972463.3
289.37876 	2951796.6
290.18036 	2931129.8
290.98196 	2910462.9
291.78357 	2889796.1
292.58517 	2869129.3
293.38677 	2848462.5
294.18838 	2827795.7
294.98998 	2807128.9
295.79158 	2786462.2
296.59319 	2765795.4
297.39479 	2745128.7
298.19639 	2724461.9
298.998 	2703795.1
299.7996 	2683128.3
300.6012 	2662461.5
301.40281 	2641794.6
302.20441 	2621127.6
303.00601 	2600460.5
303.80762 	2579793.3
304.60922 	2559125.9
306.21242 	2517790.7
307.01403 	2497122.8
307.81563 	2476454.7
308.61723 	2455786.4
309.41884 	2435117.9
310.22044 	2414449.1
311.02204 	2393780.1
311.82365 	2373110.8
312.62525 	2352441.3
313.42685 	2331771.6
314.22846 	2311101.7
315.03006 	2290431.5
315.83166 	2269761.1
316.63327 	2249090.5
317.43487 	2228419.8
318.23647 	2207748.8
319.03808 	2187077.7
319.83968 	2166406.5
320.64128 	2145735.2
321.44289 	2125063.7
322.24449 	2104392.2
323.04609 	2083720.6
323.8477 	2063048.9
324.6493 	2042377.2
325.4509 	2021705.4
326.25251 	2001033.7
327.05411 	1980361.9
327.85571 	1959690.2
328.65731 	1939018.5
329.45892 	1918346.9
330.26052 	1897675.5
331.06212 	1877004.1
331.86373 	1856332.9
332.66533 	1835662
333.46693 	1814991.3
334.26854 	1794320.9
335.07014 	1773650.9
335.87174 	1752981.3
336.67335 	1732312.2
337.47495 	1711643.6
338.27655 	1690975.6
339.07816 	1670308.4
339.87976 	1649641.8
340.68136 	1628976.1
341.48297 	1608311.3
342.28457 	1587647.5
343.08617 	1566984.7
343.88778 	1546322.9
344.68938 	1525662.3
345.49098 	1505002.8
346.29259 	1484344.5
347.09419 	1463687.5
347.89579 	1443031.7
348.69739 	1422377.2
349.499 	1401724
350.3006 	1381071.9
351.1022 	1360421.1
351.90381 	1339771.5
352.70541 	1319123
353.50701 	1298475.5
354.30862 	1277829
355.11022 	1257183.4
355.91182 	1236538.7
356.71343 	1215894.6
357.51503 	1195251.2
358.31663 	1174608.2
359.11824 	1153965.5
359.91984 	1133323.1
360.72144 	1112680.8
361.52305 	1092038.4
362.32465 	1071395.9
363.12625 	1050753
363.92786 	1030109.7
364.72946 	1009465.7
365.53106 	988821.1
366.33267 	968175.63
367.13427 	947529.2
367.93587 	926881.72
368.73747 	906233.09
369.53908 	885583.21
370.34068 	864932.02
371.14228 	844279.43
371.94389 	823625.4
372.74549 	802969.89
373.54709 	782312.85
374.3487 	761654.27
375.1503 	740994.14
375.9519 	720332.46
376.75351 	699669.23
377.55511 	679004.49
379.15832 	637670.57
379.95992 	617001.48
381.56313 	575659.28
382.36473 	554986.3
383.16633 	534312.15
383.96794 	513636.89
384.76954 	492960.59
385.57114 	472283.34
386.37275 	451605.18
387.17435 	430926.21
387.97595 	410246.48
388.77756 	389566.06
389.57916 	368885.02
390.38076 	348203.42
391.18236 	327521.32
391.98397 	306838.78
392.78557 	286155.86
393.58717 	265472.6
394.38878 	244789.06
395.19038 	224105.29
395.99198 	203421.32
396.79359 	182737.2
397.59519 	162052.97
399.1984 	120684.34
400 	100503.79
