0 	3836485.1
0.35183948 	3829062.6
0.70367896 	3821266.2
1.0555184 	3813657.9
1.4073579 	3806046.4
1.7591974 	3798331.4
2.1110369 	3790530.2
2.4628764 	3782722.5
2.8147158 	3774907.5
3.1665553 	3767116.2
3.5183948 	3759364.5
3.8702343 	3751584
4.2220737 	3743778.8
4.9257527 	3728177.9
5.6294317 	3712719
5.9812711 	3704906.8
6.3331106 	3697124.5
8.092308 	3659048
8.795987 	3644752.6
9.1478265 	3636969.1
10.203345 	3613473
10.907024 	3600820.7
11.258863 	3593002
11.610703 	3585189.2
11.962542 	3577376.5
12.666221 	3561751.1
13.018061 	3553938.3
13.3699 	3546125.6
13.72174 	3538312.9
14.777258 	3514874.7
15.480937 	3499249.2
15.832777 	3491436.4
16.536456 	3475810.9
17.591974 	3452372.4
18.647492 	3428933.8
19.351171 	3413308
19.703011 	3405495.1
20.05485 	3397682.1
20.40669 	3389869.2
20.758529 	3382056.2
21.462208 	3366430.2
22.165887 	3350804.1
22.869566 	3335178
23.573245 	3319551.8
23.925085 	3311738.7
24.276924 	3303925.5
24.628764 	3296112.4
25.332442 	3280486.2
25.684282 	3272673
26.387961 	3257046.7
26.7398 	3249233.6
27.09164 	3241420.5
27.443479 	3233607.4
27.795319 	3225794.3
28.147158 	3217981.3
28.850837 	3202355.3
29.202677 	3194542.4
29.554516 	3186729.5
29.906356 	3178916.8
30.258195 	3171104.2
30.610035 	3163291.7
30.961874 	3155479.5
31.665553 	3139855.7
32.017393 	3132043.9
32.369232 	3124225.2
32.721072 	3116365.5
33.072911 	3109103.3
33.424751 	3106211.3
33.77659 	3105980.6
34.128429 	3105939.8
34.480269 	3105905.8
34.832108 	3105871.9
35.183948 	3105837.9
35.535787 	3105803.9
35.887627 	3105770
36.239466 	3105736
36.591306 	3105702
37.294985 	3105634
37.646824 	3105600
37.998664 	3105565.9
38.702343 	3105496.8
39.406022 	3105430.7
39.757861 	3105388.8
41.165219 	3092446.8
41.517059 	3084622.4
41.868898 	3076787.7
42.220737 	3068952.4
42.924416 	3053281.4
43.276256 	3045445.8
43.628095 	3037610.2
43.979935 	3029774.5
44.683614 	3014103
45.035453 	3006267.2
45.387293 	2998431.4
46.090972 	2982759.9
46.442811 	2974924.1
47.14649 	2959252.7
47.49833 	2951417
48.202009 	2935745.8
48.553848 	2927910.2
49.257527 	2912239.2
49.609367 	2904403.8
49.961206 	2896568.4
50.313045 	2888733
50.664885 	2880897.7
51.016724 	2873062.4
51.720403 	2857392
52.072243 	2849556.9
52.424082 	2841721.8
52.775922 	2833886.7
53.127761 	2826051.7
54.18328 	2802546.8
54.535119 	2794712
54.886959 	2786877.2
55.238798 	2779042.4
55.590638 	2771207.6
55.942477 	2763372.9
56.997996 	2739869
57.349835 	2732034.5
57.701675 	2724199.9
58.053514 	2716365.5
58.405354 	2708531
58.757193 	2700696.6
59.109032 	2692862.2
59.460872 	2685027.8
60.164551 	2669359.2
60.51639 	2661524.9
60.86823 	2653690.6
61.220069 	2645856.4
61.571909 	2638022.2
61.923748 	2630188
62.275588 	2622353.8
62.627427 	2614519.6
62.979267 	2606685.5
63.331106 	2598851.4
63.682946 	2591017.3
64.034785 	2583183.2
64.386625 	2575349.1
64.738464 	2567515
65.442143 	2551847
65.793983 	2544012.9
66.497662 	2528344.9
67.55318 	2504842.9
68.256859 	2489174.9
68.608698 	2481340.9
69.312377 	2465672.9
70.016056 	2450004.9
70.367896 	2442170.9
70.719735 	2434336.9
71.071575 	2426502.8
71.423414 	2418668.8
72.830772 	2387332.7
73.182612 	2379498.6
73.534451 	2371664.5
73.886291 	2363830.4
74.941809 	2340328.1
75.293648 	2332493.9
75.645488 	2324659.8
75.997327 	2316825.6
77.052846 	2293323
77.404685 	2285488.7
77.756525 	2277654.5
78.460204 	2261985.9
78.812043 	2254151.6
79.163883 	2246317.3
80.219401 	2222814.1
81.27492 	2199310.8
81.626759 	2191476.4
81.978599 	2183641.9
82.330438 	2175807.3
82.682278 	2167972.8
83.034117 	2160138.3
83.385957 	2152303.7
83.737796 	2144469.1
84.089635 	2136634.5
84.441475 	2128799.9
85.496993 	2105295.9
86.552512 	2081791.8
86.904351 	2073957.1
89.015388 	2026948.4
89.367228 	2019113.6
90.070907 	2003444
90.422746 	1995609.2
90.774586 	1987774.3
91.126425 	1979939.5
91.478265 	1972104.7
91.830104 	1964269.8
92.533783 	1948600.1
93.237462 	1932930.4
93.589301 	1925095.6
93.941141 	1917260.7
94.29298 	1909425.9
96.052178 	1870251.7
96.404017 	1862416.9
96.755857 	1854582
97.459536 	1838912.4
97.811375 	1831077.6
98.163215 	1823242.9
98.515054 	1815408.1
99.922412 	1784069.1
100.27425 	1776234.4
100.62609 	1768399.7
101.32977 	1752730.4
102.03345 	1737061.1
102.38529 	1729226.4
103.79265 	1697888.1
104.14449 	1690053.5
104.49633 	1682219
105.2 	1666550
105.90368 	1650881.1
106.25552 	1643046.6
106.60736 	1635212.2
108.01472 	1603874.7
108.36656 	1596040.4
108.7184 	1588206.1
109.07024 	1580371.9
109.77392 	1564703.4
110.12576 	1556869.1
110.82944 	1541200.8
111.18128 	1533366.6
111.53311 	1525532.5
111.88495 	1517698.4
112.58863 	1502030.2
112.94047 	1494196.2
113.29231 	1486362.1
113.64415 	1478528.1
113.99599 	1470694.2
114.34783 	1462860.2
114.69967 	1455026.3
115.05151 	1447192.3
115.40335 	1439358.4
115.75519 	1431524.6
116.45887 	1415856.9
116.81071 	1408023.1
117.16255 	1400189.3
117.51439 	1392355.5
118.21806 	1376688.1
118.5699 	1368854.4
118.92174 	1361020.7
119.27358 	1353187
119.62542 	1345353.4
119.97726 	1337519.8
120.3291 	1329686.2
120.68094 	1321852.6
121.03278 	1314019.1
121.38462 	1306185.6
121.73646 	1298352.1
122.0883 	1290518.6
122.79198 	1274851.7
123.14382 	1267018.3
123.49566 	1259184.9
123.8475 	1251351.5
124.19934 	1243518.2
124.55118 	1235684.9
124.90302 	1227851.6
125.25485 	1220018.3
125.60669 	1212185
126.66221 	1188685.4
127.01405 	1180852.2
127.36589 	1173019.1
127.71773 	1165185.9
128.06957 	1157352.8
128.42141 	1149519.7
128.77325 	1141686.6
129.12509 	1133853.6
129.47693 	1126020.6
130.18061 	1110354.6
130.53245 	1102521.6
130.88429 	1094688.6
131.23613 	1086855.7
132.29164 	1063357
132.64348 	1055524.2
132.99532 	1047691.3
133.699 	1032025.7
134.05084 	1024192.9
134.40268 	1016360.2
134.75452 	1008527.4
135.4582 	992861.97
135.81004 	985029.27
136.16188 	977196.59
136.51372 	969363.93
136.86556 	961531.27
137.56924 	945866.02
137.92108 	938033.41
138.27292 	930200.82
138.97659 	914535.68
139.68027 	898870.59
140.03211 	891038.06
140.38395 	883205.55
140.73579 	875373.05
141.08763 	867540.56
141.43947 	859708.09
141.79131 	851875.62
142.14315 	844043.17
142.49499 	836210.72
142.84683 	828378.29
144.25419 	797048.66
145.3097 	773551.52
145.66154 	765719.16
146.01338 	757886.8
146.36522 	750054.46
146.71706 	742222.12
147.0689 	734389.78
147.42074 	726557.46
148.12442 	710892.82
148.8281 	695228.2
149.17994 	687395.9
149.88362 	671731.31
150.23546 	663899.03
150.5873 	656066.74
151.29098 	640402.19
151.99465 	624737.64
152.69833 	609073.11
153.05017 	601240.84
153.40201 	593408.58
153.75385 	585576.32
154.45753 	569911.81
154.80937 	562079.56
155.16121 	554247.3
155.51305 	546415.05
155.86489 	538582.8
156.21673 	530750.55
156.56857 	522918.3
157.62409 	499421.55
157.97593 	491589.3
158.32777 	483757.05
158.67961 	475924.8
159.03144 	468092.55
159.38328 	460260.3
159.73512 	452428.06
160.08696 	444595.81
160.4388 	436763.56
160.79064 	428931.31
161.14248 	421099.06
161.49432 	413266.81
161.84616 	405434.56
162.90168 	381937.81
163.25352 	374105.56
163.9572 	358441.07
164.30904 	350608.82
164.66088 	342776.57
165.01272 	334944.32
165.71639 	319279.83
166.06823 	311447.59
167.12375 	287950.86
167.47559 	280118.62
167.82743 	272286.38
168.17927 	264454.15
168.53111 	256621.92
169.23479 	240957.46
169.58663 	233125.23
169.93847 	225293.01
170.64215 	209628.58
170.99399 	201796.37
171.34583 	193964.16
171.69767 	186131.96
172.04951 	178299.76
172.40134 	170467.57
172.75318 	162635.38
173.10502 	154803.2
174.16054 	131306.69
174.51238 	123474.53
174.86422 	115642.35
