0 	8861746
6.4128257 	8774716
34.468938 	8193516.2
37.675351 	8163860.4
40.881764 	8090189.6
50.501002 	7912937.9
53.707415 	7847496
62.52505 	7660967
65.731463 	7585371.6
68.937876 	7510068.6
69.739479 	7493536.8
96.993988 	6967952.5
103.40681 	6829501.3
106.61323 	6824456.1
116.23246 	6820342.2
123.44689 	6818127.5
125.05 	6817392.2
125.8517 	6817067.1
128.25651 	6816123
131.46293 	6814673.2
151.50301 	6558486.5
153.90782 	6496266.7
156.31263 	6433966.4
159.51904 	6350816.1
166.73347 	6163574.8
169.13828 	6101121.3
175.5511 	5934621.1
176.35271 	5913815.5
187.57515 	5622472.3
190.78156 	5539197.7
200.4008 	5289173
201.2024 	5268319.4
202.00401 	5247462.7
202.80561 	5226603.1
203.60721 	5205740.5
204.40882 	5184875
205.21042 	5164006.7
206.01202 	5143135.5
206.81363 	5122261.5
207.61523 	5101385
208.41683 	5080505.9
209.21844 	5059624.4
210.02004 	5038740.6
210.82164 	5017854.7
211.62325 	4996966.9
212.42485 	4976077.3
213.22645 	4955186.1
214.02806 	4934293.4
214.82966 	4913399.5
215.63126 	4892504.3
216.43287 	4871608.1
217.23447 	4850711.1
218.03607 	4829813.2
219.63928 	4788015.2
220.44088 	4767115.2
221.24248 	4746214.6
222.04409 	4725313.4
222.84569 	4704411.6
223.64729 	4683509.3
224.4489 	4662606.5
225.2505 	4641703.3
226.0521 	4620799.8
227.65531 	4578992.6
228.45691 	4558089.3
229.25852 	4537186.4
230.86172 	4495383.3
231.66333 	4474483.8
232.46493 	4453585.9
234.06814 	4411796.9
234.86974 	4390906.4
235.67134 	4370019
236.47295 	4349135
237.27455 	4328254.7
238.07615 	4307378.4
238.87776 	4286506.2
239.67936 	4265638.4
240.48096 	4244775
241.28257 	4223916.1
242.08417 	4203061.8
242.88577 	4182212
243.68737 	4161366.7
244.48898 	4140525.6
245.29058 	4119688.6
246.09218 	4098855.4
246.89379 	4078025.7
247.69539 	4057199.2
248.49699 	4036375.4
249.2986 	4015554
250.1002 	3994734.3
250.9018 	3973916
251.70341 	3953098.6
252.50501 	3932281.3
253.30661 	3911463.9
254.10822 	3890645.7
254.90982 	3869826.3
255.71142 	3849005.1
256.51303 	3828181.8
257.31463 	3807356
258.11623 	3786527.3
258.91784 	3765695.5
259.71944 	3744860.2
260.52104 	3724021.4
261.32265 	3703178.8
262.12425 	3682332.5
262.92585 	3661482.4
263.72745 	3640628.5
264.52906 	3619770.9
265.33066 	3598909.9
266.13226 	3578045.4
266.93387 	3557177.9
267.73547 	3536307.5
268.53707 	3515434.6
269.33868 	3494559.5
270.14028 	3473682.4
270.94188 	3452803.9
271.74349 	3431924.2
272.54509 	3411043.7
273.34669 	3390162.8
274.1483 	3369281.9
274.9499 	3348401.2
274.95 	3348398.6
275.7515 	3327521.1
276.55311 	3306641.9
277.35471 	3285763.8
278.95792 	3244011.9
279.75952 	3223138.4
280.56112 	3202266.7
281.36273 	3181396.9
282.16433 	3160529.1
282.96593 	3139663.3
283.76754 	3118799.4
284.56914 	3097937.4
285.37074 	3077077.4
286.17234 	3056219.1
286.97395 	3035362.4
288.57715 	2993653.7
289.37876 	2972801.3
290.18036 	2951949.9
290.98196 	2931099.5
291.78357 	2910249.9
292.58517 	2889400.7
293.38677 	2868551.9
294.18838 	2847703.4
294.98998 	2826854.7
295.79158 	2806005.9
296.59319 	2785156.8
297.39479 	2764307.2
298.19639 	2743456.9
298.998 	2722605.9
299.7996 	2701754
300.6012 	2680901.3
301.40281 	2660047.5
302.20441 	2639192.7
303.00601 	2618336.9
303.80762 	2597480.1
304.60922 	2576622.3
306.21242 	2534903.8
307.01403 	2514043.3
307.81563 	2493182
308.61723 	2472320
309.41884 	2451457.4
310.22044 	2430594.4
311.02204 	2409730.8
311.82365 	2388867
312.62525 	2368002.9
313.42685 	2347138.6
314.22846 	2326274.3
315.03006 	2305410
315.83166 	2284545.7
316.63327 	2263681.6
317.43487 	2242817.8
318.23647 	2221954.2
319.03808 	2201091
319.83968 	2180228.2
320.64128 	2159365.9
321.44289 	2138504
322.24449 	2117642.8
323.04609 	2096782.1
323.8477 	2075922.1
324.6493 	2055062.7
325.4509 	2034204.1
326.25251 	2013346.2
327.05411 	1992489.1
327.85571 	1971632.9
328.65731 	1950777.4
329.45892 	1929922.8
330.26052 	1909069.1
331.06212 	1888216.3
331.86373 	1867364.4
332.66533 	1846513.4
333.46693 	1825663.4
334.26854 	1804814.4
335.07014 	1783966.5
335.87174 	1763119.5
336.67335 	1742273.6
337.47495 	1721428.8
338.27655 	1700585.1
339.07816 	1679742.5
339.87976 	1658901.1
340.68136 	1638060.9
341.48297 	1617222
342.28457 	1596384.2
343.08617 	1575547.8
343.88778 	1554712.7
344.68938 	1533879
345.49098 	1513046.6
346.29259 	1492215.7
347.09419 	1471386.2
347.89579 	1450558.3
348.69739 	1429731.9
349.499 	1408907
350.3006 	1388083.8
351.1022 	1367262.2
351.90381 	1346442.2
352.70541 	1325624
353.50701 	1304807.4
354.30862 	1283992.6
355.11022 	1263179.5
355.91182 	1242368.1
356.71343 	1221558.6
357.51503 	1200750.8
358.31663 	1179944.7
359.11824 	1159140.4
359.91984 	1138337.9
360.72144 	1117537.1
361.52305 	1096738
362.32465 	1075940.6
363.12625 	1055144.8
363.92786 	1034350.8
364.72946 	1013558.3
365.53106 	992767.43
366.33267 	971978.13
367.13427 	951190.38
367.93587 	930404.15
368.73747 	909619.41
369.53908 	888836.15
370.34068 	868054.35
371.14228 	847274
371.94389 	826495.09
372.74549 	805717.6
373.54709 	784941.53
374.3487 	764166.89
375.1503 	743393.65
375.9519 	722621.83
376.75351 	701851.42
377.55511 	681082.41
379.15832 	639548.57
379.95992 	618783.72
381.56313 	577258.1
382.36473 	556497.28
383.16633 	535737.76
383.96794 	514979.5
384.76954 	494222.46
385.57114 	473466.6
386.37275 	452711.89
387.17435 	431958.26
387.97595 	411205.67
388.77756 	390454.06
389.57916 	369703.38
390.38076 	348953.56
391.18236 	328204.54
391.98397 	307456.26
392.78557 	286708.66
393.58717 	265961.66
394.38878 	245215.22
395.19038 	224469.25
395.99198 	203723.7
396.79359 	182978.51
397.59519 	162233.61
399.1984 	120744.42
400 	100505.26
