0 	3836483.9
0.35183948 	3829102.5
0.70367896 	3821474.6
1.0555184 	3813623.1
1.4073579 	3805824.4
1.7591974 	3797994.1
2.1110369 	3790164.4
2.4628764 	3782320.3
2.8147158 	3774580.1
3.1665553 	3766752.1
3.5183948 	3758925.6
3.8702343 	3751116.9
4.2220737 	3743274
4.9257527 	3727765.5
5.6294317 	3712176.5
5.9812711 	3704343.9
6.3331106 	3696511.1
8.092308 	3657347.2
8.795987 	3641683.5
9.1478265 	3633855.3
10.203345 	3613088.7
10.907024 	3597546.3
11.258863 	3589721.1
11.610703 	3581882.7
11.962542 	3573994.3
12.666221 	3560946
13.018061 	3553113.7
13.3699 	3545281.6
13.72174 	3537449.8
14.777258 	3513954.2
15.480937 	3498290.4
15.832777 	3490458.5
16.536456 	3474794.5
17.591974 	3451298.3
18.647492 	3427801.7
19.351171 	3412137.1
19.703011 	3404304.7
20.05485 	3396472.3
20.40669 	3388639.8
20.758529 	3380807.2
21.462208 	3365142
22.165887 	3349476.5
22.869566 	3333810.9
23.573245 	3318145.1
23.925085 	3310312.1
24.276924 	3302479.1
24.628764 	3294646
25.332442 	3278979.7
25.684282 	3271146.5
26.387961 	3255480
26.7398 	3247646.7
27.09164 	3239813.4
27.443479 	3231980
27.795319 	3224146.6
28.147158 	3216313.1
28.850837 	3200646.1
29.202677 	3192812.6
29.554516 	3184978.9
29.906356 	3177145.3
30.258195 	3169311.6
30.610035 	3161477.9
30.961874 	3153644.1
31.665553 	3137976.5
32.017393 	3130142.6
32.369232 	3122308.6
32.721072 	3114474.6
33.072911 	3106640.6
33.424751 	3098806.5
33.77659 	3090972.4
34.128429 	3083138.2
34.480269 	3075304
34.832108 	3067469.7
35.183948 	3059635.5
35.535787 	3051801.1
35.887627 	3043966.8
36.239466 	3036132.4
36.591306 	3028298
37.294985 	3012629.2
37.646824 	3004794.8
37.998664 	2996960.3
38.702343 	2981291.4
39.406022 	2965622.4
39.757861 	2957787.9
41.165219 	2926447.8
41.517059 	2918590.3
41.868898 	2910715.3
42.220737 	2904756
42.924416 	2903484.1
43.276256 	2903453.4
43.628095 	2903424.2
43.979935 	2903395.1
44.683614 	2903339.5
45.035453 	2903312.8
45.387293 	2903286.7
46.090972 	2903235.5
46.442811 	2903210
47.14649 	2903158
47.49833 	2903131.1
48.202009 	2903075.5
48.553848 	2903045.7
49.257527 	2902980.2
49.609367 	2902926.8
49.961206 	2902511.7
50.313045 	2897692.4
50.664885 	2890061.3
51.016724 	2882209.2
51.720403 	2866482.8
52.072243 	2858619.4
52.424082 	2850755.9
52.775922 	2842892.5
53.127761 	2835029.1
54.18328 	2811439.1
54.535119 	2803575.8
54.886959 	2795712.5
55.238798 	2787849.3
55.590638 	2779986.2
55.942477 	2772123
56.997996 	2748533.8
57.349835 	2740670.8
57.701675 	2732807.9
58.053514 	2724944.9
58.405354 	2717082
58.757193 	2709219.2
59.109032 	2701356.3
59.460872 	2693493.5
60.164551 	2677768
60.51639 	2669905.3
60.86823 	2662042.6
61.220069 	2654179.9
61.571909 	2646317.3
61.923748 	2638454.7
62.275588 	2630592.1
62.627427 	2622729.6
62.979267 	2614867.1
63.331106 	2607004.6
63.682946 	2599142.2
64.034785 	2591279.8
64.386625 	2583417.5
64.738464 	2575555.2
65.442143 	2559830.8
65.793983 	2551968.7
66.497662 	2536244.7
67.55318 	2512659.2
68.256859 	2496936
68.608698 	2489074.4
69.312377 	2473351.7
70.016056 	2457629.3
70.367896 	2449768.2
70.719735 	2441907.2
71.071575 	2434046.3
71.423414 	2426185.5
72.830772 	2394743.3
73.182612 	2386882.9
73.534451 	2379022.7
73.886291 	2371162.5
74.941809 	2347582.5
75.293648 	2339722.7
75.645488 	2331863
75.997327 	2324003.3
77.052846 	2300424.8
77.404685 	2292565.5
77.756525 	2284706.2
78.460204 	2268987.9
78.812043 	2261128.8
79.163883 	2253269.8
80.219401 	2229693.2
81.27492 	2206117.1
81.626759 	2198258.5
81.978599 	2190400
82.330438 	2182541.5
82.682278 	2174683.1
83.034117 	2166824.7
83.385957 	2158966.3
83.737796 	2151108
84.089635 	2143249.8
84.441475 	2135391.6
85.496993 	2111817.2
86.552512 	2088243.1
86.904351 	2080385.1
89.015388 	2033237.8
89.367228 	2025379.9
90.070907 	2009664.3
90.422746 	2001806.5
90.774586 	1993948.7
91.126425 	1986091
91.478265 	1978233.2
91.830104 	1970375.4
92.533783 	1954659.9
93.237462 	1938944.3
93.589301 	1931086.5
93.941141 	1923228.7
94.29298 	1915370.9
96.052178 	1876081.5
96.404017 	1868223.6
96.755857 	1860365.6
97.459536 	1844649.6
97.811375 	1836791.6
98.163215 	1828933.5
98.515054 	1821075.3
99.922412 	1789642.5
100.27425 	1781784.2
100.62609 	1773925.8
101.32977 	1758209
102.03345 	1742492
102.38529 	1734633.4
103.79265 	1703198.7
104.14449 	1695339.9
104.49633 	1687481.1
105.2 	1671763.3
105.90368 	1656045.3
106.25552 	1648186.3
106.60736 	1640327.2
108.01472 	1608890.3
108.36656 	1601031
108.7184 	1593171.7
109.07024 	1585312.3
109.77392 	1569593.5
110.12576 	1561734
110.82944 	1546015
111.18128 	1538155.4
111.53311 	1530295.8
111.88495 	1522436.2
112.58863 	1506716.9
112.94047 	1498857.2
113.29231 	1490997.5
113.64415 	1483137.7
113.99599 	1475278
114.34783 	1467418.3
114.69967 	1459558.5
115.05151 	1451698.7
115.40335 	1443838.9
115.75519 	1435979.1
116.45887 	1420259.5
116.81071 	1412399.7
117.16255 	1404539.9
117.51439 	1396680.1
118.21806 	1380960.5
118.5699 	1373100.7
118.92174 	1365240.9
119.27358 	1357381.1
119.62542 	1349521.3
119.97726 	1341661.5
120.3291 	1333801.8
120.68094 	1325942
121.03278 	1318082.3
121.38462 	1310222.6
121.73646 	1302362.9
122.0883 	1294503.2
122.79198 	1278783.9
123.14382 	1270924.3
123.49566 	1263064.7
123.8475 	1255205.1
124.19934 	1247345.6
124.55118 	1239486.1
124.90302 	1231626.6
125.25485 	1223767.1
125.60669 	1215907.7
126.66221 	1192329.5
127.01405 	1184470.2
127.36589 	1176610.9
127.71773 	1168751.7
128.06957 	1160892.4
128.42141 	1153033.2
128.77325 	1145174.1
129.12509 	1137315
129.47693 	1129455.9
130.18061 	1113737.8
130.53245 	1105878.8
130.88429 	1098019.8
131.23613 	1090160.8
132.29164 	1066584.2
132.64348 	1058725.4
132.99532 	1050866.7
133.699 	1035149.2
134.05084 	1027290.5
134.40268 	1019431.9
134.75452 	1011573.2
135.4582 	995856.07
135.81004 	987997.53
136.16188 	980139.02
136.51372 	972280.53
136.86556 	964422.08
137.56924 	948705.24
137.92108 	940846.85
138.27292 	932988.49
138.97659 	917271.83
139.68027 	901555.26
140.03211 	893697
140.38395 	885838.77
140.73579 	877980.54
141.08763 	870122.34
141.43947 	862264.15
141.79131 	854405.98
142.14315 	846547.81
142.49499 	838689.67
142.84683 	830831.53
144.25419 	799399.08
145.3097 	775824.82
145.66154 	767966.75
146.01338 	760108.67
146.36522 	752250.6
146.71706 	744392.53
147.0689 	736534.46
147.42074 	728676.39
148.12442 	712960.24
148.8281 	697244.07
149.17994 	689385.99
149.88362 	673669.79
150.23546 	665811.68
150.5873 	657953.56
151.29098 	642237.29
151.99465 	626520.98
152.69833 	610804.62
153.05017 	602946.42
153.40201 	595088.2
153.75385 	587229.97
154.45753 	571513.46
154.80937 	563655.18
155.16121 	555796.88
155.51305 	547938.57
155.86489 	540080.24
156.21673 	532221.89
156.56857 	524363.52
157.62409 	500788.29
157.97593 	492929.84
158.32777 	485071.38
158.67961 	477212.89
159.03144 	469354.38
159.38328 	461495.85
159.73512 	453637.3
160.08696 	445778.73
160.4388 	437920.14
160.79064 	430061.53
161.14248 	422202.9
161.49432 	414344.25
161.84616 	406485.58
162.90168 	382909.45
163.25352 	375050.7
163.9572 	359333.15
164.30904 	351474.35
164.66088 	343615.53
165.01272 	335756.69
165.71639 	320038.97
166.06823 	312180.09
167.12375 	288603.35
167.47559 	280744.41
167.82743 	272885.45
168.17927 	265026.49
168.53111 	257167.52
169.23479 	241449.54
169.58663 	233590.53
169.93847 	225731.52
170.64215 	210013.48
170.99399 	202154.46
171.34583 	194295.42
171.69767 	186436.39
172.04951 	178577.35
172.40134 	170718.31
172.75318 	162859.26
173.10502 	155000.22
174.16054 	131423.11
174.51238 	123564.08
174.86422 	115705.03
