0 	3836482
0.35183948 	3830243.4
0.70367896 	3827986.7
1.0555184 	3827665.2
1.4073579 	3827549.4
1.7591974 	3827460.8
2.1110369 	3827380.4
2.4628764 	3827302
2.8147158 	3827224.5
3.1665553 	3827147.7
3.5183948 	3827071.4
3.8702343 	3826995.5
4.2220737 	3826919.8
4.9257527 	3826768.3
5.6294317 	3826615.5
5.9812711 	3826538.2
6.3331106 	3826460
8.092308 	3826052.7
8.795987 	3825878.1
9.1478265 	3825771.2
10.203345 	3821413
10.907024 	3805810.6
11.258863 	3797913.7
11.610703 	3790016.7
11.962542 	3782119.7
12.666221 	3766325.2
13.018061 	3758427.8
13.3699 	3750530.3
13.72174 	3742632.7
14.777258 	3718939.2
15.480937 	3703142.9
15.832777 	3695244.5
16.536456 	3679447.4
17.591974 	3655750.6
18.647492 	3632052.5
19.351171 	3616253
19.703011 	3608353
20.05485 	3600452.8
20.40669 	3592552.5
20.758529 	3584652
21.462208 	3568850.6
22.165887 	3553048.5
22.869566 	3537245.8
23.573245 	3521442.4
23.925085 	3513540.4
24.276924 	3505638.3
24.628764 	3497736
25.332442 	3481930.8
25.684282 	3474028
26.387961 	3458221.8
26.7398 	3450318.4
27.09164 	3442414.8
27.443479 	3434511.1
27.795319 	3426607.1
28.147158 	3418703
28.850837 	3402894.1
29.202677 	3394989.4
29.554516 	3387084.5
29.906356 	3379179.4
30.258195 	3371274
30.610035 	3363368.5
30.961874 	3355462.8
31.665553 	3339650.8
32.017393 	3331744.5
32.369232 	3323838.1
32.721072 	3315931.4
33.072911 	3308024.5
33.424751 	3300117.5
33.77659 	3292210.3
34.128429 	3284302.8
34.480269 	3276395.3
34.832108 	3268487.5
35.183948 	3260579.5
35.535787 	3252671.4
35.887627 	3244763.1
36.239466 	3236854.6
36.591306 	3228945.9
37.294985 	3213128.1
37.646824 	3205218.9
37.998664 	3197309.6
38.702343 	3181490.4
39.406022 	3165670.6
39.757861 	3157760.5
41.165219 	3126118.4
41.517059 	3118207.5
41.868898 	3110296.5
42.220737 	3102385.2
42.924416 	3086562.4
43.276256 	3078650.8
43.628095 	3070739
43.979935 	3062827.1
44.683614 	3047002.8
45.035453 	3039090.4
45.387293 	3031177.9
46.090972 	3015352.6
46.442811 	3007439.7
47.14649 	2991613.5
47.49833 	2983700.2
48.202009 	2967873.2
48.553848 	2959959.5
49.257527 	2944131.8
49.609367 	2936217.7
49.961206 	2928303.5
50.313045 	2920389.2
50.664885 	2912474.8
51.016724 	2904560.2
51.720403 	2888730.7
52.072243 	2880815.8
52.424082 	2872900.7
52.775922 	2864985.5
53.127761 	2857070.2
54.18328 	2833323.6
54.535119 	2825407.9
54.886959 	2817492
55.238798 	2809576
55.590638 	2801659.8
55.942477 	2793743.6
56.997996 	2769994.2
57.349835 	2762077.5
57.701675 	2754160.7
58.053514 	2746243.7
58.405354 	2738326.7
58.757193 	2730409.5
59.109032 	2722492.3
59.460872 	2714574.9
60.164551 	2698739.7
60.51639 	2690822
60.86823 	2682904.2
61.220069 	2674986.2
61.571909 	2667068.2
61.923748 	2659150
62.275588 	2651231.7
62.627427 	2643313.3
62.979267 	2635394.8
63.331106 	2627476.1
63.682946 	2619557.4
64.034785 	2611638.5
64.386625 	2603719.5
64.738464 	2595800.5
65.442143 	2579962
65.793983 	2572042.5
66.497662 	2556203.3
67.55318 	2532443.7
68.256859 	2516603.4
68.608698 	2508683.1
69.312377 	2492842.1
70.016056 	2477000.6
70.367896 	2469079.7
70.719735 	2461158.7
71.071575 	2453237.6
71.423414 	2445316.4
72.830772 	2413630.3
73.182612 	2405708.5
73.534451 	2397786.6
73.886291 	2389864.6
74.941809 	2366097.9
75.293648 	2358175.5
75.645488 	2350252.9
75.997327 	2342330.2
77.052846 	2318561.6
77.404685 	2310638.4
77.756525 	2302715.2
78.460204 	2286868.5
78.812043 	2278945
79.163883 	2271021.3
80.219401 	2247249.8
81.27492 	2223477.4
81.626759 	2215553.1
81.978599 	2207628.6
82.330438 	2199704.1
82.682278 	2191779.5
83.034117 	2183854.7
83.385957 	2175929.9
83.737796 	2168005
84.089635 	2160080
84.441475 	2152155
85.496993 	2128379.2
86.552512 	2104602.7
86.904351 	2096677
89.015388 	2049121.4
89.367228 	2041195.2
90.070907 	2025342.7
90.422746 	2017416.3
90.774586 	2009489.9
91.126425 	2001563.4
91.478265 	1993636.8
91.830104 	1985710.2
92.533783 	1969856.9
93.237462 	1954003.3
93.589301 	1946076.4
93.941141 	1938149.5
94.29298 	1930222.6
96.052178 	1890587.2
96.404017 	1882660.1
96.755857 	1874732.9
97.459536 	1858878.4
97.811375 	1850951.1
98.163215 	1843023.8
98.515054 	1835096.5
99.922412 	1803387.1
100.27425 	1795459.7
100.62609 	1787532.3
101.32977 	1771677.5
102.03345 	1755822.7
102.38529 	1747895.2
103.79265 	1716185.6
104.14449 	1708258.2
104.49633 	1700330.8
105.2 	1684476.1
105.90368 	1668621.4
106.25552 	1660694.1
106.60736 	1652766.8
108.01472 	1621057.9
108.36656 	1613130.7
108.7184 	1605203.5
109.07024 	1597276.4
109.77392 	1581422.2
110.12576 	1573495.2
110.82944 	1557641.2
111.18128 	1549714.3
111.53311 	1541787.3
111.88495 	1533860.5
112.58863 	1518006.9
112.94047 	1510080.1
113.29231 	1502153.4
113.64415 	1494226.7
113.99599 	1486300.1
114.34783 	1478373.5
114.69967 	1470446.9
115.05151 	1462520.4
115.40335 	1454593.9
115.75519 	1446667.5
116.45887 	1430814.8
116.81071 	1422888.5
117.16255 	1414962.3
117.51439 	1407036.1
118.21806 	1391183.9
118.5699 	1383257.8
118.92174 	1375331.8
119.27358 	1367405.9
119.62542 	1359480
119.97726 	1351554.1
120.3291 	1343628.3
120.68094 	1335702.6
121.03278 	1327776.9
121.38462 	1319851.3
121.73646 	1311925.7
122.0883 	1304000.1
122.79198 	1288149.2
123.14382 	1280223.9
123.49566 	1272298.6
123.8475 	1264373.3
124.19934 	1256448.1
124.55118 	1248522.9
124.90302 	1240597.9
125.25485 	1232672.8
125.60669 	1224747.8
126.66221 	1200973.3
127.01405 	1193048.5
127.36589 	1185123.8
127.71773 	1177199.2
128.06957 	1169274.6
128.42141 	1161350.1
128.77325 	1153425.7
129.12509 	1145501.3
129.47693 	1137577
130.18061 	1121728.5
130.53245 	1113804.4
130.88429 	1105880.3
131.23613 	1097956.3
132.29164 	1074184.6
132.64348 	1066260.9
132.99532 	1058337.2
133.699 	1042490
134.05084 	1034566.5
134.40268 	1026643
134.75452 	1018719.7
135.4582 	1002873.1
135.81004 	994949.96
136.16188 	987026.85
136.51372 	979103.81
136.86556 	971180.83
137.56924 	955335.09
137.92108 	947412.31
138.27292 	939489.61
138.97659 	923644.39
139.68027 	907799.45
140.03211 	899877.08
140.38395 	891954.78
140.73579 	884032.55
141.08763 	876110.38
141.43947 	868188.28
141.79131 	860266.25
142.14315 	852344.28
142.49499 	844422.38
142.84683 	836500.55
144.25419 	804813.9
145.3097 	781049.6
145.66154 	773128.3
146.01338 	765207.06
146.36522 	757285.89
146.71706 	749364.79
147.0689 	741443.75
147.42074 	733522.77
148.12442 	717681.01
148.8281 	701839.49
149.17994 	693918.83
149.88362 	678077.69
150.23546 	670157.21
150.5873 	662236.79
151.29098 	646396.13
151.99465 	630555.7
152.69833 	614715.51
153.05017 	606795.5
153.40201 	598875.54
153.75385 	590955.64
154.45753 	575116
154.80937 	567196.26
155.16121 	559276.57
155.51305 	551356.94
155.86489 	543437.35
156.21673 	535517.82
156.56857 	527598.34
157.62409 	503840.19
157.97593 	495920.9
158.32777 	488001.66
158.67961 	480082.46
159.03144 	472163.31
159.38328 	464244.2
159.73512 	456325.14
160.08696 	448406.12
160.4388 	440487.14
160.79064 	432568.21
161.14248 	424649.31
161.49432 	416730.45
161.84616 	408811.64
162.90168 	385055.42
163.25352 	377136.75
163.9572 	361299.52
164.30904 	353380.95
164.66088 	345462.42
165.01272 	337543.92
165.71639 	321707.02
166.06823 	313788.61
167.12375 	290033.56
167.47559 	282115.26
167.82743 	274196.99
168.17927 	266278.75
168.53111 	258360.52
169.23479 	242524.15
169.58663 	234606
169.93847 	226687.87
170.64215 	210851.66
170.99399 	202933.59
171.34583 	195015.54
171.69767 	187097.5
172.04951 	179179.48
172.40134 	171261.47
172.75318 	163343.48
173.10502 	155425.5
174.16054 	131671.65
174.51238 	123753.72
174.86422 	115835.8
