0 	8537401.5
6.4128257 	8477691.6
34.468938 	7837133.6
37.675351 	7757509.5
40.881764 	7702604.8
50.501002 	7524614.3
53.707415 	7503056
62.52505 	7369435.8
65.731463 	7317290.6
68.937876 	7238141.2
69.739479 	7217654.5
96.993988 	6613870.2
103.40681 	6459460.7
106.61323 	6383098.4
116.23246 	6157945.1
123.44689 	6024588.7
125.05 	5981506.8
125.8517 	5959818.2
128.25651 	5896574.2
131.46293 	5827486.1
151.50301 	5816040.7
153.90782 	5816761.4
156.31263 	5817249.5
159.51904 	5816521.4
166.73347 	5810904.5
169.13828 	5810414.3
175.5511 	5809162.3
176.35271 	5808811
187.57515 	5793892.4
190.78156 	5715125.1
200.4008 	5458659.2
201.2024 	5437235.8
202.00401 	5415797.9
202.80561 	5394344.8
203.60721 	5372876.8
204.40882 	5351394.4
205.21042 	5329898.8
206.01202 	5308391.5
206.81363 	5286873.8
207.61523 	5265347
208.41683 	5243811.7
209.21844 	5222268.5
210.02004 	5200717.7
210.82164 	5179159.8
211.62325 	5157595.7
212.42485 	5136026.4
213.22645 	5114452.9
214.02806 	5092876.3
214.82966 	5071297.6
215.63126 	5049717.7
216.43287 	5028137.1
217.23447 	5006556.1
218.03607 	4984974.7
219.63928 	4941809.5
220.44088 	4920225
221.24248 	4898639
222.04409 	4877051.2
222.84569 	4855461.6
223.64729 	4833870.2
224.4489 	4812276.9
225.2505 	4790681.6
226.0521 	4769083.9
227.65531 	4725880.1
228.45691 	4704273.5
229.25852 	4682663.6
230.86172 	4639433.3
231.66333 	4617813
232.46493 	4596189
234.06814 	4552930.8
234.86974 	4531296.8
235.67134 	4509659.9
236.47295 	4488020.7
237.27455 	4466379.7
238.07615 	4444737.5
238.87776 	4423094.8
239.67936 	4401452.4
240.48096 	4379811.4
241.28257 	4358172.7
242.08417 	4336537.6
242.88577 	4314907.5
243.68737 	4293283.6
244.48898 	4271667
245.29058 	4250058.7
246.09218 	4228459.5
246.89379 	4206869.8
247.69539 	4185290.1
248.49699 	4163720.8
249.2986 	4142162.1
250.1002 	4120614.4
250.9018 	4099078.1
251.70341 	4077553.4
252.50501 	4056040.7
253.30661 	4034540
254.10822 	4013051.7
254.90982 	3991575.7
255.71142 	3970112
256.51303 	3948660.6
257.31463 	3927221.3
258.11623 	3905793.8
258.91784 	3884378
259.71944 	3862973.3
260.52104 	3841579.5
261.32265 	3820195.8
262.12425 	3798821.9
262.92585 	3777456.8
263.72745 	3756100
264.52906 	3734750.6
265.33066 	3713407.5
266.13226 	3692069.7
266.93387 	3670736.1
267.73547 	3649405.3
268.53707 	3628076.1
269.33868 	3606747
270.14028 	3585416.5
270.94188 	3564083.1
271.74349 	3542745.2
272.54509 	3521401.2
273.34669 	3500049.7
274.1483 	3478689.1
274.9499 	3457318.2
274.95 	3457315.6
275.7515 	3435935.7
276.55311 	3414540.3
277.35471 	3393131.2
278.95792 	3350268.3
279.75952 	3328813.4
280.56112 	3307342.3
281.36273 	3285854.9
282.16433 	3264351.4
282.96593 	3242831.8
283.76754 	3221296.8
284.56914 	3199747
285.37074 	3178183.3
286.17234 	3156606.7
286.97395 	3135018.4
288.57715 	3091812.2
289.37876 	3070197.2
290.18036 	3048576.4
290.98196 	3026951.3
291.78357 	3005323.4
292.58517 	2983694.1
293.38677 	2962064.7
294.18838 	2940436.6
294.98998 	2918810.8
295.79158 	2897188.4
296.59319 	2875570.2
297.39479 	2853957.1
298.19639 	2832349.6
298.998 	2810748.4
299.7996 	2789153.8
300.6012 	2767566.2
301.40281 	2745985.7
302.20441 	2724412.3
303.00601 	2702846.1
303.80762 	2681286.9
304.60922 	2659734.3
306.21242 	2616648
307.01403 	2595113.3
307.81563 	2573583.7
308.61723 	2552058.6
309.41884 	2530537.6
310.22044 	2509020.1
311.02204 	2487505.7
311.82365 	2465994
312.62525 	2444484.6
313.42685 	2422977
314.22846 	2401470.9
315.03006 	2379966
315.83166 	2358461.9
316.63327 	2336958.4
317.43487 	2315455.1
318.23647 	2293951.8
319.03808 	2272448.3
319.83968 	2250944.2
320.64128 	2229439.4
321.44289 	2207933.7
322.24449 	2186426.9
323.04609 	2164918.8
323.8477 	2143409.3
324.6493 	2121898.4
325.4509 	2100386
326.25251 	2078872
327.05411 	2057356.4
327.85571 	2035839.3
328.65731 	2014320.8
329.45892 	1992800.8
330.26052 	1971279.4
331.06212 	1949756.8
331.86373 	1928233.1
332.66533 	1906708.2
333.46693 	1885182.4
334.26854 	1863655.8
335.07014 	1842128.3
335.87174 	1820600.1
336.67335 	1799071.4
337.47495 	1777542
338.27655 	1756012.2
339.07816 	1734482
339.87976 	1712951.5
340.68136 	1691420.8
341.48297 	1669890
342.28457 	1648359
343.08617 	1626828.2
343.88778 	1605297.4
344.68938 	1583766.8
345.49098 	1562236.5
346.29259 	1540706.4
347.09419 	1519176.7
347.89579 	1497647.4
348.69739 	1476118.3
349.499 	1454589.6
350.3006 	1433061.2
351.1022 	1411533
351.90381 	1390004.9
352.70541 	1368476.9
353.50701 	1346949
354.30862 	1325420.9
355.11022 	1303892.6
355.91182 	1282364
356.71343 	1260835.1
357.51503 	1239305.7
358.31663 	1217775.9
359.11824 	1196245.7
359.91984 	1174714.9
360.72144 	1153183.7
361.52305 	1131652.2
362.32465 	1110120.5
363.12625 	1088588.6
363.92786 	1067056.8
364.72946 	1045525.2
365.53106 	1023994
366.33267 	1002463.6
367.13427 	980933.99
367.93587 	959405.55
368.73747 	937878.49
369.53908 	916353.05
370.34068 	894829.45
371.14228 	873307.91
371.94389 	851788.62
372.74549 	830271.75
373.54709 	808757.46
374.3487 	787245.86
375.1503 	765737.06
375.9519 	744231.12
376.75351 	722728.08
377.55511 	701227.96
379.15832 	658236.38
379.95992 	636744.82
381.56313 	593769.78
382.36473 	572286.09
383.16633 	550804.78
383.96794 	529325.74
384.76954 	507848.8
385.57114 	486373.84
386.37275 	464900.69
387.17435 	443429.2
387.97595 	421959.21
388.77756 	400490.58
389.57916 	379023.14
390.38076 	357556.74
391.18236 	336091.25
391.98397 	314626.53
392.78557 	293162.46
393.58717 	271698.91
394.38878 	250235.79
395.19038 	228773
395.99198 	207310.48
396.79359 	185848.15
397.59519 	164385.97
399.1984 	121461.93
400 	100522.73
