0 	8903775.3
6.4128257 	8810703.4
34.468938 	8270682.9
37.675351 	8192512.4
40.881764 	8120289
50.501002 	7960709.9
53.707415 	7892321.1
62.52505 	7705296
65.731463 	7638299.9
68.937876 	7564066.1
69.739479 	7543912.3
96.993988 	6961721.2
103.40681 	6852258.6
106.61323 	6851106.2
116.23246 	6848166.6
123.44689 	6844439.6
125.05 	6843327.5
125.8517 	6842769.7
128.25651 	6841528.2
131.46293 	6840445.4
151.50301 	6539838.8
153.90782 	6477571.1
156.31263 	6415293.5
159.51904 	6332246
166.73347 	6145363.3
169.13828 	6083073.4
175.5511 	5916990.9
176.35271 	5896231.8
187.57515 	5605604.5
190.78156 	5522577.9
200.4008 	5273511.6
201.2024 	5252755.7
202.00401 	5231999.6
202.80561 	5211243.3
203.60721 	5190486.6
204.40882 	5169729.6
205.21042 	5148972.2
206.01202 	5128214.5
206.81363 	5107456.3
207.61523 	5086697.7
208.41683 	5065938.7
209.21844 	5045179.1
210.02004 	5024419.1
210.82164 	5003658.4
211.62325 	4982897.1
212.42485 	4962135.1
213.22645 	4941372.3
214.02806 	4920608.6
214.82966 	4899844
215.63126 	4879078.4
216.43287 	4858311.6
217.23447 	4837543.7
218.03607 	4816774.6
219.63928 	4775232.5
220.44088 	4754459.5
221.24248 	4733685.2
222.04409 	4712909.5
222.84569 	4692132.5
223.64729 	4671354.2
224.4489 	4650574.5
225.2505 	4629793.5
226.0521 	4609011.1
227.65531 	4567442.2
228.45691 	4546655.7
229.25852 	4525867.6
230.86172 	4484287.2
231.66333 	4463494.6
232.46493 	4442700.6
234.06814 	4401107.9
234.86974 	4380309.3
235.67134 	4359509.2
236.47295 	4338707.7
237.27455 	4317904.8
238.07615 	4297100.6
238.87776 	4276295.1
239.67936 	4255488.6
240.48096 	4234681.1
241.28257 	4213872.6
242.08417 	4193063.4
242.88577 	4172253.6
243.68737 	4151443.2
244.48898 	4130632.6
245.29058 	4109821.7
246.09218 	4089010.8
246.89379 	4068200
247.69539 	4047389.5
248.49699 	4026579.4
249.2986 	4005769.9
250.1002 	3984961.3
250.9018 	3964153.6
251.70341 	3943347.1
252.50501 	3922541.8
253.30661 	3901738.1
254.10822 	3880936.1
254.90982 	3860135.9
255.71142 	3839337.8
256.51303 	3818541.8
257.31463 	3797748.3
258.11623 	3776957.4
258.91784 	3756169.2
259.71944 	3735383.9
260.52104 	3714601.6
261.32265 	3693822.5
262.12425 	3673046.7
262.92585 	3652274.3
263.72745 	3631505.4
264.52906 	3610740.1
265.33066 	3589978.3
266.13226 	3569220.2
266.93387 	3548465.6
267.73547 	3527714.6
268.53707 	3506967
269.33868 	3486222.9
270.14028 	3465482
270.94188 	3444744.1
271.74349 	3424009.2
272.54509 	3403277
273.34669 	3382547.3
274.1483 	3361819.7
274.9499 	3341093.9
274.95 	3341091.3
275.7515 	3320369.8
276.55311 	3299646.8
277.35471 	3278924.8
278.95792 	3237481.9
279.75952 	3216760.2
280.56112 	3196038
281.36273 	3175314.8
282.16433 	3154590.2
282.96593 	3133864
283.76754 	3113135.6
284.56914 	3092404.9
285.37074 	3071671.4
286.17234 	3050935
286.97395 	3030195.2
288.57715 	2988705
289.37876 	2967954.1
290.18036 	2947199.1
290.98196 	2926440
291.78357 	2905676.5
292.58517 	2884908.7
293.38677 	2864136.5
294.18838 	2843359.9
294.98998 	2822578.9
295.79158 	2801793.6
296.59319 	2781004.1
297.39479 	2760210.5
298.19639 	2739412.9
298.998 	2718611.4
299.7996 	2697806.2
300.6012 	2676997.5
301.40281 	2656185.5
302.20441 	2635370.5
303.00601 	2614552.5
303.80762 	2593731.9
304.60922 	2572908.8
306.21242 	2531256.4
307.01403 	2510427.5
307.81563 	2489597.1
308.61723 	2468765.5
309.41884 	2447932.8
310.22044 	2427099.3
311.02204 	2406265.2
311.82365 	2385430.7
312.62525 	2364596
313.42685 	2343761.2
314.22846 	2322926.6
315.03006 	2302092.3
315.83166 	2281258.3
316.63327 	2260425
317.43487 	2239592.3
318.23647 	2218760.4
319.03808 	2197929.4
319.83968 	2177099.4
320.64128 	2156270.4
321.44289 	2135442.5
322.24449 	2114615.8
323.04609 	2093790.2
323.8477 	2072965.9
324.6493 	2052142.9
325.4509 	2031321.1
326.25251 	2010500.6
327.05411 	1989681.3
327.85571 	1968863.3
328.65731 	1948046.6
329.45892 	1927231.1
330.26052 	1906416.8
331.06212 	1885603.7
331.86373 	1864791.8
332.66533 	1843981
333.46693 	1823171.2
334.26854 	1802362.6
335.07014 	1781554.9
335.87174 	1760748.3
336.67335 	1739942.6
337.47495 	1719137.8
338.27655 	1698334
339.07816 	1677531
339.87976 	1656728.8
340.68136 	1635927.5
341.48297 	1615127
342.28457 	1594327.3
343.08617 	1573528.4
343.88778 	1552730.2
344.68938 	1531932.8
345.49098 	1511136.3
346.29259 	1490340.5
347.09419 	1469545.5
347.89579 	1448751.3
348.69739 	1427957.9
349.499 	1407165.4
350.3006 	1386373.8
351.1022 	1365583.1
351.90381 	1344793.3
352.70541 	1324004.5
353.50701 	1303216.7
354.30862 	1282430
355.11022 	1261644.4
355.91182 	1240859.9
356.71343 	1220076.5
357.51503 	1199294.5
358.31663 	1178513.7
359.11824 	1157734.2
359.91984 	1136956.1
360.72144 	1116179.4
361.52305 	1095404.2
362.32465 	1074630.5
363.12625 	1053858.4
363.92786 	1033087.8
364.72946 	1012318.9
365.53106 	991551.72
366.33267 	970786.2
367.13427 	950022.42
367.93587 	929260.39
368.73747 	908500.14
369.53908 	887741.69
370.34068 	866985.04
371.14228 	846230.21
371.94389 	825477.2
372.74549 	804726
373.54709 	783976.6
374.3487 	763229
375.1503 	742483.18
375.9519 	721739.11
376.75351 	700996.77
377.55511 	680256.13
379.15832 	638779.79
379.95992 	618044.02
381.56313 	576577.03
382.36473 	555845.72
383.16633 	535115.79
383.96794 	514387.19
384.76954 	493659.86
385.57114 	472933.74
386.37275 	452208.77
387.17435 	431484.89
387.97595 	410762.04
388.77756 	390040.15
389.57916 	369319.17
390.38076 	348599.02
391.18236 	327879.65
391.98397 	307161
392.78557 	286442.99
393.58717 	265725.57
394.38878 	245008.68
395.19038 	224292.25
395.99198 	203576.23
396.79359 	182860.55
397.59519 	162145.14
399.1984 	120714.93
400 	100504.54
