0 	8783223.8
6.4128257 	8652959
34.468938 	8151310.7
37.675351 	8069767.1
40.881764 	8028900.6
50.501002 	7836012.1
53.707415 	7756796.5
62.52505 	7563242.6
65.731463 	7489317.4
68.937876 	7438624.5
69.739479 	7422607.4
96.993988 	6796742.2
103.40681 	6663806.8
106.61323 	6597915.6
116.23246 	6565179.6
123.44689 	6564440.8
125.05 	6563534
125.8517 	6562944.5
128.25651 	6560711.1
131.46293 	6558702.1
151.50301 	6546550.4
153.90782 	6543438.7
156.31263 	6524344.8
159.51904 	6443401
166.73347 	6252400.7
169.13828 	6188897.2
175.5511 	6019886.2
176.35271 	5998798
187.57515 	5704361.3
190.78156 	5620395.5
200.4008 	5368364.8
201.2024 	5347323.6
202.00401 	5326273.1
202.80561 	5305213.2
203.60721 	5284143.7
204.40882 	5263064.5
205.21042 	5241975.5
206.01202 	5220877
206.81363 	5199769.3
207.61523 	5178653
208.41683 	5157529.2
209.21844 	5136398.9
210.02004 	5115263.6
210.82164 	5094124.9
211.62325 	5072984.5
212.42485 	5051843.9
213.22645 	5030704.7
214.02806 	5009568.2
214.82966 	4988435.5
215.63126 	4967307.6
216.43287 	4946185.1
217.23447 	4925068.5
218.03607 	4903958.2
219.63928 	4861757.1
220.44088 	4840666.3
221.24248 	4819582.1
222.04409 	4798504.5
222.84569 	4777433.2
223.64729 	4756368.3
224.4489 	4735309.6
225.2505 	4714256.8
226.0521 	4693209.9
227.65531 	4651132
228.45691 	4630100.5
229.25852 	4609073.3
230.86172 	4567030.3
231.66333 	4546013.7
232.46493 	4525000.1
234.06814 	4482981
234.86974 	4461975.7
235.67134 	4440973.6
236.47295 	4419975.1
237.27455 	4398980.9
238.07615 	4377991.7
238.87776 	4357008.3
239.67936 	4336031.3
240.48096 	4315061.4
241.28257 	4294099.3
242.08417 	4273145.2
242.88577 	4252199.3
243.68737 	4231261.2
244.48898 	4210330.5
245.29058 	4189406.3
246.09218 	4168487.3
246.89379 	4147572.1
247.69539 	4126658.7
248.49699 	4105745.2
249.2986 	4084829.1
250.1002 	4063908.3
250.9018 	4042980.1
251.70341 	4022042.2
252.50501 	4001092.2
253.30661 	3980127.8
254.10822 	3959147.2
254.90982 	3938148.7
255.71142 	3917130.7
256.51303 	3896092.5
257.31463 	3875033.3
258.11623 	3853952.9
258.91784 	3832851.5
259.71944 	3811729.5
260.52104 	3790587.6
261.32265 	3769427.1
262.12425 	3748249
262.92585 	3727054.7
263.72745 	3705845.7
264.52906 	3684623.4
265.33066 	3663389.3
266.13226 	3642144.7
266.93387 	3620890.8
267.73547 	3599628.7
268.53707 	3578359.4
269.33868 	3557083.8
270.14028 	3535802.5
270.94188 	3514516.1
271.74349 	3493225.2
272.54509 	3471930
273.34669 	3450631.1
274.1483 	3429328.9
274.9499 	3408023.7
274.95 	3408021.1
275.7515 	3386716.2
276.55311 	3365406.7
277.35471 	3344096.1
278.95792 	3301473.9
279.75952 	3280164
280.56112 	3258856.1
281.36273 	3237551.1
282.16433 	3216249.9
282.96593 	3194953.4
283.76754 	3173662.5
284.56914 	3152377.8
285.37074 	3131100.2
286.17234 	3109830.2
286.97395 	3088568.3
288.57715 	3046070.1
289.37876 	3024834.1
290.18036 	3003607.1
290.98196 	2982388.7
291.78357 	2961179
292.58517 	2939977.5
293.38677 	2918783.9
294.18838 	2897597.8
294.98998 	2876418.7
295.79158 	2855246.2
296.59319 	2834079.6
297.39479 	2812918.4
298.19639 	2791762
298.998 	2770609.9
299.7996 	2749461.4
300.6012 	2728316.1
301.40281 	2707173.2
302.20441 	2686032.4
303.00601 	2664893
303.80762 	2643754.6
304.60922 	2622616.6
306.21242 	2580340.1
307.01403 	2559200.8
307.81563 	2538060.2
308.61723 	2516918
309.41884 	2495773.9
310.22044 	2474627.6
311.02204 	2453478.9
311.82365 	2432327.6
312.62525 	2411173.5
313.42685 	2390016.4
314.22846 	2368856.3
315.03006 	2347693.1
315.83166 	2326526.7
316.63327 	2305357.2
317.43487 	2284184.5
318.23647 	2263008.8
319.03808 	2241829.9
319.83968 	2220648.1
320.64128 	2199463.3
321.44289 	2178275.7
322.24449 	2157085.3
323.04609 	2135892.4
323.8477 	2114696.9
324.6493 	2093499.2
325.4509 	2072299.2
326.25251 	2051097.3
327.05411 	2029893.5
327.85571 	2008688.1
328.65731 	1987481.3
329.45892 	1966273.3
330.26052 	1945064.4
331.06212 	1923854.8
331.86373 	1902644.7
332.66533 	1881434.6
333.46693 	1860224.5
334.26854 	1839014.8
335.07014 	1817805.8
335.87174 	1796597.8
336.67335 	1775391
337.47495 	1754185.7
338.27655 	1732982.2
339.07816 	1711780.6
339.87976 	1690581.3
340.68136 	1669384.4
341.48297 	1648190.1
342.28457 	1626998.6
343.08617 	1605810
343.88778 	1584624.4
344.68938 	1563441.8
345.49098 	1542262.3
346.29259 	1521085.9
347.09419 	1499912.4
347.89579 	1478741.9
348.69739 	1457574.1
349.499 	1436409
350.3006 	1415246.4
351.1022 	1394086.1
351.90381 	1372927.9
352.70541 	1351771.5
353.50701 	1330616.8
354.30862 	1309463.4
355.11022 	1288311.2
355.91182 	1267159.8
356.71343 	1246009.1
357.51503 	1224858.7
358.31663 	1203708.4
359.11824 	1182558
359.91984 	1161407.3
360.72144 	1140255.9
361.52305 	1119103.6
362.32465 	1097950.3
363.12625 	1076795.7
363.92786 	1055639.5
364.72946 	1034481.7
365.53106 	1013321.8
366.33267 	992159.83
367.13427 	970995.5
367.93587 	949828.63
368.73747 	928659.05
369.53908 	907486.57
370.34068 	886311.02
371.14228 	865132.24
371.94389 	843950.07
372.74549 	822764.35
373.54709 	801574.95
374.3487 	780381.71
375.1503 	759184.52
375.9519 	737983.23
376.75351 	716777.73
377.55511 	695567.91
379.15832 	653134.94
379.95992 	631911.61
381.56313 	589450.96
382.36473 	568213.56
383.16633 	546971.42
383.96794 	525724.54
384.76954 	504472.96
385.57114 	483216.72
386.37275 	461955.89
387.17435 	440690.58
387.97595 	419420.9
388.77756 	398147
389.57916 	376869.05
390.38076 	355587.24
391.18236 	334301.79
391.98397 	313012.93
392.78557 	291720.92
393.58717 	270426.03
394.38878 	249128.54
395.19038 	227828.76
395.99198 	206526.99
396.79359 	185223.57
397.59519 	163918.83
399.1984 	121306.7
400 	100518.95
