0 	3852928.5
0.3317994 	3852773.2
3.6497934 	3827300.4
4.3133922 	3825523.1
4.6451916 	3825624.1
4.976991 	3825421.1
5.3087904 	3825065.5
5.9723892 	3824682.2
6.3041886 	3824733.7
6.635988 	3821742.6
7.2995868 	3813420.9
7.6313862 	3810279.3
7.9631856 	3807269.3
8.6267844 	3800531.2
8.9585838 	3797168.9
9.953982 	3783765.4
11.944778 	3780679.9
12.276578 	3780604.1
12.608377 	3780008.4
12.940177 	3779918.8
13.271976 	3779846.6
13.603775 	3775355.9
13.935575 	3770290.3
14.267374 	3769947.5
14.599174 	3769845.6
15.262772 	3768223.2
15.594572 	3767561.4
15.926371 	3767170.9
16.258171 	3765151.9
16.58997 	3756237.4
16.921769 	3752414.1
17.253569 	3752014.3
17.585368 	3751308.1
18.248967 	3742792
18.580766 	3737483.2
18.912566 	3735741.6
19.244365 	3734937.8
19.576165 	3734544
19.907964 	3734128.8
20.571563 	3733827.9
20.903362 	3732540.5
22.562359 	3708498.6
22.894159 	3703261.1
23.225958 	3696221.4
23.889557 	3686027.8
24.221356 	3682822.3
24.884955 	3677064.9
25.216754 	3674609.7
25.880353 	3663913.4
26.875751 	3634602
27.207551 	3633544.3
27.53935 	3633088.6
27.871149 	3629898.5
28.202949 	3629623.2
28.534748 	3629335.8
28.866548 	3629099.8
29.198347 	3629724
29.861946 	3624757.2
30.193745 	3622537.7
30.525545 	3620288.4
30.857344 	3619552.7
31.189143 	3617166.5
31.852742 	3611605.7
32.184542 	3609686.9
32.516341 	3607816.9
32.84814 	3606010.9
33.17994 	3601064.6
33.511739 	3587912.1
33.843539 	3583232.7
34.175338 	3581131.3
34.507137 	3578897.8
35.834335 	3588685.8
36.166134 	3586956.8
36.497934 	3583436.9
36.829733 	3575461.3
37.161533 	3565268.7
37.825131 	3543830.1
38.156931 	3532861.6
38.48873 	3521745.4
39.152329 	3499128.8
39.484128 	3487666.5
39.815928 	3476125.5
40.147727 	3464523.4
40.479527 	3452875.3
41.806724 	3406089.6
42.138524 	3394402.1
42.802122 	3371125.4
43.133922 	3359669
43.465721 	3348550.5
43.797521 	3337623.3
44.461119 	3316021.8
44.792919 	3305340.9
45.124718 	3294745.4
45.456518 	3284238.1
46.120116 	3263493.5
46.783715 	3243107.5
47.115515 	3233046.8
47.779113 	3213187.3
48.110913 	3203388.4
48.442712 	3193678.6
49.106311 	3174535.1
49.43811 	3165108.7
49.76991 	3155784.3
50.101709 	3146567.2
50.433509 	3137461.2
50.765308 	3128471.4
51.097107 	3119602.5
51.428907 	3110858.3
51.760706 	3102244.1
52.092506 	3093763.5
52.756104 	3077219.5
53.087904 	3069162.8
53.419703 	3061254.3
53.751503 	3053495.6
54.083302 	3045887.8
54.415101 	3038432.4
54.746901 	3031127.7
55.0787 	3023972.5
55.4105 	3016964
55.742299 	3010097.4
56.074098 	3003368.5
57.069497 	2983933.4
57.401296 	2977677.2
57.733095 	2971516
58.396694 	2959432.6
58.728494 	2953487
59.060293 	2947588.3
59.392092 	2941723.8
59.723892 	2935879.9
60.055691 	2930043
60.71929 	2918335.6
61.051089 	2912437.6
62.046488 	2894403.2
62.710086 	2881967.5
63.041886 	2875588.7
63.373685 	2869088.1
63.705485 	2862454.1
64.369083 	2848747.7
65.032682 	2834394.3
65.364482 	2826954.4
65.696281 	2819328.9
66.02808 	2811512
66.35988 	2803495.9
66.691679 	2795276.6
67.023479 	2786849.2
67.355278 	2778208.8
67.687077 	2769353.7
68.350676 	2750987.2
68.682476 	2741474.9
69.014275 	2731742.3
69.346074 	2721792.6
69.677874 	2711627.2
70.009673 	2701250.1
71.005071 	2668904.6
71.336871 	2657742.3
71.66867 	2646404.8
72.664068 	2611458.4
72.995868 	2599542.5
73.659467 	2575399.2
73.991266 	2563205.1
74.323065 	2550952.5
75.650263 	2501720.7
76.313862 	2477229.9
76.645661 	2465079.9
76.977461 	2453016.4
77.30926 	2441056
77.641059 	2429215.1
77.972859 	2417508.1
78.304658 	2405950
78.636458 	2394553.4
78.968257 	2383330.1
79.300056 	2372292.4
79.963655 	2350808.3
80.959053 	2320175.7
81.290853 	2310411.1
81.622652 	2300875.1
81.954452 	2291570
82.286251 	2282494.8
82.61805 	2273650.4
83.613448 	2248473
83.945248 	2240519.6
84.277047 	2232777.4
84.608847 	2225239.1
84.940646 	2217896.4
88.922239 	2141239.6
89.254038 	2135413.6
89.585838 	2129606.3
89.917637 	2123801.8
90.249436 	2117984.6
90.913035 	2106250.7
91.244835 	2100303.4
92.240233 	2081964.6
92.572032 	2075639.7
93.235631 	2062593.5
93.56743 	2055849.5
93.89923 	2048943.2
94.231029 	2041866.2
94.562829 	2034609
94.894628 	2027164.3
95.226427 	2019526.4
95.558227 	2011688.1
95.890026 	2003646.9
96.221826 	1995398.9
96.553625 	1986941.9
96.885424 	1978276.1
98.544421 	1931854.5
98.876221 	1921977.7
99.53982 	1901680.6
99.871619 	1891275.6
100.86702 	1859151.6
101.19882 	1848176
101.86242 	1825891.6
102.19421 	1814608.1
102.52601 	1803247
102.85781 	1791821.6
103.18961 	1780344.5
103.52141 	1768829.1
103.85321 	1757288.2
104.51681 	1734181.8
104.84861 	1722641.4
105.51221 	1699647
105.84401 	1688216.4
107.17121 	1643185.6
107.50301 	1632148.9
108.1666 	1610398.8
108.4984 	1599700
108.8302 	1589126.3
109.8256 	1558208.8
110.1574 	1548184.3
110.4892 	1538304.6
110.821 	1528572.1
111.1528 	1518988.1
111.4846 	1509552.5
112.48 	1482136.3
113.14359 	1464585.7
113.47539 	1456021.4
114.13899 	1439296.7
114.80259 	1423083.6
115.13439 	1415156.5
116.12979 	1392026.3
116.46159 	1384512.7
117.78879 	1355262.1
118.12059 	1348114.4
119.11598 	1326947.4
119.77958 	1312988.6
121.10678 	1285155.5
121.77038 	1271156.8
122.10218 	1264110.1
122.43398 	1257022
122.76578 	1249885.4
123.09758 	1242692.9
123.76118 	1228113.7
124.09298 	1220713.8
124.75657 	1205662.6
125.08837 	1198000
125.42017 	1190238.9
125.75197 	1182374.4
126.08377 	1174402.5
126.41557 	1166318.2
127.07917 	1149801
127.41097 	1141361.7
128.07457 	1124112
128.40637 	1115298.6
130.39716 	1059787.4
131.72436 	1020422.2
132.05616 	1010321.4
132.38796 	1000127.2
132.71976 	989846.66
133.05156 	979486.41
133.38336 	969053.43
133.71516 	958555.8
134.04696 	948001.16
134.71056 	926754.88
135.04236 	916080.39
135.37415 	905383.7
135.70595 	894673.66
136.36955 	873250.63
136.70135 	862555.83
137.03315 	851884.2
137.36495 	841244.69
137.69675 	830646.2
138.02855 	820097
138.36035 	809605.76
139.02395 	788828.09
140.01935 	758284.54
140.68295 	738413.01
141.01474 	728641.8
141.67834 	709450.04
142.01014 	700037.74
143.00554 	672567.87
143.33734 	663673.12
144.00094 	646282.25
144.33274 	637785.59
144.66454 	629420.16
144.99634 	621183.95
145.32814 	613075.74
145.65994 	605091.64
145.99174 	597228.81
146.32353 	589483.36
146.65533 	581850.25
146.98713 	574325.3
147.31893 	566902.23
147.65073 	559575.16
147.98253 	552337.83
148.31433 	545182.71
148.64613 	538102.82
148.97793 	531090
149.30973 	524135.92
149.64153 	517232.3
150.30513 	503539.46
150.63693 	496731.7
150.96873 	489936.86
151.30053 	483145.06
151.63233 	476346.4
151.96412 	469530.88
153.29132 	441900.16
153.62312 	434851.41
154.28672 	420518.24
154.61852 	413216.24
154.95032 	405812.84
155.61392 	390671.26
155.94572 	382919.1
156.60932 	367020.77
156.94112 	358864.78
157.27292 	350564.32
157.93651 	333519.66
158.26831 	324770.2
158.60011 	315868.41
158.93191 	306813.12
159.26371 	297605.4
160.59091 	259289.51
160.92271 	249356.07
162.24991 	208365.34
162.58171 	197838.48
162.9135 	187216.72
163.2453 	176508.62
163.9089 	154873.58
164.2407 	143966.83
164.5725 	133015.12
164.9043 	122029.2
165.2361 	111020.38
165.5679 	100547.44
