0 	3836489.8
0.35183948 	3828980.7
0.70367896 	3820460.2
1.0555184 	3808874.5
1.4073579 	3795108.9
1.7591974 	3789151.3
2.1110369 	3787888.6
2.4628764 	3787760.5
2.8147158 	3787865.3
3.1665553 	3787876.7
3.5183948 	3787835.2
3.8702343 	3787783.4
4.2220737 	3787728.8
4.9257527 	3787618.5
5.6294317 	3787509.2
5.9812711 	3787455
6.3331106 	3787401
8.092308 	3787047.9
8.795987 	3787010.2
9.1478265 	3787070.4
10.203345 	3785801.3
10.907024 	3771291.4
11.258863 	3763443.3
11.610703 	3755593.4
11.962542 	3747743.4
12.666221 	3732043.7
13.018061 	3724193.9
13.3699 	3716344.2
13.72174 	3708494.5
14.777258 	3684945.8
15.480937 	3669247
15.832777 	3661397.7
16.536456 	3645699.3
17.591974 	3622152.2
18.647492 	3598605.6
19.351171 	3582908.2
19.703011 	3575059.5
20.05485 	3567210.9
20.40669 	3559362.3
20.758529 	3551513.8
21.462208 	3535816.9
22.165887 	3520120.1
22.869566 	3504423.5
23.573245 	3488727
23.925085 	3480878.8
24.276924 	3473030.7
24.628764 	3465182.5
25.332442 	3449486.4
25.684282 	3441638.3
26.387961 	3425942.3
26.7398 	3418094.3
27.09164 	3410246.3
27.443479 	3402398.4
27.795319 	3394550.4
28.147158 	3386702.5
28.850837 	3371006.7
29.202677 	3363158.8
29.554516 	3355310.9
29.906356 	3347463.1
30.258195 	3339615.2
30.610035 	3331767.4
30.961874 	3323919.6
31.665553 	3308223.9
32.017393 	3300376.1
32.369232 	3292528.3
32.721072 	3284680.5
33.072911 	3276832.7
33.424751 	3268984.9
33.77659 	3261137.1
34.128429 	3253289.3
34.480269 	3245441.5
34.832108 	3237593.7
35.183948 	3229745.9
35.535787 	3221898.1
35.887627 	3214050.3
36.239466 	3206202.5
36.591306 	3198354.7
37.294985 	3182659.1
37.646824 	3174811.3
37.998664 	3166963.5
38.702343 	3151268
39.406022 	3135572.5
39.757861 	3127724.8
41.165219 	3096334.2
41.517059 	3088486.6
41.868898 	3080639
42.220737 	3072791.5
42.924416 	3057096.5
43.276256 	3049249.1
43.628095 	3041401.7
43.979935 	3033554.4
44.683614 	3017860
45.035453 	3010012.8
45.387293 	3002165.8
46.090972 	2986471.8
46.442811 	2978624.9
47.14649 	2962931.4
47.49833 	2955084.8
48.202009 	2939391.7
48.553848 	2931545.3
49.257527 	2915852.8
49.609367 	2908006.6
49.961206 	2900160.6
50.313045 	2892314.6
50.664885 	2884468.7
51.016724 	2876622.9
51.720403 	2860931.6
52.072243 	2853086.1
52.424082 	2845240.6
52.775922 	2837395.2
53.127761 	2829550
54.18328 	2806014.6
54.535119 	2798169.6
54.886959 	2790324.7
55.238798 	2782479.9
55.590638 	2774635.2
55.942477 	2766790.5
56.997996 	2743256.8
57.349835 	2735412.4
57.701675 	2727568
58.053514 	2719723.6
58.405354 	2711879.3
58.757193 	2704035.1
59.109032 	2696190.9
59.460872 	2688346.7
60.164551 	2672658.5
60.51639 	2664814.4
60.86823 	2656970.4
61.220069 	2649126.4
61.571909 	2641282.4
61.923748 	2633438.5
62.275588 	2625594.5
62.627427 	2617750.6
62.979267 	2609906.7
63.331106 	2602062.8
63.682946 	2594219
64.034785 	2586375.1
64.386625 	2578531.2
64.738464 	2570687.4
65.442143 	2554999.8
65.793983 	2547156
66.497662 	2531468.4
67.55318 	2507937
68.256859 	2492249.4
68.608698 	2484405.7
69.312377 	2468718.2
70.016056 	2453030.7
70.367896 	2445186.9
70.719735 	2437343.2
71.071575 	2429499.5
71.423414 	2421655.8
72.830772 	2390281
73.182612 	2382437.4
73.534451 	2374593.7
73.886291 	2366750.1
74.941809 	2343219.3
75.293648 	2335375.7
75.645488 	2327532.2
75.997327 	2319688.7
77.052846 	2296158.3
77.404685 	2288314.9
77.756525 	2280471.5
78.460204 	2264784.8
78.812043 	2256941.5
79.163883 	2249098.2
80.219401 	2225568.6
81.27492 	2202039.4
81.626759 	2194196.3
81.978599 	2186353.4
82.330438 	2178510.4
82.682278 	2170667.5
83.034117 	2162824.7
83.385957 	2154981.8
83.737796 	2147139
84.089635 	2139296.3
84.441475 	2131453.6
85.496993 	2107925.7
86.552512 	2084398.1
86.904351 	2076555.6
89.015388 	2029501.4
89.367228 	2021659.1
90.070907 	2005974.6
90.422746 	1998132.4
90.774586 	1990290.1
91.126425 	1982447.9
91.478265 	1974605.7
91.830104 	1966763.5
92.533783 	1951079.1
93.237462 	1935394.7
93.589301 	1927552.6
93.941141 	1919710.3
94.29298 	1911868.1
96.052178 	1872656.9
96.404017 	1864814.6
96.755857 	1856972.3
97.459536 	1841287.6
97.811375 	1833445.2
98.163215 	1825602.8
98.515054 	1817760.4
99.922412 	1786390.4
100.27425 	1778547.8
100.62609 	1770705.2
101.32977 	1755020
102.03345 	1739334.6
102.38529 	1731491.9
103.79265 	1700120.7
104.14449 	1692277.9
104.49633 	1684435
105.2 	1668749.2
105.90368 	1653063.3
106.25552 	1645220.3
106.60736 	1637377.3
108.01472 	1606005.2
108.36656 	1598162.2
108.7184 	1590319.1
109.07024 	1582476.1
109.77392 	1566789.9
110.12576 	1558946.8
110.82944 	1543260.7
111.18128 	1535417.6
111.53311 	1527574.5
111.88495 	1519731.4
112.58863 	1504045.3
112.94047 	1496202.2
113.29231 	1488359.1
113.64415 	1480516.1
113.99599 	1472673
114.34783 	1464830
114.69967 	1456987
115.05151 	1449144
115.40335 	1441301
115.75519 	1433458
116.45887 	1417772
116.81071 	1409929
117.16255 	1402086.1
117.51439 	1394243.1
118.21806 	1378557.3
118.5699 	1370714.4
118.92174 	1362871.5
119.27358 	1355028.6
119.62542 	1347185.7
119.97726 	1339342.9
120.3291 	1331500
120.68094 	1323657.2
121.03278 	1315814.3
121.38462 	1307971.5
121.73646 	1300128.7
122.0883 	1292285.8
122.79198 	1276600.2
123.14382 	1268757.4
123.49566 	1260914.6
123.8475 	1253071.8
124.19934 	1245229
124.55118 	1237386.2
124.90302 	1229543.4
125.25485 	1221700.6
125.60669 	1213857.8
126.66221 	1190329.3
127.01405 	1182486.4
127.36589 	1174643.6
127.71773 	1166800.7
128.06957 	1158957.8
128.42141 	1151114.9
128.77325 	1143272
129.12509 	1135429.1
129.47693 	1127586.1
130.18061 	1111900.2
130.53245 	1104057.2
130.88429 	1096214.2
131.23613 	1088371.1
132.29164 	1064841.8
132.64348 	1056998.7
132.99532 	1049155.5
133.699 	1033469.1
134.05084 	1025625.8
134.40268 	1017782.5
134.75452 	1009939.2
135.4582 	994252.51
135.81004 	986409.11
136.16188 	978565.68
136.51372 	970722.23
136.86556 	962878.74
137.56924 	947191.69
137.92108 	939348.11
138.27292 	931504.52
138.97659 	915817.24
139.68027 	900129.85
140.03211 	892286.12
140.38395 	884442.37
140.73579 	876598.59
141.08763 	868754.78
141.43947 	860910.96
141.79131 	853067.11
142.14315 	845223.24
142.49499 	837379.36
142.84683 	829535.45
144.25419 	798159.65
145.3097 	774627.64
145.66154 	766783.61
146.01338 	758939.57
146.36522 	751095.51
146.71706 	743251.45
147.0689 	735407.38
147.42074 	727563.29
148.12442 	711875.11
148.8281 	696186.89
149.17994 	688342.77
149.88362 	672654.51
150.23546 	664810.37
150.5873 	656966.23
151.29098 	641277.93
151.99465 	625589.6
152.69833 	609901.26
153.05017 	602057.07
153.40201 	594212.89
153.75385 	586368.69
154.45753 	570680.28
154.80937 	562836.06
155.16121 	554991.84
155.51305 	547147.6
155.86489 	539303.36
156.21673 	531459.1
156.56857 	523614.84
157.62409 	500081.98
157.97593 	492237.66
158.32777 	484393.34
158.67961 	476549
159.03144 	468704.64
159.38328 	460860.27
159.73512 	453015.88
160.08696 	445171.47
160.4388 	437327.05
160.79064 	429482.61
161.14248 	421638.14
161.49432 	413793.66
161.84616 	405949.16
162.90168 	382415.54
163.25352 	374570.95
163.9572 	358881.72
164.30904 	351037.07
164.66088 	343192.4
165.01272 	335347.7
165.71639 	319658.25
166.06823 	311813.49
167.12375 	288279.08
167.47559 	280434.24
167.82743 	272589.37
168.17927 	264744.49
168.53111 	256899.59
169.23479 	241209.74
169.58663 	233364.78
169.93847 	225519.82
170.64215 	209829.84
170.99399 	201984.83
171.34583 	194139.82
171.69767 	186294.79
172.04951 	178449.75
172.40134 	170604.71
172.75318 	162759.66
173.10502 	154914.61
174.16054 	131379.44
174.51238 	123534.39
174.86422 	115689.34
