0 	8997750.5
6.4128257 	8893857.4
34.468938 	8330593.8
37.675351 	8297707.5
40.881764 	8229426.7
50.501002 	8012595.6
53.707415 	7933447.4
62.52505 	7717157.4
65.731463 	7647272.3
68.937876 	7579187.6
69.739479 	7560155.3
96.993988 	7114663.3
103.40681 	7111399
106.61323 	7110878.4
116.23246 	7109890.6
123.44689 	7107799.4
125.05 	7106839.4
125.8517 	7106127.9
128.25651 	7097545.5
131.46293 	7027861.3
151.50301 	6512168
153.90782 	6450199.9
156.31263 	6388214.7
159.51904 	6305539.6
166.73347 	6119353.1
169.13828 	6057236.1
175.5511 	5891516.1
176.35271 	5870797.3
187.57515 	5580718.1
190.78156 	5497816.7
200.4008 	5249094.3
201.2024 	5228378.3
202.00401 	5207665.7
202.80561 	5186956.7
203.60721 	5166251.7
204.40882 	5145550.9
205.21042 	5124854.2
206.01202 	5104161.9
206.81363 	5083473.9
207.61523 	5062790.2
208.41683 	5042110.7
209.21844 	5021435.2
210.02004 	5000763.5
210.82164 	4980095.4
211.62325 	4959430.5
212.42485 	4938768.6
213.22645 	4918109.3
214.02806 	4897452.3
214.82966 	4876797.3
215.63126 	4856143.9
216.43287 	4835491.8
217.23447 	4814840.7
218.03607 	4794190.5
219.63928 	4752891.8
220.44088 	4732243.2
221.24248 	4711594.9
222.04409 	4690947
222.84569 	4670299.6
223.64729 	4649652.8
224.4489 	4629006.8
225.2505 	4608361.6
226.0521 	4587717.5
227.65531 	4546433.2
228.45691 	4525793.4
229.25852 	4505155.2
230.86172 	4463884.1
231.66333 	4443251.1
232.46493 	4422619.6
234.06814 	4381360.3
234.86974 	4360731.8
235.67134 	4340103.5
236.47295 	4319475
237.27455 	4298845.6
238.07615 	4278214.8
238.87776 	4257581.9
239.67936 	4236946.4
240.48096 	4216307.7
241.28257 	4195665
242.08417 	4175017.9
242.88577 	4154365.8
243.68737 	4133708.3
244.48898 	4113044.9
245.29058 	4092375.4
246.09218 	4071699.5
246.89379 	4051017.1
247.69539 	4030328
248.49699 	4009632.3
249.2986 	3988930.2
250.1002 	3968221.7
250.9018 	3947507.1
251.70341 	3926786.8
252.50501 	3906061.1
253.30661 	3885330.5
254.10822 	3864595.5
254.90982 	3843856.4
255.71142 	3823114
256.51303 	3802368.6
257.31463 	3781621
258.11623 	3760871.6
258.91784 	3740121
259.71944 	3719369.7
260.52104 	3698618.2
261.32265 	3677867.1
262.12425 	3657116.8
262.92585 	3636367.7
263.72745 	3615620.2
264.52906 	3594874.7
265.33066 	3574131.4
266.13226 	3553390.6
266.93387 	3532652.5
267.73547 	3511917.3
268.53707 	3491185
269.33868 	3470455.9
270.14028 	3449729.9
270.94188 	3429007.1
271.74349 	3408287.4
272.54509 	3387570.7
273.34669 	3366857.1
274.1483 	3346146.4
274.9499 	3325438.4
274.95 	3325435.8
275.7515 	3304733.2
276.55311 	3284030.4
277.35471 	3263330.1
278.95792 	3221936.1
279.75952 	3201242
280.56112 	3180549.8
281.36273 	3159859.2
282.16433 	3139170.2
282.96593 	3118482.5
283.76754 	3097796.1
284.56914 	3077110.8
285.37074 	3056426.5
286.17234 	3035743.1
286.97395 	3015060.6
288.57715 	2973697.4
289.37876 	2953016.7
290.18036 	2932336.5
290.98196 	2911656.6
291.78357 	2890977
292.58517 	2870297.7
293.38677 	2849618.6
294.18838 	2828939.7
294.98998 	2808260.8
295.79158 	2787582
296.59319 	2766903.2
297.39479 	2746224.4
298.19639 	2725545.4
298.998 	2704866.4
299.7996 	2684187.2
300.6012 	2663507.8
301.40281 	2642828.2
302.20441 	2622148.4
303.00601 	2601468.3
303.80762 	2580787.8
304.60922 	2560107.1
306.21242 	2518744.6
307.01403 	2498062.7
307.81563 	2477380.5
308.61723 	2456697.8
309.41884 	2436014.7
310.22044 	2415331.2
311.02204 	2394647.2
311.82365 	2373962.7
312.62525 	2353277.7
313.42685 	2332592.3
314.22846 	2311906.4
315.03006 	2291220
315.83166 	2270533.2
316.63327 	2249845.9
317.43487 	2229158.2
318.23647 	2208470
319.03808 	2187781.5
319.83968 	2167092.5
320.64128 	2146403.3
321.44289 	2125713.8
322.24449 	2105023.9
323.04609 	2084333.9
323.8477 	2063643.7
324.6493 	2042953.5
325.4509 	2022263.1
326.25251 	2001572.8
327.05411 	1980882.5
327.85571 	1960192.4
328.65731 	1939502.5
329.45892 	1918812.8
330.26052 	1898123.6
331.06212 	1877434.7
331.86373 	1856746.4
332.66533 	1836058.7
333.46693 	1815371.7
334.26854 	1794685.4
335.07014 	1774000
335.87174 	1753315.5
336.67335 	1732632
337.47495 	1711949.6
338.27655 	1691268.4
339.07816 	1670588.5
339.87976 	1649909.9
340.68136 	1629232.7
341.48297 	1608556.9
342.28457 	1587882.7
343.08617 	1567210.1
343.88778 	1546539.2
344.68938 	1525869.9
345.49098 	1505202.4
346.29259 	1484536.7
347.09419 	1463872.7
347.89579 	1443210.5
348.69739 	1422550.1
349.499 	1401891.5
350.3006 	1381234.7
351.1022 	1360579.6
351.90381 	1339926.2
352.70541 	1319274.5
353.50701 	1298624.3
354.30862 	1277975.7
355.11022 	1257328.5
355.91182 	1236682.6
356.71343 	1216038
357.51503 	1195394.5
358.31663 	1174752.1
359.11824 	1154110.5
359.91984 	1133469.7
360.72144 	1112829.6
361.52305 	1092189.9
362.32465 	1071550.5
363.12625 	1050911.4
363.92786 	1030272.3
364.72946 	1009633.1
365.53106 	988993.58
366.33267 	968353.67
367.13427 	947713.18
367.93587 	927071.97
368.73747 	906429.89
369.53908 	885786.8
370.34068 	865142.54
371.14228 	844497
371.94389 	823850.04
372.74549 	803201.55
373.54709 	782551.39
374.3487 	761899.48
375.1503 	741245.71
375.9519 	720590
376.75351 	699932.26
377.55511 	679272.43
379.15832 	637946.26
379.95992 	617279.85
381.56313 	575940.22
382.36473 	555266.99
383.16633 	534591.49
383.96794 	513913.73
384.76954 	493233.76
385.57114 	472551.6
386.37275 	451867.31
387.17435 	431180.96
387.97595 	410492.61
388.77756 	389802.34
389.57916 	369110.24
390.38076 	348416.41
391.18236 	327720.96
391.98397 	307023.99
392.78557 	286325.63
393.58717 	265626.01
394.38878 	244925.25
395.19038 	224223.48
395.99198 	203520.86
396.79359 	182817.53
397.59519 	162113.62
399.1984 	120704.71
400 	100504.29
