0 	8388556.4
6.4128257 	8255566.5
34.468938 	7774625.3
37.675351 	7694294.9
40.881764 	7613986.7
50.501002 	7372874.1
53.707415 	7291699.3
62.52505 	7149923.7
65.731463 	7099207.2
68.937876 	7091908.6
69.739479 	7089928.7
96.993988 	6580574.1
103.40681 	6423639.5
106.61323 	6351897.4
116.23246 	6113055.7
123.44689 	5935510
125.05 	5894809.7
125.8517 	5874884.3
128.25651 	5835737.7
131.46293 	5786295.8
151.50301 	5545336.2
153.90782 	5544782.3
156.31263 	5544659
159.51904 	5543726.1
166.73347 	5541005
169.13828 	5540489.7
175.5511 	5540010.6
176.35271 	5539909.1
187.57515 	5538671.3
190.78156 	5538582.9
200.4008 	5535284.7
201.2024 	5533030
202.00401 	5527904.8
202.80561 	5517461.3
203.60721 	5500067.1
204.40882 	5478693.6
205.21042 	5456504.2
206.01202 	5434331
206.81363 	5412188
207.61523 	5390059
208.41683 	5367942.2
209.21844 	5345836.3
210.02004 	5323738.6
210.82164 	5301645.9
211.62325 	5279555
212.42485 	5257464.3
213.22645 	5235373
214.02806 	5213280.8
214.82966 	5191187.6
215.63126 	5169092.7
216.43287 	5146995.4
217.23447 	5124895.1
218.03607 	5102791.6
219.63928 	5058576.2
220.44088 	5036465.9
221.24248 	5014354.7
222.04409 	4992243.1
222.84569 	4970131.6
223.64729 	4948020.8
224.4489 	4925911.3
225.2505 	4903803.6
226.0521 	4881697.9
227.65531 	4837491.2
228.45691 	4815389.3
229.25852 	4793287.5
230.86172 	4749083.2
231.66333 	4726980.4
232.46493 	4704877.4
234.06814 	4660672
234.86974 	4638570.7
235.67134 	4616470.9
236.47295 	4594373.1
237.27455 	4572277.8
238.07615 	4550185.1
238.87776 	4528094.9
239.67936 	4506006.9
240.48096 	4483920.6
241.28257 	4461835.6
242.08417 	4439751.3
242.88577 	4417667.4
243.68737 	4395583.6
244.48898 	4373499.6
245.29058 	4351415.4
246.09218 	4329331.1
246.89379 	4307246.6
247.69539 	4285162.2
248.49699 	4263077.9
249.2986 	4240993.7
250.1002 	4218909.7
250.9018 	4196825.8
251.70341 	4174741.9
252.50501 	4152657.6
253.30661 	4130572.8
254.10822 	4108487
254.90982 	4086400
255.71142 	4064311.4
256.51303 	4042220.9
257.31463 	4020128.3
258.11623 	3998033.5
258.91784 	3975936.4
259.71944 	3953837.2
260.52104 	3931735.9
261.32265 	3909632.7
262.12425 	3887527.8
262.92585 	3865421.3
263.72745 	3843313.6
264.52906 	3821205
265.33066 	3799095.7
266.13226 	3776986.2
266.93387 	3754876.8
267.73547 	3732767.9
268.53707 	3710659.8
269.33868 	3688553
270.14028 	3666447.8
270.94188 	3644344.4
271.74349 	3622243.1
272.54509 	3600144.1
273.34669 	3578047.7
274.1483 	3555954.1
274.9499 	3533863.4
274.95 	3533860.7
275.7515 	3511775.9
276.55311 	3489691.6
277.35471 	3467610.7
278.95792 	3423458.7
279.75952 	3401387.4
280.56112 	3379318.8
281.36273 	3357252.4
282.16433 	3335188
282.96593 	3313125
283.76754 	3291062.9
284.56914 	3269001.5
285.37074 	3246940.2
286.17234 	3224879.1
286.97395 	3202817.8
288.57715 	3158694.8
289.37876 	3136633
290.18036 	3114571.2
290.98196 	3092509.4
291.78357 	3070447.6
292.58517 	3048386
293.38677 	3026324.5
294.18838 	3004263.1
294.98998 	2982201.9
295.79158 	2960140.9
296.59319 	2938080
297.39479 	2916019.2
298.19639 	2893958.5
298.998 	2871897.8
299.7996 	2849837.2
300.6012 	2827776.7
301.40281 	2805716.1
302.20441 	2783655.6
303.00601 	2761595.1
303.80762 	2739534.5
304.60922 	2717473.9
306.21242 	2673352.6
307.01403 	2651291.7
307.81563 	2629230.9
308.61723 	2607170
309.41884 	2585109.1
310.22044 	2563048.4
311.02204 	2540987.9
311.82365 	2518927.9
312.62525 	2496868.5
313.42685 	2474809.9
314.22846 	2452752.4
315.03006 	2430696.2
315.83166 	2408641.6
316.63327 	2386589
317.43487 	2364538.6
318.23647 	2342490.8
319.03808 	2320446
319.83968 	2298404.4
320.64128 	2276366.4
321.44289 	2254332.4
322.24449 	2232302.6
323.04609 	2210277.4
323.8477 	2188257
324.6493 	2166241.5
325.4509 	2144231
326.25251 	2122225.5
327.05411 	2100225
327.85571 	2078229.4
328.65731 	2056238.2
329.45892 	2034251.2
330.26052 	2012267.8
331.06212 	1990287.6
331.86373 	1968309.7
332.66533 	1946333.6
333.46693 	1924358.3
334.26854 	1902383.2
335.07014 	1880407.2
335.87174 	1858429.7
336.67335 	1836449.8
337.47495 	1814466.8
338.27655 	1792480
339.07816 	1770488.9
339.87976 	1748493
340.68136 	1726491.9
341.48297 	1704485.5
342.28457 	1682473.7
343.08617 	1660456.5
343.88778 	1638434
344.68938 	1616406.6
345.49098 	1594374.7
346.29259 	1572338.6
347.09419 	1550298.9
347.89579 	1528256.2
348.69739 	1506211.2
349.499 	1484164.5
350.3006 	1462116.8
351.1022 	1440068.9
351.90381 	1418021.5
352.70541 	1395975.2
353.50701 	1373930.8
354.30862 	1351888.8
355.11022 	1329849.7
355.91182 	1307814.2
356.71343 	1285782.7
357.51503 	1263755.6
358.31663 	1241733.1
359.11824 	1219715.5
359.91984 	1197703
360.72144 	1175695.6
361.52305 	1153693.4
362.32465 	1131696.4
363.12625 	1109704.4
363.92786 	1087717.4
364.72946 	1065735.1
365.53106 	1043757.2
366.33267 	1021783.6
367.13427 	999813.93
367.93587 	977847.91
368.73747 	955885.22
369.53908 	933925.52
370.34068 	911968.49
371.14228 	890013.81
371.94389 	868061.15
372.74549 	846110.2
373.54709 	824160.67
374.3487 	802212.28
375.1503 	780264.76
375.9519 	758317.88
376.75351 	736371.43
377.55511 	714425.23
379.15832 	670532.98
379.95992 	648586.72
381.56313 	604693.62
382.36473 	582746.75
383.16633 	560799.7
383.96794 	538852.52
384.76954 	516905.29
385.57114 	494958.09
386.37275 	473011.02
387.17435 	451064.2
387.97595 	429117.74
388.77756 	407171.74
389.57916 	385226.3
390.38076 	363281.51
391.18236 	341337.45
391.98397 	319394.16
392.78557 	297451.69
393.58717 	275510.02
394.38878 	253569.16
395.19038 	231629.06
395.99198 	209689.67
396.79359 	187750.91
397.59519 	165812.67
399.1984 	121937.35
400 	100534.31
