0 	8836913.2
6.4128257 	8780082.5
34.468938 	8223495.2
37.675351 	8144298.5
40.881764 	8103197.3
50.501002 	7910880.1
53.707415 	7845067.7
62.52505 	7660171.7
65.731463 	7588538.4
68.937876 	7514985.7
69.739479 	7495705.5
96.993988 	6930359.1
103.40681 	6774465.8
106.61323 	6743393.7
116.23246 	6741883.8
123.44689 	6740169.2
125.05 	6740012.3
125.8517 	6739847.1
128.25651 	6739302.2
131.46293 	6738966.9
151.50301 	6568191.6
153.90782 	6505721.7
156.31263 	6443243.1
159.51904 	6359901.6
166.73347 	6172244.6
169.13828 	6109628
175.5511 	5942567.8
176.35271 	5921683.6
187.57515 	5629020.8
190.78156 	5545240
200.4008 	5293790.6
201.2024 	5272837.2
202.00401 	5251884.6
202.80561 	5230933.1
203.60721 	5209982.9
204.40882 	5189034.3
205.21042 	5168087.5
206.01202 	5147142.8
206.81363 	5126200.5
207.61523 	5105260.8
208.41683 	5084323.8
209.21844 	5063389.7
210.02004 	5042458.6
210.82164 	5021530.5
211.62325 	5000605.3
212.42485 	4979683.1
213.22645 	4958763.8
214.02806 	4937847.2
214.82966 	4916933.2
215.63126 	4896021.6
216.43287 	4875112.3
217.23447 	4854205.2
218.03607 	4833300.1
219.63928 	4791495.6
220.44088 	4770596.1
221.24248 	4749698.2
222.04409 	4728801.9
222.84569 	4707907.2
223.64729 	4687013.9
224.4489 	4666122.2
225.2505 	4645231.8
226.0521 	4624342.8
227.65531 	4582568.8
228.45691 	4561683.6
229.25852 	4540799.7
230.86172 	4499035.4
231.66333 	4478155
232.46493 	4457275.8
234.06814 	4415520.9
234.86974 	4394645.2
235.67134 	4373770.9
236.47295 	4352897.8
237.27455 	4332026
238.07615 	4311155.6
238.87776 	4290286.5
239.67936 	4269418.7
240.48096 	4248552.2
241.28257 	4227686.9
242.08417 	4206822.8
242.88577 	4185959.8
243.68737 	4165097.7
244.48898 	4144236.6
245.29058 	4123376.2
246.09218 	4102516.4
246.89379 	4081657.1
247.69539 	4060798.2
248.49699 	4039939.4
249.2986 	4019080.6
250.1002 	3998221.8
250.9018 	3977362.7
251.70341 	3956503.3
252.50501 	3935643.4
253.30661 	3914783
254.10822 	3893922
254.90982 	3873060.4
255.71142 	3852198.1
256.51303 	3831335.1
257.31463 	3810471.4
258.11623 	3789607.1
258.91784 	3768742.1
259.71944 	3747876.6
260.52104 	3727010.6
261.32265 	3706144.2
262.12425 	3685277.4
262.92585 	3664410.5
263.72745 	3643543.4
264.52906 	3622676.3
265.33066 	3601809.4
266.13226 	3580942.7
266.93387 	3560076.5
267.73547 	3539210.7
268.53707 	3518345.7
269.33868 	3497481.5
270.14028 	3476618.2
270.94188 	3455756.1
271.74349 	3434895.2
272.54509 	3414035.7
273.34669 	3393177.8
274.1483 	3372321.6
274.9499 	3351467.3
274.95 	3351464.7
275.7515 	3330614.9
276.55311 	3309764.7
277.35471 	3288916.9
278.95792 	3247228.4
279.75952 	3226388.2
280.56112 	3205550.6
281.36273 	3184715.9
282.16433 	3163884.1
282.96593 	3143055.2
283.76754 	3122229.2
284.56914 	3101406.2
285.37074 	3080586.1
286.17234 	3059768.8
286.97395 	3038954.3
288.57715 	2997333.1
289.37876 	2976526.2
290.18036 	2955721.3
290.98196 	2934918.5
291.78357 	2914117.3
292.58517 	2893317.7
293.38677 	2872519.2
294.18838 	2851721.8
294.98998 	2830925
295.79158 	2810128.6
296.59319 	2789332.3
297.39479 	2768535.9
298.19639 	2747739.1
298.998 	2726941.6
299.7996 	2706143.2
300.6012 	2685343.6
301.40281 	2664542.7
302.20441 	2643740.2
303.00601 	2622936
303.80762 	2602129.9
304.60922 	2581321.7
306.21242 	2539698.9
307.01403 	2518884
307.81563 	2498066.8
308.61723 	2477247.2
309.41884 	2456425.1
310.22044 	2435600.7
311.02204 	2414773.9
311.82365 	2393944.8
312.62525 	2373113.3
313.42685 	2352279.7
314.22846 	2331443.8
315.03006 	2310605.9
315.83166 	2289766
316.63327 	2268924.1
317.43487 	2248080.5
318.23647 	2227235.1
319.03808 	2206388.1
319.83968 	2185539.5
320.64128 	2164689.5
321.44289 	2143838.2
322.24449 	2122985.5
323.04609 	2102131.7
323.8477 	2081276.7
324.6493 	2060420.7
325.4509 	2039563.6
326.25251 	2018705.6
327.05411 	1997846.6
327.85571 	1976986.8
328.65731 	1956126.1
329.45892 	1935264.5
330.26052 	1914402.1
331.06212 	1893539
331.86373 	1872675
332.66533 	1851810.3
333.46693 	1830944.9
334.26854 	1810078.7
335.07014 	1789211.8
335.87174 	1768344.1
336.67335 	1747475.8
337.47495 	1726606.8
338.27655 	1705737.2
339.07816 	1684866.9
339.87976 	1663996
340.68136 	1643124.6
341.48297 	1622252.6
342.28457 	1601380.1
343.08617 	1580507.1
343.88778 	1559633.7
344.68938 	1538759.8
345.49098 	1517885.7
346.29259 	1497011.2
347.09419 	1476136.5
347.89579 	1455261.6
348.69739 	1434386.6
349.499 	1413511.6
350.3006 	1392636.5
351.1022 	1371761.6
351.90381 	1350886.8
352.70541 	1330012.2
353.50701 	1309137.9
354.30862 	1288263.9
355.11022 	1267390.4
355.91182 	1246517.4
356.71343 	1225644.9
357.51503 	1204773
358.31663 	1183901.8
359.11824 	1163031.4
359.91984 	1142161.7
360.72144 	1121292.8
361.52305 	1100424.7
362.32465 	1079557.6
363.12625 	1058691.3
363.92786 	1037826
364.72946 	1016961.7
365.53106 	996098.34
366.33267 	975236.01
367.13427 	954374.7
367.93587 	933514.43
368.73747 	912655.22
369.53908 	891797.06
370.34068 	870939.97
371.14228 	850083.97
371.94389 	829229.06
372.74549 	808375.25
373.54709 	787522.54
374.3487 	766670.96
375.1503 	745820.51
375.9519 	724971.2
376.75351 	704123.04
377.55511 	683276.04
379.15832 	641585.57
379.95992 	620742.11
381.56313 	579058.8
382.36473 	558218.94
383.16633 	537380.3
383.96794 	516542.85
384.76954 	495706.61
385.57114 	474871.54
386.37275 	454037.65
387.17435 	433204.91
387.97595 	412373.29
388.77756 	391542.76
389.57916 	370713.29
390.38076 	349884.84
391.18236 	329057.35
391.98397 	308230.78
392.78557 	287405.06
393.58717 	266580.14
394.38878 	245755.93
395.19038 	224932.38
395.99198 	204109.39
396.79359 	183286.89
397.59519 	162464.79
399.1984 	120821.44
400 	100507.13
