0 	6949787.1
6.4128257 	6898869.4
34.468938 	6247161.3
37.675351 	6183222.2
40.881764 	6113838
50.501002 	5884240.5
53.707415 	5827110.4
62.52505 	5717681.8
65.731463 	5703368.2
68.937876 	5631740.5
69.739479 	5611831.2
96.993988 	5176975.5
103.40681 	5011965.3
106.61323 	4924613.1
116.23246 	4694290
123.44689 	4542306.9
125.05 	4508285.8
125.8517 	4498976.4
128.25651 	4486177.9
131.46293 	4453595.9
151.50301 	4421842.1
153.90782 	4371655
156.31263 	4300117.1
159.51904 	4206148.8
166.73347 	4011313.1
169.13828 	3949629.4
175.5511 	3798656.4
176.35271 	3775754.1
187.57515 	3597705.9
190.78156 	3506623.1
200.4008 	3255250.8
201.2024 	3236485
202.00401 	3217646.4
202.80561 	3198726.2
203.60721 	3180081
204.40882 	3160783.4
205.21042 	3140613.2
206.01202 	3120788.6
206.81363 	3100826.6
207.61523 	3079240.7
208.41683 	3057001.2
209.21844 	3035015.9
210.02004 	3011183.9
210.82164 	2984847.4
211.62325 	2960863.4
212.42485 	2945504.4
213.22645 	2938228.4
214.02806 	2935055.6
214.82966 	2933491.7
215.63126 	2932643.8
216.43287 	2932158.6
217.23447 	2931819.3
218.03607 	2931556.9
219.63928 	2930901.6
220.44088 	2930497.4
221.24248 	2930156.6
222.04409 	2929814.1
222.84569 	2929410.5
223.64729 	2928954.9
224.4489 	2928300.9
225.2505 	2927414.4
226.0521 	2926343.7
227.65531 	2924216.2
228.45691 	2923173.3
229.25852 	2922125.3
230.86172 	2920310.4
231.66333 	2919834
232.46493 	2919735.6
234.06814 	2919660.4
234.86974 	2919680.7
235.67134 	2919694.7
236.47295 	2919619.6
237.27455 	2919462.3
238.07615 	2919383
238.87776 	2919509.2
239.67936 	2919770.9
240.48096 	2919908.2
241.28257 	2919677
242.08417 	2919040.7
242.88577 	2918213.4
243.68737 	2917498.8
244.48898 	2917062.6
245.29058 	2916811.7
246.09218 	2916522.4
246.89379 	2916026.3
247.69539 	2915318.9
248.49699 	2914518.1
249.2986 	2913743.1
250.1002 	2913065.5
250.9018 	2912486.9
251.70341 	2911986.7
252.50501 	2911566.8
253.30661 	2911215.2
254.10822 	2910920.7
254.90982 	2910684.5
255.71142 	2910477.5
256.51303 	2910304.7
257.31463 	2910246.5
258.11623 	2910330.9
258.91784 	2910471.8
259.71944 	2910622.8
260.52104 	2910739.6
261.32265 	2910850.7
262.12425 	2910992.4
262.92585 	2911183.3
263.72745 	2911374
264.52906 	2911454.4
265.33066 	2911340.4
266.13226 	2911088.3
266.93387 	2910723
267.73547 	2910253.7
268.53707 	2909733.4
269.33868 	2909136.3
270.14028 	2908394.6
270.94188 	2907486.3
271.74349 	2906508.7
272.54509 	2905600.2
273.34669 	2904810.2
274.1483 	2904088.8
274.9499 	2903337.5
274.95 	2903337.4
275.7515 	2902518.7
276.55311 	2901711.8
277.35471 	2901033.1
278.95792 	2900279.2
279.75952 	2900065.1
280.56112 	2899720.9
281.36273 	2899174
282.16433 	2898496.9
282.96593 	2897822.4
283.76754 	2897269.2
284.56914 	2896850.7
285.37074 	2896512.3
286.17234 	2896167
286.97395 	2895760.4
288.57715 	2894829.7
289.37876 	2894344.9
290.18036 	2893831.4
290.98196 	2893305.9
291.78357 	2892864.3
292.58517 	2892529.7
293.38677 	2892276.2
294.18838 	2892092.1
294.98998 	2891929.1
295.79158 	2891735
296.59319 	2891575.5
297.39479 	2891408.8
298.19639 	2891265.1
298.998 	2891235.9
299.7996 	2891280.2
300.6012 	2891367
301.40281 	2891439.1
302.20441 	2891487.8
303.00601 	2891487.1
303.80762 	2891342.1
304.60922 	2891083.2
306.21242 	2890506.9
307.01403 	2890430.2
307.81563 	2890589.4
308.61723 	2890826.9
309.41884 	2890979.6
310.22044 	2890993.5
311.02204 	2890956.7
311.82365 	2890929.7
312.62525 	2890921.2
313.42685 	2890867.3
314.22846 	2890719
315.03006 	2890505
315.83166 	2890295.6
316.63327 	2890168
317.43487 	2890155.3
318.23647 	2890212.8
319.03808 	2890250
319.83968 	2890190.4
320.64128 	2890018.7
321.44289 	2889802.7
322.24449 	2889680.3
323.04609 	2889713.2
323.8477 	2889886.2
324.6493 	2890128.6
325.4509 	2890364.6
326.25251 	2890536.6
327.05411 	2890621.8
327.85571 	2890613.3
328.65731 	2890524
329.45892 	2890387.2
330.26052 	2890233.3
331.06212 	2889979
331.86373 	2889746.2
332.66533 	2889555.7
333.46693 	2889489.7
334.26854 	2889848.2
335.07014 	2890409.3
335.87174 	2890890
336.67335 	2891303.7
337.47495 	2891591
338.27655 	2891897.4
339.07816 	2892325.8
339.87976 	2892544
340.68136 	2892523
341.48297 	2892523.3
342.28457 	2892603.3
343.08617 	2892467.9
343.88778 	2892281.5
344.68938 	2892014.7
345.49098 	2891348.2
346.29259 	2890275.9
347.09419 	2888366.8
347.89579 	2884838.8
348.69739 	2879054.2
349.499 	2868164.4
350.3006 	2848637.7
351.1022 	2817936.7
351.90381 	2777319.2
352.70541 	2732763.2
353.50701 	2687794.1
354.30862 	2642903.6
355.11022 	2598070.6
355.91182 	2553272.5
356.71343 	2508552
357.51503 	2463980.3
358.31663 	2419521.9
359.11824 	2375077.5
359.91984 	2330572.7
360.72144 	2285981.4
361.52305 	2241289.7
362.32465 	2196472.2
363.12625 	2151551
363.92786 	2106606.4
364.72946 	2061690.5
365.53106 	2016798
366.33267 	1971909.8
367.13427 	1927021.2
367.93587 	1882139.7
368.73747 	1837274.7
369.53908 	1792432.2
370.34068 	1747615.8
371.14228 	1702830.5
371.94389 	1658086.8
372.74549 	1613400
373.54709 	1568784.8
374.3487 	1524243.5
375.1503 	1479757.3
375.9519 	1435290.4
376.75351 	1390803.5
377.55511 	1346267.2
379.15832 	1257008.4
379.95992 	1212308.4
381.56313 	1122888.5
382.36473 	1078200.1
383.16633 	1033529.2
383.96794 	988873.79
384.76954 	944234.24
385.57114 	899614.7
386.37275 	855022.19
387.17435 	810465.79
387.97595 	765956
388.77756 	721502.99
389.57916 	677113.44
390.38076 	632786.27
391.18236 	588509.48
391.98397 	544260.38
392.78557 	500010.08
393.58717 	455730.58
394.38878 	411401.62
395.19038 	367014.77
395.99198 	322573.58
396.79359 	278090.27
397.59519 	233580.28
399.1984 	144529.09
400 	101084.62
