0 	9784180.1
6.4128257 	9627790.4
34.468938 	8917896.2
37.675351 	8836904.2
40.881764 	8755954.4
50.501002 	8513386.8
53.707415 	8432631.1
62.52505 	8210832.8
65.731463 	8130284.9
68.937876 	8049795.3
69.739479 	8029682.2
96.993988 	7348159.8
103.40681 	7188492.3
106.61323 	7108762.3
116.23246 	6869996.1
123.44689 	6691347.8
125.05 	6651701.2
125.8517 	6631881.1
128.25651 	6572456.3
131.46293 	6493288.5
151.50301 	6000212.7
153.90782 	5941245.8
156.31263 	5882322.7
159.51904 	5803826.8
166.73347 	5627496.3
169.13828 	5568807.5
175.5511 	5412518.5
176.35271 	5393004.4
187.57515 	5120318.8
190.78156 	5042583.4
200.4008 	4809838.8
201.2024 	4790474.6
202.00401 	4771115.1
202.80561 	4751760.4
203.60721 	4732410.4
204.40882 	4713065.1
205.21042 	4693724.5
206.01202 	4674388.6
206.81363 	4655057.5
207.61523 	4635731.1
208.41683 	4616409.4
209.21844 	4597092.3
210.02004 	4577780
210.82164 	4558472.3
211.62325 	4539169.3
212.42485 	4519871
213.22645 	4500577.3
214.02806 	4481288.3
214.82966 	4462003.9
215.63126 	4442724.2
216.43287 	4423449.1
217.23447 	4404178.7
218.03607 	4384912.9
219.63928 	4346394.9
220.44088 	4327142.7
221.24248 	4307895
222.04409 	4288651.9
222.84569 	4269413.3
223.64729 	4250179.3
224.4489 	4230949.8
225.2505 	4211724.9
226.0521 	4192504.5
227.65531 	4154077.4
228.45691 	4134870.5
229.25852 	4115668.1
230.86172 	4077276.5
231.66333 	4058087.4
232.46493 	4038902.6
234.06814 	4000546.1
234.86974 	3981374.5
235.67134 	3962207.2
236.47295 	3943044.3
237.27455 	3923885.7
238.07615 	3904731.5
238.87776 	3885581.7
239.67936 	3866436.1
240.48096 	3847294.8
241.28257 	3828157.8
242.08417 	3809025
242.88577 	3789896.5
243.68737 	3770772.3
244.48898 	3751652.4
245.29058 	3732536.7
246.09218 	3713425.2
246.89379 	3694318
247.69539 	3675214.9
248.49699 	3656115.9
249.2986 	3637021.1
250.1002 	3617930.4
250.9018 	3598843.7
251.70341 	3579761.1
252.50501 	3560682.6
253.30661 	3541608.2
254.10822 	3522537.8
254.90982 	3503471.5
255.71142 	3484409.2
256.51303 	3465351
257.31463 	3446296.9
258.11623 	3427246.7
258.91784 	3408200.6
259.71944 	3389158.3
260.52104 	3370120.1
261.32265 	3351085.7
262.12425 	3332055.2
262.92585 	3313028.7
263.72745 	3294006
264.52906 	3274987.2
265.33066 	3255972.2
266.13226 	3236961.1
266.93387 	3217953.8
267.73547 	3198950.3
268.53707 	3179950.5
269.33868 	3160954.5
270.14028 	3141962.1
270.94188 	3122973.4
271.74349 	3103988.5
272.54509 	3085007.4
273.34669 	3066030
274.1483 	3047056.3
274.9499 	3028086.3
274.95 	3028083.9
275.7515 	3009119.9
276.55311 	2990157.2
277.35471 	2971198
278.95792 	2933290.3
279.75952 	2914341.6
280.56112 	2895396.4
281.36273 	2876454.8
282.16433 	2857516.6
282.96593 	2838581.9
283.76754 	2819650.6
284.56914 	2800722.8
285.37074 	2781798.4
286.17234 	2762877.3
286.97395 	2743959.7
288.57715 	2706134.7
289.37876 	2687227.3
290.18036 	2668323.1
290.98196 	2649422.2
291.78357 	2630524.4
292.58517 	2611629.8
293.38677 	2592738.4
294.18838 	2573850.3
294.98998 	2554965.2
295.79158 	2536083.4
296.59319 	2517204.7
297.39479 	2498329.3
298.19639 	2479457
298.998 	2460587.8
299.7996 	2441721.7
300.6012 	2422858.6
301.40281 	2403998.6
302.20441 	2385141.5
303.00601 	2366287.4
303.80762 	2347436.1
304.60922 	2328587.7
306.21242 	2290899.5
307.01403 	2272059.8
307.81563 	2253222.9
308.61723 	2234388.9
309.41884 	2215557.7
310.22044 	2196729.2
311.02204 	2177903.6
311.82365 	2159080.6
312.62525 	2140260.5
313.42685 	2121443.2
314.22846 	2102628.6
315.03006 	2083816.6
315.83166 	2065007.2
316.63327 	2046200.5
317.43487 	2027396.3
318.23647 	2008594.7
319.03808 	1989795.6
319.83968 	1970999
320.64128 	1952205
321.44289 	1933413.4
322.24449 	1914624.4
323.04609 	1895837.7
323.8477 	1877053.5
324.6493 	1858271.7
325.4509 	1839492.2
326.25251 	1820715
327.05411 	1801940
327.85571 	1783167.4
328.65731 	1764397.2
329.45892 	1745629.1
330.26052 	1726863.3
331.06212 	1708099.7
331.86373 	1689338.3
332.66533 	1670579.1
333.46693 	1651821.9
334.26854 	1633066.9
335.07014 	1614314.1
335.87174 	1595563.3
336.67335 	1576814.5
337.47495 	1558067.8
338.27655 	1539323
339.07816 	1520580.2
339.87976 	1501839.3
340.68136 	1483100.5
341.48297 	1464363.6
342.28457 	1445628.7
343.08617 	1426895.7
343.88778 	1408164.4
344.68938 	1389434.8
345.49098 	1370706.9
346.29259 	1351980.8
347.09419 	1333256.5
347.89579 	1314533.8
348.69739 	1295812.9
349.499 	1277093.6
350.3006 	1258376
351.1022 	1239659.9
351.90381 	1220945.5
352.70541 	1202232.6
353.50701 	1183521.3
354.30862 	1164811.6
355.11022 	1146103.5
355.91182 	1127396.7
356.71343 	1108691.4
357.51503 	1089987.3
358.31663 	1071284.6
359.11824 	1052583.3
359.91984 	1033883.4
360.72144 	1015184.9
361.52305 	996487.78
362.32465 	977791.86
363.12625 	959097.08
363.92786 	940403.4
364.72946 	921710.87
365.53106 	903019.56
366.33267 	884329.53
367.13427 	865640.65
367.93587 	846952.86
368.73747 	828266.14
369.53908 	809580.44
370.34068 	790895.76
371.14228 	772212.06
371.94389 	753529.32
372.74549 	734847.53
373.54709 	716166.66
374.3487 	697486.68
375.1503 	678807.56
375.9519 	660129.29
376.75351 	641451.84
377.55511 	622775.15
379.15832 	585423.83
379.95992 	566749.11
381.56313 	529401.89
382.36473 	510729.38
383.16633 	492057.5
383.96794 	473386.2
384.76954 	454715.44
385.57114 	436045.21
386.37275 	417375.48
387.17435 	398706.23
387.97595 	380037.42
388.77756 	361369.04
389.57916 	342701.06
390.38076 	324033.43
391.18236 	305366.05
391.98397 	286698.87
392.78557 	268031.96
393.58717 	249365.36
394.38878 	230699.03
395.19038 	212032.87
395.99198 	193366.91
396.79359 	174701.19
397.59519 	156035.68
399.1984 	118704.38
400 	100463.97
