0 	3836455.2
0.35183948 	3828668.2
0.70367896 	3820523.5
1.0555184 	3812380.4
1.4073579 	3804237.4
1.7591974 	3796070.4
2.1110369 	3787964.2
2.4628764 	3779819.5
2.8147158 	3771676.8
3.1665553 	3763534
3.5183948 	3755391.4
3.8702343 	3747249
4.2220737 	3739053.1
4.9257527 	3722856.6
5.6294317 	3706587.3
5.9812711 	3698448.4
6.3331106 	3690307.9
8.092308 	3649606.6
8.795987 	3633326.8
9.1478265 	3625370.6
10.203345 	3601147
10.907024 	3584889.2
11.258863 	3576761
11.610703 	3568661.9
11.962542 	3560536.4
12.666221 	3544289.6
13.018061 	3536156.6
13.3699 	3528032.9
13.72174 	3519894.4
14.777258 	3495691
15.480937 	3479569
15.832777 	3471439.2
16.536456 	3455179.9
17.591974 	3430791.3
18.647492 	3406410.6
19.351171 	3390177
19.703011 	3382048.1
20.05485 	3373919.2
20.40669 	3365790.5
20.758529 	3357661.7
21.462208 	3341404.4
22.165887 	3325147.2
22.869566 	3308890.3
23.573245 	3292633.4
23.925085 	3284505.1
24.276924 	3276376.8
24.628764 	3268248.5
25.332442 	3251992.1
25.684282 	3243864
26.387961 	3227607.9
26.7398 	3219480
27.09164 	3211352.1
27.443479 	3203224.3
27.795319 	3195096.4
28.147158 	3186966.1
28.850837 	3171044
29.202677 	3166075.4
29.554516 	3158466.8
29.906356 	3150340.6
30.258195 	3142192.5
30.610035 	3134167.2
30.961874 	3128503.2
31.665553 	3113056.8
32.017393 	3104938.2
32.369232 	3096819.2
32.721072 	3088700.1
33.072911 	3080581
33.424751 	3072461.9
33.77659 	3064342.7
34.128429 	3056223.5
34.480269 	3048104.3
34.832108 	3039985
35.183948 	3031865.7
35.535787 	3023746.3
35.887627 	3015627
36.239466 	3007507.5
36.591306 	2999388.1
37.294985 	2983148.9
37.646824 	2975029.3
37.998664 	2966909.6
38.702343 	2950669.9
39.406022 	2934429.9
39.757861 	2926309.8
41.165219 	2893828
41.517059 	2885707.2
41.868898 	2877586.3
42.220737 	2869465.3
42.924416 	2853222.7
43.276256 	2845101.3
43.628095 	2836979.6
43.979935 	2828857.8
44.683614 	2812613.8
45.035453 	2804491.5
45.387293 	2796369.1
46.090972 	2780123.8
46.442811 	2772000.9
47.14649 	2755754.6
47.49833 	2747631.1
48.202009 	2731383.9
48.553848 	2723260
49.257527 	2707011.7
49.609367 	2698887.4
49.961206 	2690762.9
50.313045 	2682638.2
50.664885 	2674513.4
51.016724 	2666388.5
51.720403 	2650138.3
52.072243 	2642012.9
52.424082 	2633887.5
52.775922 	2625761.9
53.127761 	2617636.3
54.18328 	2593258.7
54.535119 	2585132.7
54.886959 	2577006.6
55.238798 	2568880.5
55.590638 	2560754.2
55.942477 	2552628
56.997996 	2528248.9
57.349835 	2520122.5
57.701675 	2511996
58.053514 	2503869.6
58.405354 	2495743.1
58.757193 	2487616.6
59.109032 	2479490.1
59.460872 	2471363.6
60.164551 	2455110.7
60.51639 	2446984.2
60.86823 	2438857.7
61.220069 	2430731.2
61.571909 	2422604.7
61.923748 	2414478.2
62.275588 	2406351.6
62.627427 	2398225.1
62.979267 	2390098.6
63.331106 	2381972
63.682946 	2373845.4
64.034785 	2365718.7
64.386625 	2357592
64.738464 	2349465.3
65.442143 	2333211.6
65.793983 	2325084.6
66.497662 	2308830.4
67.55318 	2284448.3
68.256859 	2268192.9
68.608698 	2260065
69.312377 	2243808.7
70.016056 	2227551.7
70.367896 	2219423
70.719735 	2211294.1
71.071575 	2203165
71.423414 	2195035.7
72.830772 	2162516.8
73.182612 	2154386.6
73.534451 	2146256.2
73.886291 	2138125.7
74.941809 	2113733.1
75.293648 	2105601.9
75.645488 	2097470.6
75.997327 	2089339.1
77.052846 	2064943.9
77.404685 	2056811.9
77.756525 	2048679.8
78.460204 	2032415.3
78.812043 	2024282.8
79.163883 	2016150.3
80.219401 	1991752.1
81.27492 	1967353
81.626759 	1959219.8
81.978599 	1951086.5
82.330438 	1942953.1
82.682278 	1934819.7
83.034117 	1926686.1
83.385957 	1918552.4
83.737796 	1910418.7
84.089635 	1902284.9
84.441475 	1894150.9
85.496993 	1869748.7
86.552512 	1845346
86.904351 	1837211.6
89.015388 	1788404.7
89.367228 	1780270.1
90.070907 	1764001.1
90.422746 	1755866.6
90.774586 	1747732.2
91.126425 	1739597.8
91.478265 	1731463.5
91.830104 	1723329.1
92.533783 	1707060.7
93.237462 	1690792.4
93.589301 	1682658.3
93.941141 	1674524.2
94.29298 	1666390.1
96.052178 	1625718.1
96.404017 	1617583.2
96.755857 	1609448
97.459536 	1593176.8
97.811375 	1585040.8
98.163215 	1576904.6
98.515054 	1568767.5
99.922412 	1537154.1
100.27425 	1531205.5
100.62609 	1523332.8
101.32977 	1505845.8
102.03345 	1494825.9
102.38529 	1494269.4
103.79265 	1494167.7
104.14449 	1494156.2
104.49633 	1494136.7
105.2 	1494122.5
105.90368 	1494097.9
106.25552 	1494076.5
106.60736 	1494058.4
108.01472 	1494000.8
108.36656 	1493984.3
108.7184 	1493966.4
109.07024 	1493950.5
109.77392 	1493933.3
110.12576 	1493927
110.82944 	1493915.2
111.18128 	1493907.8
111.53311 	1493902.4
111.88495 	1493894.8
112.58863 	1493864
112.94047 	1493841.1
113.29231 	1493814.2
113.64415 	1493783
113.99599 	1493749
114.34783 	1493713.9
114.69967 	1493678.2
115.05151 	1493641
115.40335 	1493598.3
115.75519 	1493538.1
116.45887 	1493082.6
116.81071 	1488770.7
117.16255 	1480927
117.51439 	1472636.6
118.21806 	1455999.4
118.5699 	1447679.4
118.92174 	1439359.2
119.27358 	1431038.6
119.62542 	1422717.9
119.97726 	1414397.1
120.3291 	1406076.4
120.68094 	1397755.9
121.03278 	1389435.7
121.38462 	1381115.7
121.73646 	1372796.2
122.0883 	1364476.9
122.79198 	1347839.5
123.14382 	1339521.4
123.49566 	1331203.6
123.8475 	1322886.2
124.19934 	1314569.1
124.55118 	1306252.3
124.90302 	1297935.9
125.25485 	1289619.7
125.60669 	1281303.9
126.66221 	1256357.8
127.01405 	1248042.8
127.36589 	1239728
127.71773 	1231413.2
128.06957 	1223098.4
128.42141 	1214783.7
128.77325 	1206468.8
129.12509 	1198153.9
129.47693 	1189838.8
130.18061 	1173207.9
130.53245 	1164892
130.88429 	1156575.8
131.23613 	1148259.3
132.29164 	1123307.3
132.64348 	1114989.2
132.99532 	1106670.8
133.699 	1090032.6
134.05084 	1081712.9
134.40268 	1073393
134.75452 	1065072.6
135.4582 	1048431.1
135.81004 	1040110
136.16188 	1031788.6
136.51372 	1023467.1
136.86556 	1015145.4
137.56924 	998501.59
137.92108 	990179.57
138.27292 	981857.49
138.97659 	965213.27
139.68027 	948569.08
140.03211 	940247.04
140.38395 	931925.05
140.73579 	923603.13
141.08763 	915281.28
141.43947 	906959.51
141.79131 	898637.81
142.14315 	890316.2
142.49499 	881994.68
142.84683 	873673.23
144.25419 	840388.21
145.3097 	815425.07
145.66154 	807104.11
146.01338 	798783.19
146.36522 	790462.29
146.71706 	782141.41
147.0689 	773820.54
147.42074 	765499.69
148.12442 	748857.99
148.8281 	732216.31
149.17994 	723895.46
149.88362 	707253.79
150.23546 	698932.96
150.5873 	690612.13
151.29098 	673970.54
151.99465 	657329.03
152.69833 	640687.67
153.05017 	632367.06
153.40201 	624046.51
153.75385 	615726.01
154.45753 	599085.23
154.80937 	590764.95
155.16121 	582444.76
155.51305 	574124.65
155.86489 	565804.64
156.21673 	557484.72
156.56857 	549164.91
157.62409 	524206.07
157.97593 	515886.67
158.32777 	507567.37
158.67961 	499248.18
159.03144 	490929.09
159.38328 	482610.1
159.73512 	474291.22
160.08696 	465972.43
160.4388 	457653.73
160.79064 	449335.13
161.14248 	441016.62
161.49432 	432698.19
161.84616 	424379.85
162.90168 	399425.28
163.25352 	391107.23
163.9572 	374471.32
164.30904 	366153.46
164.66088 	357835.65
165.01272 	349517.9
165.71639 	332882.53
166.06823 	324564.91
167.12375 	299612.31
167.47559 	291294.84
167.82743 	282977.42
168.17927 	274660.02
168.53111 	266342.66
169.23479 	249708.01
169.58663 	241390.73
169.93847 	233073.48
170.64215 	216439.04
170.99399 	208121.85
171.34583 	199804.69
171.69767 	191487.54
172.04951 	183170.42
172.40134 	174853.31
172.75318 	166536.22
173.10502 	158219.15
174.16054 	133268.02
174.51238 	124951
174.86422 	116633.99
