0 	8542403.6
6.4128257 	8487507.2
34.468938 	7842048.3
37.675351 	7761895.6
40.881764 	7720523.5
50.501002 	7527460.8
53.707415 	7512435.3
62.52505 	7378512.3
65.731463 	7318604.4
68.937876 	7243467.7
69.739479 	7224290.4
96.993988 	6670983.1
103.40681 	6507764.2
106.61323 	6423109
116.23246 	6205325.7
123.44689 	6010493.2
125.05 	5969139.6
125.8517 	5948953.8
128.25651 	5893168.4
131.46293 	5835625.8
151.50301 	5827635.8
153.90782 	5827565.1
156.31263 	5827089.3
159.51904 	5826553.1
166.73347 	5823503.9
169.13828 	5822880.9
175.5511 	5822021.9
176.35271 	5821878.2
187.57515 	5795628.1
190.78156 	5711940.2
200.4008 	5454312.2
201.2024 	5432782.6
202.00401 	5411243.9
202.80561 	5389698.1
203.60721 	5368147.3
204.40882 	5346592.6
205.21042 	5325034.7
206.01202 	5303473.7
206.81363 	5281909.9
207.61523 	5260343.8
208.41683 	5238776.5
209.21844 	5217208.9
210.02004 	5195642.3
210.82164 	5174077.5
211.62325 	5152515.5
212.42485 	5130956.8
213.22645 	5109401.6
214.02806 	5087849.9
214.82966 	5066301.2
215.63126 	5044754.6
216.43287 	5023209.2
217.23447 	5001664.2
218.03607 	4980118.7
219.63928 	4937025
220.44088 	4915476.8
221.24248 	4893928.2
222.04409 	4872380
222.84569 	4850832.8
223.64729 	4829287.7
224.4489 	4807745.6
225.2505 	4786207.3
226.0521 	4764673.6
227.65531 	4721621.3
228.45691 	4700103
229.25852 	4678589.7
230.86172 	4635576.8
231.66333 	4614076.8
232.46493 	4592580.8
234.06814 	4549601.7
234.86974 	4528119
235.67134 	4506641.1
236.47295 	4485168
237.27455 	4463699.7
238.07615 	4442235.9
238.87776 	4420776.1
239.67936 	4399320
240.48096 	4377867.1
241.28257 	4356416.8
242.08417 	4334968.9
242.88577 	4313522.8
243.68737 	4292078.2
244.48898 	4270634.6
245.29058 	4249191.4
246.09218 	4227748.2
246.89379 	4206304.8
247.69539 	4184861
248.49699 	4163416.9
249.2986 	4141972.5
250.1002 	4120528.2
250.9018 	4099084.3
251.70341 	4077641
252.50501 	4056198.3
253.30661 	4034756.3
254.10822 	4013314.8
254.90982 	3991873.5
255.71142 	3970432.2
256.51303 	3948990.4
257.31463 	3927547.8
258.11623 	3906104.1
258.91784 	3884659
259.71944 	3863212.2
260.52104 	3841763.4
261.32265 	3820312.4
262.12425 	3798858.9
262.92585 	3777402.9
263.72745 	3755944
264.52906 	3734482.2
265.33066 	3713017.3
266.13226 	3691549.3
266.93387 	3670078
267.73547 	3648603.4
268.53707 	3627125.5
269.33868 	3605644.4
270.14028 	3584160.1
270.94188 	3562672.6
271.74349 	3541181.8
272.54509 	3519687.7
273.34669 	3498190.3
274.1483 	3476689.5
274.9499 	3455184.9
274.95 	3455182.2
275.7515 	3433676.5
276.55311 	3412164
277.35471 	3390647.1
278.95792 	3347599.3
279.75952 	3326067.9
280.56112 	3304531.4
281.36273 	3282989.6
282.16433 	3261442.5
282.96593 	3239890.2
283.76754 	3218332.9
284.56914 	3196770.6
285.37074 	3175203.8
286.17234 	3153632.7
286.97395 	3132057.8
288.57715 	3088898.5
289.37876 	3067315.1
290.18036 	3045730
290.98196 	3024143.6
291.78357 	3002556.5
292.58517 	2980969.2
293.38677 	2959382.2
294.18838 	2937795.8
294.98998 	2916210.4
295.79158 	2894626.4
296.59319 	2873043.7
297.39479 	2851462.7
298.19639 	2829883.2
298.998 	2808305.3
299.7996 	2786728.9
300.6012 	2765154
301.40281 	2743580.4
302.20441 	2722008.1
303.00601 	2700436.9
303.80762 	2678867
304.60922 	2657298.2
306.21242 	2614164.5
307.01403 	2592599.9
307.81563 	2571037
308.61723 	2549476
309.41884 	2527917.2
310.22044 	2506360.7
311.02204 	2484806.8
311.82365 	2463255.5
312.62525 	2441707
313.42685 	2420161.2
314.22846 	2398618.3
315.03006 	2377078.1
315.83166 	2355540.5
316.63327 	2334005.4
317.43487 	2312472.5
318.23647 	2290941.8
319.03808 	2269413
319.83968 	2247885.9
320.64128 	2226360.3
321.44289 	2204835.9
322.24449 	2183312.8
323.04609 	2161790.6
323.8477 	2140269.3
324.6493 	2118748.9
325.4509 	2097229.2
326.25251 	2075710.3
327.05411 	2054192.1
327.85571 	2032674.7
328.65731 	2011158.2
329.45892 	1989642.6
330.26052 	1968128
331.06212 	1946614.4
331.86373 	1925102.1
332.66533 	1903591
333.46693 	1882081.4
334.26854 	1860573.3
335.07014 	1839066.9
335.87174 	1817562.2
336.67335 	1796059.5
337.47495 	1774558.7
338.27655 	1753060.1
339.07816 	1731563.7
339.87976 	1710069.7
340.68136 	1688578.1
341.48297 	1667089.2
342.28457 	1645602.9
343.08617 	1624119.4
343.88778 	1602638.8
344.68938 	1581161.2
345.49098 	1559686.7
346.29259 	1538215.3
347.09419 	1516747.1
347.89579 	1495282.1
348.69739 	1473820.4
349.499 	1452362.1
350.3006 	1430907
351.1022 	1409455.3
351.90381 	1388006.8
352.70541 	1366561.7
353.50701 	1345119.8
354.30862 	1323681.2
355.11022 	1302245.8
355.91182 	1280813.5
356.71343 	1259384.4
357.51503 	1237958.5
358.31663 	1216535.5
359.11824 	1195115.6
359.91984 	1173698.6
360.72144 	1152284.5
361.52305 	1130873.2
362.32465 	1109464.5
363.12625 	1088058.4
363.92786 	1066654.7
364.72946 	1045253.1
365.53106 	1023853.4
366.33267 	1002455.4
367.13427 	981058.74
367.93587 	959662.97
368.73747 	938267.69
369.53908 	916872.39
370.34068 	895476.52
371.14228 	874079.48
371.94389 	852680.61
372.74549 	831279.21
373.54709 	809874.56
374.3487 	788465.93
375.1503 	767052.57
375.9519 	745633.74
376.75351 	724208.74
377.55511 	702776.9
379.15832 	659890.39
379.95992 	638434.76
381.56313 	595497.14
382.36473 	574014.83
383.16633 	552523.56
383.96794 	531023.46
384.76954 	509514.84
385.57114 	487998.1
386.37275 	466473.73
387.17435 	444942.32
387.97595 	423404.53
388.77756 	401861.06
389.57916 	380312.64
390.38076 	358760.01
391.18236 	337203.87
391.98397 	315644.91
392.78557 	294083.75
393.58717 	272520.96
394.38878 	250957
395.19038 	229392.27
395.99198 	207827.09
396.79359 	186261.69
397.59519 	164696.21
399.1984 	121565.36
400 	100525.26
