0 	7805474.8
6.4128257 	7674027.9
34.468938 	7230060
37.675351 	7227199.1
40.881764 	7196696.1
50.501002 	6956778.4
53.707415 	6879768.3
62.52505 	6668691.9
65.731463 	6586299.3
68.937876 	6503792.6
69.739479 	6486528.6
96.993988 	6099261.8
103.40681 	5936219.2
106.61323 	5855503.6
116.23246 	5619853.3
123.44689 	5454169.3
125.05 	5415344.5
125.8517 	5398358.7
128.25651 	5354566.8
131.46293 	5305704.8
151.50301 	4836910.7
153.90782 	4778667.8
156.31263 	4724278.3
159.51904 	4660493.5
166.73347 	4517106.2
169.13828 	4449921.7
175.5511 	4317782.4
176.35271 	4316272.5
187.57515 	4314900.2
190.78156 	4312829.4
200.4008 	4308051.2
201.2024 	4307790.7
202.00401 	4307686.5
202.80561 	4307666.8
203.60721 	4307500.7
204.40882 	4307283.7
205.21042 	4307089.5
206.01202 	4306943
206.81363 	4306840.8
207.61523 	4306770.6
208.41683 	4306743.5
209.21844 	4306758.6
210.02004 	4306809.2
210.82164 	4306898.8
211.62325 	4307007.2
212.42485 	4307112.8
213.22645 	4307199.2
214.02806 	4307265.1
214.82966 	4307329.1
215.63126 	4307399.9
216.43287 	4307392.4
217.23447 	4307358.3
218.03607 	4307331.3
219.63928 	4307092.7
220.44088 	4307043.6
221.24248 	4306919.4
222.04409 	4306721.7
222.84569 	4306534.5
223.64729 	4306326.1
224.4489 	4306176.6
225.2505 	4305979.3
226.0521 	4305793.5
227.65531 	4306497.9
228.45691 	4307232.6
229.25852 	4307557.5
230.86172 	4307385.7
231.66333 	4307285.5
232.46493 	4307179.4
234.06814 	4306883.2
234.86974 	4306609.3
235.67134 	4306209.4
236.47295 	4305748.9
237.27455 	4305298.5
238.07615 	4304862.6
238.87776 	4304463.2
239.67936 	4304067.1
240.48096 	4303592.6
241.28257 	4303073.3
242.08417 	4302543
242.88577 	4302018.2
243.68737 	4301429.2
244.48898 	4300842
245.29058 	4300260.5
246.09218 	4299675.7
246.89379 	4299123.7
247.69539 	4298579.6
248.49699 	4298034.7
249.2986 	4297526.5
250.1002 	4297077.8
250.9018 	4296746.3
251.70341 	4296573.8
252.50501 	4296520.9
253.30661 	4296523.8
254.10822 	4296503
254.90982 	4296440.6
255.71142 	4296388.3
256.51303 	4296374.1
257.31463 	4296399.8
258.11623 	4296457.3
258.91784 	4296495.2
259.71944 	4296500.8
260.52104 	4296506.2
261.32265 	4296493.2
262.12425 	4296460.9
262.92585 	4296362.1
263.72745 	4296008
264.52906 	4295052.8
265.33066 	4292742.5
266.13226 	4287490.8
266.93387 	4276548.1
267.73547 	4257629.5
268.53707 	4233358
269.33868 	4207856
270.14028 	4182363.6
270.94188 	4156923.5
271.74349 	4131498.6
272.54509 	4106079.2
273.34669 	4080665.1
274.1483 	4055257.9
274.9499 	4029859.4
274.95 	4029856.2
275.7515 	4004471.4
276.55311 	3979095.2
277.35471 	3953731.7
278.95792 	3903044.3
279.75952 	3877720.5
280.56112 	3852410
281.36273 	3827113
282.16433 	3801829.9
282.96593 	3776560.8
283.76754 	3751305.8
284.56914 	3726064.6
285.37074 	3700836.4
286.17234 	3675620.1
286.97395 	3650414.2
288.57715 	3600027.8
289.37876 	3574844.8
290.18036 	3549667.4
290.98196 	3524494.9
291.78357 	3499326.7
292.58517 	3474162.2
293.38677 	3449000.8
294.18838 	3423841.9
294.98998 	3398685
295.79158 	3373530
296.59319 	3348376.7
297.39479 	3323225.1
298.19639 	3298075.4
298.998 	3272927.3
299.7996 	3247780.5
300.6012 	3222634.8
301.40281 	3197489.6
302.20441 	3172344.5
303.00601 	3147199.2
303.80762 	3122053.5
304.60922 	3096907.5
306.21242 	3046614.5
307.01403 	3021468.1
307.81563 	2996321.9
308.61723 	2971176.3
309.41884 	2946031.6
310.22044 	2920888
311.02204 	2895745.7
311.82365 	2870604.8
312.62525 	2845465.3
313.42685 	2820327.3
314.22846 	2795190.6
315.03006 	2770055.5
315.83166 	2744921.9
316.63327 	2719789.9
317.43487 	2694659.8
318.23647 	2669531.6
319.03808 	2644405.7
319.83968 	2619282.2
320.64128 	2594161.2
321.44289 	2569042.9
322.24449 	2543927.2
323.04609 	2518814.1
323.8477 	2493703.6
324.6493 	2468595.3
325.4509 	2443489.2
326.25251 	2418385
327.05411 	2393282.3
327.85571 	2368181
328.65731 	2343080.7
329.45892 	2317981.2
330.26052 	2292882.3
331.06212 	2267783.7
331.86373 	2242685.2
332.66533 	2217586.6
333.46693 	2192487.8
334.26854 	2167388.5
335.07014 	2142288.6
335.87174 	2117187.8
336.67335 	2092085.9
337.47495 	2066982.8
338.27655 	2041878.2
339.07816 	2016771.9
339.87976 	1991663.5
340.68136 	1966552.8
341.48297 	1941439.5
342.28457 	1916323.3
343.08617 	1891203.9
343.88778 	1866080.9
344.68938 	1840954
345.49098 	1815822.9
346.29259 	1790687.4
347.09419 	1765547.2
347.89579 	1740402.2
348.69739 	1715252.2
349.499 	1690097
350.3006 	1664936.5
351.1022 	1639770.8
351.90381 	1614599.7
352.70541 	1589423.3
353.50701 	1564241.5
354.30862 	1539054.5
355.11022 	1513862.2
355.91182 	1488664.6
356.71343 	1463461.9
357.51503 	1438254.2
358.31663 	1413041.5
359.11824 	1387824
359.91984 	1362601.8
360.72144 	1337375.1
361.52305 	1312144.2
362.32465 	1286909.2
363.12625 	1261670.4
363.92786 	1236428.1
364.72946 	1211182.5
365.53106 	1185933.9
366.33267 	1160682.7
367.13427 	1135429.1
367.93587 	1110173.4
368.73747 	1084915.8
369.53908 	1059656.8
370.34068 	1034396.5
371.14228 	1009135.3
371.94389 	983873.49
372.74549 	958611.3
373.54709 	933349.04
374.3487 	908086.94
375.1503 	882825.26
375.9519 	857564.17
376.75351 	832303.84
377.55511 	807044.39
379.15832 	756528.45
379.95992 	731271.99
381.56313 	680762.01
382.36473 	655508.34
383.16633 	630255.45
383.96794 	605003.23
384.76954 	579751.58
385.57114 	554500.39
386.37275 	529249.58
387.17435 	503999.04
387.97595 	478748.7
388.77756 	453498.5
389.57916 	428248.38
390.38076 	402998.32
391.18236 	377748.28
391.98397 	352498.26
392.78557 	327248.25
393.58717 	301998.26
394.38878 	276748.31
395.19038 	251498.39
395.99198 	226248.52
396.79359 	200998.71
397.59519 	175748.95
399.1984 	125249.62
400 	100614.99
