0 	3836478
0.35183948 	3828967.1
0.70367896 	3821068.7
1.0555184 	3813212
1.4073579 	3805314.2
1.7591974 	3797416.9
2.1110369 	3789532.5
2.4628764 	3781635
2.8147158 	3773808.1
3.1665553 	3765884.1
3.5183948 	3757988.6
3.8702343 	3750083.1
4.2220737 	3742266.8
4.9257527 	3726590.9
5.6294317 	3710781.9
5.9812711 	3702885.9
6.3331106 	3694984
8.092308 	3655478.9
8.795987 	3639676.6
9.1478265 	3631762.1
10.203345 	3608264.9
10.907024 	3592475
11.258863 	3584605.6
11.610703 	3576695.8
11.962542 	3568800.6
12.666221 	3553011.1
13.018061 	3545111.2
13.3699 	3537211.2
13.72174 	3529310.9
14.777258 	3505578.4
15.480937 	3492673.8
15.832777 	3484879.5
16.536456 	3469084.7
17.591974 	3447603.1
18.647492 	3424172
19.351171 	3408374.4
19.703011 	3400475.6
20.05485 	3392576.9
20.40669 	3384678.1
20.758529 	3376779.4
21.462208 	3360982
22.165887 	3345184.6
22.869566 	3329387.4
23.573245 	3313590.2
23.925085 	3305691.6
24.276924 	3297793.1
24.628764 	3289894.6
25.332442 	3274097.7
25.684282 	3266199.2
26.387961 	3250402.4
26.7398 	3242504.1
27.09164 	3234605.7
27.443479 	3226707.4
27.795319 	3218809.1
28.147158 	3210910.8
28.850837 	3195114.3
29.202677 	3187216
29.554516 	3179317.8
29.906356 	3171419.6
30.258195 	3163521.4
30.610035 	3155623.2
30.961874 	3147725
31.665553 	3131928.7
32.017393 	3124030.5
32.369232 	3116132.3
32.721072 	3108234.2
33.072911 	3100336
33.424751 	3092437.9
33.77659 	3084539.7
34.128429 	3076641.5
34.480269 	3068743.4
34.832108 	3060845.2
35.183948 	3052947
35.535787 	3045048.8
35.887627 	3037150.6
36.239466 	3029252.4
36.591306 	3021354.2
37.294985 	3005557.8
37.646824 	2997659.6
37.998664 	2989761.4
38.702343 	2973964.9
39.406022 	2958168.3
39.757861 	2950270.1
41.165219 	2918676.9
41.517059 	2910778.6
41.868898 	2902880.3
42.220737 	2894982
42.924416 	2879185.5
43.276256 	2871287.2
43.628095 	2863388.9
43.979935 	2855490.7
44.683614 	2839694.2
45.035453 	2831796.1
45.387293 	2823897.9
46.090972 	2808101.7
46.442811 	2800203.7
47.14649 	2784407.7
47.49833 	2776509.9
48.202009 	2760714.3
48.553848 	2752816.6
49.257527 	2737021.5
49.609367 	2729124.1
49.961206 	2721226.8
50.313045 	2713329.5
50.664885 	2705432.4
51.016724 	2697535.3
51.720403 	2681741.4
52.072243 	2673844.6
52.424082 	2665947.9
52.775922 	2658051.2
53.127761 	2650154.6
54.18328 	2626464.7
54.535119 	2618568
54.886959 	2610671.3
55.238798 	2602774.5
55.590638 	2594877.5
55.942477 	2586980.3
56.997996 	2563287.6
57.349835 	2555389.4
57.701675 	2547490.9
58.053514 	2539592.1
58.405354 	2531692.8
58.757193 	2523793.1
59.109032 	2515893
59.460872 	2507992.4
60.164551 	2492189.9
60.51639 	2484288
60.86823 	2476385.8
61.220069 	2468483.3
61.571909 	2460580.9
61.923748 	2452678.8
62.275588 	2444777.5
62.627427 	2436877.1
62.979267 	2428968.8
63.331106 	2420995.8
63.682946 	2413330.7
64.034785 	2409621.7
64.386625 	2409275.3
64.738464 	2409239.5
65.442143 	2409180.9
65.793983 	2409156.3
66.497662 	2409099.6
67.55318 	2409014.4
68.256859 	2408954.7
68.608698 	2408924.1
69.312377 	2408863.4
70.016056 	2408802.1
70.367896 	2408770.1
70.719735 	2408738.5
71.071575 	2408708.3
71.423414 	2408678.5
72.830772 	2408509.7
73.182612 	2408104.7
73.534451 	2403363.9
73.886291 	2395676.6
74.941809 	2371854.9
75.293648 	2363913.4
75.645488 	2355972.7
75.997327 	2348032.2
77.052846 	2324211
77.404685 	2316270.3
77.756525 	2308329.3
78.460204 	2292446.4
78.812043 	2284504.6
79.163883 	2276562.6
80.219401 	2252735.4
81.27492 	2228907.4
81.626759 	2220964.6
81.978599 	2213021.9
82.330438 	2205079.1
82.682278 	2197136.4
83.034117 	2189193.7
83.385957 	2181251
83.737796 	2173308.4
84.089635 	2165365.8
84.441475 	2157423.3
85.496993 	2133595.9
86.552512 	2109768.8
86.904351 	2101826.4
89.015388 	2054171.5
89.367228 	2046228.8
90.070907 	2030343.4
90.422746 	2022400.6
90.774586 	2014457.8
91.126425 	2006514.8
91.478265 	1998571.9
91.830104 	1990628.8
92.533783 	1974742.6
93.237462 	1958856.1
93.589301 	1950912.7
93.941141 	1942969.3
94.29298 	1935025.9
96.052178 	1895308.1
96.404017 	1887364.4
96.755857 	1879420.8
97.459536 	1863533.4
97.811375 	1855589.7
98.163215 	1847646
98.515054 	1839702.3
99.922412 	1807927.5
100.27425 	1799983.8
100.62609 	1792040.2
101.32977 	1776152.9
102.03345 	1760265.6
102.38529 	1752322
103.79265 	1720547.6
104.14449 	1712604
104.49633 	1704660.4
105.2 	1688773.2
105.90368 	1672886
106.25552 	1664942.3
106.60736 	1656998.6
108.01472 	1625223.7
108.36656 	1617279.9
108.7184 	1609336
109.07024 	1601392.1
109.77392 	1585504.2
110.12576 	1577560.2
110.82944 	1561672.1
111.18128 	1553727.9
111.53311 	1545783.7
111.88495 	1537839.4
112.58863 	1521950.8
112.94047 	1514006.3
113.29231 	1506061.9
113.64415 	1498117.3
113.99599 	1490172.7
114.34783 	1482228.1
114.69967 	1474283.4
115.05151 	1466338.6
115.40335 	1458393.8
115.75519 	1450448.9
116.45887 	1434559
116.81071 	1426614
117.16255 	1418668.9
117.51439 	1410723.7
118.21806 	1394833.3
118.5699 	1386888
118.92174 	1378942.7
119.27358 	1370997.4
119.62542 	1363051.9
119.97726 	1355106.5
120.3291 	1347161
120.68094 	1339215.5
121.03278 	1331270
121.38462 	1323324.4
121.73646 	1315378.8
122.0883 	1307433.2
122.79198 	1291541.9
123.14382 	1283596.2
123.49566 	1275650.5
123.8475 	1267704.8
124.19934 	1259759.1
124.55118 	1251813.4
124.90302 	1243867.7
125.25485 	1235921.9
125.60669 	1227976.2
126.66221 	1204139.2
127.01405 	1196193.5
127.36589 	1188247.9
127.71773 	1180302.3
128.06957 	1172356.7
128.42141 	1164411.1
128.77325 	1156465.5
129.12509 	1148520
129.47693 	1140574.5
130.18061 	1124683.7
130.53245 	1116738.3
130.88429 	1108792.9
131.23613 	1100847.6
132.29164 	1077012
132.64348 	1069066.9
132.99532 	1061121.8
133.699 	1045231.8
134.05084 	1037286.9
134.40268 	1029342
134.75452 	1021397.2
135.4582 	1005507.7
135.81004 	997563.08
136.16188 	989618.48
136.51372 	981673.92
136.86556 	973729.42
137.56924 	957840.57
137.92108 	949896.22
138.27292 	941951.93
138.97659 	926063.5
139.68027 	910175.27
140.03211 	902231.23
140.38395 	894287.23
140.73579 	886343.29
141.08763 	878399.4
141.43947 	870455.55
141.79131 	862511.74
142.14315 	854567.98
142.49499 	846624.27
142.84683 	838680.6
144.25419 	806906.32
145.3097 	783076.01
145.66154 	775132.65
146.01338 	767189.32
146.36522 	759246.02
146.71706 	751302.75
147.0689 	743359.52
147.42074 	735416.31
148.12442 	719529.98
148.8281 	703643.75
149.17994 	695700.68
149.88362 	679814.59
150.23546 	671871.58
150.5873 	663928.6
151.29098 	648042.68
151.99465 	632156.83
152.69833 	616271.05
153.05017 	608328.18
153.40201 	600385.32
153.75385 	592442.48
154.45753 	576556.83
154.80937 	568614.03
155.16121 	560671.23
155.51305 	552728.45
155.86489 	544785.67
156.21673 	536842.9
156.56857 	528900.15
157.62409 	505071.92
157.97593 	497129.2
158.32777 	489186.48
158.67961 	481243.77
159.03144 	473301.06
159.38328 	465358.36
159.73512 	457415.67
160.08696 	449472.98
160.4388 	441530.3
160.79064 	433587.62
161.14248 	425644.95
161.49432 	417702.28
161.84616 	409759.62
162.90168 	385931.67
163.25352 	377989.03
163.9572 	362103.76
164.30904 	354161.13
164.66088 	346218.51
165.01272 	338275.89
165.71639 	322390.67
166.06823 	314448.07
167.12375 	290620.29
167.47559 	282677.71
167.82743 	274735.13
168.17927 	266792.56
168.53111 	258849.99
169.23479 	242964.88
169.58663 	235022.33
169.93847 	227079.78
170.64215 	211194.72
170.99399 	203252.19
171.34583 	195309.68
171.69767 	187367.16
172.04951 	179424.66
172.40134 	171482.16
172.75318 	163539.67
173.10502 	155597.19
174.16054 	131769.78
174.51238 	123827.32
174.86422 	115884.87
