0 	8072285.4
6.4128257 	7937358.1
34.468938 	7448383.5
37.675351 	7368637.4
40.881764 	7292738.7
50.501002 	7056059.2
53.707415 	7029357.7
62.52505 	7006487.1
65.731463 	6929813.6
68.937876 	6848960.7
69.739479 	6828762.9
96.993988 	6153392.9
103.40681 	6036344.9
106.61323 	5959556.6
116.23246 	5772294.7
123.44689 	5684689.8
125.05 	5648682.1
125.8517 	5630512.7
128.25651 	5578478.6
131.46293 	5523014.2
151.50301 	5018881.8
153.90782 	4956662.7
156.31263 	4896144.9
159.51904 	4822063.2
166.73347 	4802008.7
169.13828 	4800712.8
175.5511 	4803040.2
176.35271 	4802928.6
187.57515 	4799267.4
190.78156 	4798850.7
200.4008 	4797958
201.2024 	4797408.3
202.00401 	4797092.7
202.80561 	4796871.9
203.60721 	4796558.6
204.40882 	4796207.1
205.21042 	4795896
206.01202 	4795587.4
206.81363 	4795184.6
207.61523 	4794717.3
208.41683 	4794495.5
209.21844 	4794453.6
210.02004 	4794282.4
210.82164 	4794021.4
211.62325 	4793900.8
212.42485 	4793797.3
213.22645 	4793725.1
214.02806 	4793612.6
214.82966 	4793473.9
215.63126 	4793340.5
216.43287 	4793179.8
217.23447 	4793022.9
218.03607 	4792853.2
219.63928 	4792455.3
220.44088 	4792274.4
221.24248 	4792150.2
222.04409 	4792087.2
222.84569 	4792001
223.64729 	4791890.2
224.4489 	4791819.6
225.2505 	4791687.7
226.0521 	4791543.1
227.65531 	4791391.4
228.45691 	4791180.7
229.25852 	4791100.1
230.86172 	4790881.2
231.66333 	4790708
232.46493 	4790535.6
234.06814 	4790284.5
234.86974 	4789963.9
235.67134 	4789647.3
236.47295 	4789338.7
237.27455 	4789112.2
238.07615 	4788931.2
238.87776 	4788650.4
239.67936 	4788254.3
240.48096 	4787644.2
241.28257 	4786544.8
242.08417 	4784329.3
242.88577 	4779826.5
243.68737 	4770682
244.48898 	4754452.2
245.29058 	4732515.7
246.09218 	4708601.7
246.89379 	4684545.5
247.69539 	4660541.1
248.49699 	4636550.2
249.2986 	4612561.8
250.1002 	4588575.6
250.9018 	4564590.4
251.70341 	4540605
252.50501 	4516619.5
253.30661 	4492634.6
254.10822 	4468651.1
254.90982 	4444669.6
255.71142 	4420690.3
256.51303 	4396713.2
257.31463 	4372737.4
258.11623 	4348762
258.91784 	4324786.4
259.71944 	4300809.7
260.52104 	4276831.8
261.32265 	4252852.2
262.12425 	4228871
262.92585 	4204887.8
263.72745 	4180902.5
264.52906 	4156914.9
265.33066 	4132924.8
266.13226 	4108932.3
266.93387 	4084937.7
267.73547 	4060941.5
268.53707 	4036944
269.33868 	4012945.6
270.14028 	3988946.3
270.94188 	3964945.7
271.74349 	3940943.3
272.54509 	3916938.4
273.34669 	3892930.6
274.1483 	3868919.4
274.9499 	3844904.7
274.95 	3844901.7
275.7515 	3820886.7
276.55311 	3796865.7
277.35471 	3772842.2
278.95792 	3724789.8
279.75952 	3700761.7
280.56112 	3676732.6
281.36273 	3652702.7
282.16433 	3628671.5
282.96593 	3604638.8
283.76754 	3580604
284.56914 	3556566.6
285.37074 	3532526.2
286.17234 	3508482.8
286.97395 	3484436.6
288.57715 	3436338.3
289.37876 	3412287.6
290.18036 	3388236.8
290.98196 	3364186
291.78357 	3340135.6
292.58517 	3316085.5
293.38677 	3292035.9
294.18838 	3267986.9
294.98998 	3243938.6
295.79158 	3219891.3
296.59319 	3195845.2
297.39479 	3171800.4
298.19639 	3147757.1
298.998 	3123715.3
299.7996 	3099675
300.6012 	3075636.4
301.40281 	3051599.5
302.20441 	3027564.5
303.00601 	3003531.5
303.80762 	2979500.6
304.60922 	2955472.1
306.21242 	2907422.5
307.01403 	2883401.5
307.81563 	2859383
308.61723 	2835367.1
309.41884 	2811353.5
310.22044 	2787342.3
311.02204 	2763333.2
311.82365 	2739326.2
312.62525 	2715321.1
313.42685 	2691317.6
314.22846 	2667315.6
315.03006 	2643314.8
315.83166 	2619315
316.63327 	2595316
317.43487 	2571317.6
318.23647 	2547319.6
319.03808 	2523321.9
319.83968 	2499324.6
320.64128 	2475327.4
321.44289 	2451330.6
322.24449 	2427334.1
323.04609 	2403338.1
323.8477 	2379342.6
324.6493 	2355347.7
325.4509 	2331353.3
326.25251 	2307359.4
327.05411 	2283366
327.85571 	2259373
328.65731 	2235380.2
329.45892 	2211387.4
330.26052 	2187394.4
331.06212 	2163401.2
331.86373 	2139407.6
332.66533 	2115413.5
333.46693 	2091418.9
334.26854 	2067423.8
335.07014 	2043428.3
335.87174 	2019432.5
336.67335 	1995436.6
337.47495 	1971440.7
338.27655 	1947444.9
339.07816 	1923449.5
339.87976 	1899454.5
340.68136 	1875460
341.48297 	1851466
342.28457 	1827472.3
343.08617 	1803478.9
343.88778 	1779485.7
344.68938 	1755492.4
345.49098 	1731499
346.29259 	1707505.3
347.09419 	1683511.1
347.89579 	1659516.4
348.69739 	1635521.2
349.499 	1611525.3
350.3006 	1587528.9
351.1022 	1563532.1
351.90381 	1539534.9
352.70541 	1515537.6
353.50701 	1491540.3
354.30862 	1467543.3
355.11022 	1443546.9
355.91182 	1419551.3
356.71343 	1395556.8
357.51503 	1371563.7
358.31663 	1347572
359.11824 	1323582.1
359.91984 	1299593.9
360.72144 	1275607.5
361.52305 	1251622.8
362.32465 	1227639.8
363.12625 	1203658.3
363.92786 	1179678.1
364.72946 	1155698.8
365.53106 	1131720.1
366.33267 	1107741.6
367.13427 	1083762.9
367.93587 	1059783.6
368.73747 	1035803.3
369.53908 	1011821.6
370.34068 	987838.27
371.14228 	963853.03
371.94389 	939865.71
372.74549 	915876.26
373.54709 	891884.68
374.3487 	867891.08
375.1503 	843895.62
375.9519 	819898.51
376.75351 	795900.02
377.55511 	771900.41
379.15832 	723898.98
379.95992 	699897.66
381.56313 	651894.94
382.36473 	627893.88
383.16633 	603893.2
383.96794 	579892.98
384.76954 	555893.29
385.57114 	531894.17
386.37275 	507895.64
387.17435 	483897.71
387.97595 	459900.38
388.77756 	435903.63
389.57916 	411907.46
390.38076 	387911.85
391.18236 	363916.78
391.98397 	339922.25
392.78557 	315928.22
393.58717 	291934.7
394.38878 	267941.64
395.19038 	243949.03
395.99198 	219956.82
396.79359 	195964.97
397.59519 	171973.43
399.1984 	123991.02
400 	100584.34
