0 	3836446.9
0.35183948 	3828311.4
0.70367896 	3819754.4
1.0555184 	3811198.7
1.4073579 	3802644.3
1.7591974 	3794091.5
2.1110369 	3785541.3
2.4628764 	3776995.9
2.8147158 	3768456.4
3.1665553 	3759916.7
3.5183948 	3751342
3.8702343 	3742462.6
4.2220737 	3732045
4.9257527 	3720325.9
5.6294317 	3720400.6
5.9812711 	3720445.5
6.3331106 	3720462.6
8.092308 	3720480
8.795987 	3720164.6
9.1478265 	3720174.9
10.203345 	3720039.7
10.907024 	3718128.8
11.258863 	3711424
11.610703 	3703733.2
11.962542 	3695991.1
12.666221 	3680502.1
13.018061 	3672757.6
13.3699 	3665013
13.72174 	3657268.6
14.777258 	3634035.8
15.480937 	3618547.7
15.832777 	3610803.9
16.536456 	3595316.5
17.591974 	3572086.1
18.647492 	3548856.6
19.351171 	3533370.6
19.703011 	3525627.7
20.05485 	3517884.8
20.40669 	3510142.1
20.758529 	3502399.3
21.462208 	3486914.1
22.165887 	3471429
22.869566 	3455944
23.573245 	3440459.3
23.925085 	3432717
24.276924 	3424974.8
24.628764 	3417232.6
25.332442 	3401748.3
25.684282 	3394006.2
26.387961 	3378522.2
26.7398 	3370780.3
27.09164 	3363038.4
27.443479 	3355296.6
27.795319 	3347554.9
28.147158 	3339813.2
28.850837 	3324329.9
29.202677 	3316588.4
29.554516 	3308846.9
29.906356 	3301105.5
30.258195 	3293364.1
30.610035 	3285622.8
30.961874 	3277881.6
31.665553 	3262399.3
32.017393 	3254658.2
32.369232 	3246917.2
32.721072 	3239176.3
33.072911 	3231435.4
33.424751 	3223694.6
33.77659 	3215953.9
34.128429 	3208213.2
34.480269 	3200472.6
34.832108 	3192732
35.183948 	3184991.5
35.535787 	3177251.1
35.887627 	3169510.7
36.239466 	3161770.4
36.591306 	3154030.1
37.294985 	3138549.8
37.646824 	3130809.7
37.998664 	3123069.7
38.702343 	3107589.8
39.406022 	3092110.2
39.757861 	3084370.5
41.165219 	3053412.1
41.517059 	3045672.7
41.868898 	3037933.3
42.220737 	3030193.9
42.924416 	3014715.4
43.276256 	3006976.1
43.628095 	2999237
43.979935 	2991497.9
44.683614 	2976019.8
45.035453 	2968280.8
45.387293 	2960541.9
46.090972 	2945064.2
46.442811 	2937325.4
47.14649 	2921847.9
47.49833 	2914109.2
48.202009 	2898632
48.553848 	2890893.4
49.257527 	2875416.4
49.609367 	2867677.9
49.961206 	2859939.5
50.313045 	2852201.1
50.664885 	2844462.7
51.016724 	2836724.4
51.720403 	2821247.8
52.072243 	2813509.5
52.424082 	2805771.3
52.775922 	2798033.1
53.127761 	2790295
54.18328 	2767080.7
54.535119 	2759342.7
54.886959 	2751604.7
55.238798 	2743866.7
55.590638 	2736128.8
55.942477 	2728390.9
56.997996 	2705177.4
57.349835 	2697439.6
57.701675 	2689701.9
58.053514 	2681964.2
58.405354 	2674226.6
58.757193 	2666489
59.109032 	2658751.4
59.460872 	2651013.8
60.164551 	2635538.9
60.51639 	2627801.5
60.86823 	2620064.1
61.220069 	2612326.8
61.571909 	2604589.6
61.923748 	2596852.4
62.275588 	2589115.2
62.627427 	2581378.1
62.979267 	2573641.1
63.331106 	2565904.1
63.682946 	2558167.1
64.034785 	2550430.3
64.386625 	2542693.5
64.738464 	2534956.7
65.442143 	2519483.4
65.793983 	2511746.8
66.497662 	2496273.9
67.55318 	2473065
68.256859 	2457592.8
68.608698 	2449856.8
69.312377 	2434385
70.016056 	2418913.5
70.367896 	2411177.8
70.719735 	2403442.3
71.071575 	2395706.8
71.423414 	2387971.3
72.830772 	2357030.4
73.182612 	2349295.3
73.534451 	2341560.3
73.886291 	2333825.4
74.941809 	2310621.1
75.293648 	2302886.4
75.645488 	2295151.8
75.997327 	2287417.3
77.052846 	2264214.2
77.404685 	2256479.9
77.756525 	2248745.7
78.460204 	2233277.5
78.812043 	2225543.4
79.163883 	2217809.5
80.219401 	2194607.9
81.27492 	2171406.7
81.626759 	2163673.1
81.978599 	2155939.5
82.330438 	2148205.9
82.682278 	2140472.4
83.034117 	2132738.9
83.385957 	2125005.5
83.737796 	2117272.1
84.089635 	2109538.7
84.441475 	2101805.4
85.496993 	2078605.6
86.552512 	2055406
86.904351 	2047672.9
89.015388 	2001274.6
89.367228 	1993541.6
90.070907 	1978075.6
90.422746 	1970342.7
90.774586 	1962609.8
91.126425 	1954876.9
91.478265 	1947144
91.830104 	1939411.1
92.533783 	1923945.4
93.237462 	1908479.7
93.589301 	1900746.9
93.941141 	1893014.1
94.29298 	1885281.3
96.052178 	1846617.5
96.404017 	1838884.8
96.755857 	1831152.1
97.459536 	1815686.8
97.811375 	1807954.2
98.163215 	1800221.5
98.515054 	1792488.9
99.922412 	1761558.7
100.27425 	1753826.2
100.62609 	1746093.7
101.32977 	1730628.8
102.03345 	1715164
102.38529 	1707431.6
103.79265 	1676502.5
104.14449 	1668770.3
104.49633 	1661038.2
105.2 	1645574
105.90368 	1630109.9
106.25552 	1622377.9
106.60736 	1614646
108.01472 	1583718.7
108.36656 	1575987
108.7184 	1568255.4
109.07024 	1560523.8
109.77392 	1545060.7
110.12576 	1537329.2
110.82944 	1521866.5
111.18128 	1514135.2
111.53311 	1506403.9
111.88495 	1498672.8
112.58863 	1483210.5
112.94047 	1475479.5
113.29231 	1467748.6
113.64415 	1460017.7
113.99599 	1452286.8
114.34783 	1444556
114.69967 	1436825.3
115.05151 	1429094.6
115.40335 	1421364
115.75519 	1413633.5
116.45887 	1398172.5
116.81071 	1390442.2
117.16255 	1382711.8
117.51439 	1374981.6
118.21806 	1359521.3
118.5699 	1351791.2
118.92174 	1344061.2
119.27358 	1336331.2
119.62542 	1328601.3
119.97726 	1320871.4
120.3291 	1313141.7
120.68094 	1305411.9
121.03278 	1297682.3
121.38462 	1289952.6
121.73646 	1282223.1
122.0883 	1274493.6
122.79198 	1259034.7
123.14382 	1251305.4
123.49566 	1243576.1
123.8475 	1235846.8
124.19934 	1228117.7
124.55118 	1220388.5
124.90302 	1212659.4
125.25485 	1204930.4
125.60669 	1197201.4
126.66221 	1174014.7
127.01405 	1166285.9
127.36589 	1158557.2
127.71773 	1150828.5
128.06957 	1143099.8
128.42141 	1135371.2
128.77325 	1127642.6
129.12509 	1119914.1
129.47693 	1112185.6
130.18061 	1096728.7
130.53245 	1089000.3
130.88429 	1081272
131.23613 	1073543.7
132.29164 	1050359
132.64348 	1042630.8
132.99532 	1034902.7
133.699 	1019446.6
134.05084 	1011718.5
134.40268 	1003990.5
134.75452 	996262.57
135.4582 	980806.74
135.81004 	973078.87
136.16188 	965351.02
136.51372 	957623.21
136.86556 	949895.43
137.56924 	934439.95
137.92108 	926712.25
138.27292 	918984.57
138.97659 	903529.31
139.68027 	888074.15
140.03211 	880346.61
140.38395 	872619.1
140.73579 	864891.61
141.08763 	857164.14
141.43947 	849436.71
141.79131 	841709.29
142.14315 	833981.9
142.49499 	826254.54
142.84683 	818527.2
144.25419 	787618.08
145.3097 	764436.49
145.66154 	756709.35
146.01338 	748982.22
146.36522 	741255.12
146.71706 	733528.04
147.0689 	725800.99
147.42074 	718073.96
148.12442 	702619.97
148.8281 	687166.08
149.17994 	679439.17
149.88362 	663985.41
150.23546 	656258.57
150.5873 	648531.75
151.29098 	633078.18
151.99465 	617624.7
152.69833 	602171.31
153.05017 	594444.65
153.40201 	586718.01
153.75385 	578991.4
154.45753 	563538.23
154.80937 	555811.69
155.16121 	548085.16
155.51305 	540358.65
155.86489 	532632.17
156.21673 	524905.7
156.56857 	517179.26
157.62409 	494000.06
157.97593 	486273.7
158.32777 	478547.36
158.67961 	470821.03
159.03144 	463094.73
159.38328 	455368.45
159.73512 	447642.19
160.08696 	439915.94
160.4388 	432189.71
160.79064 	424463.51
161.14248 	416737.32
161.49432 	409011.14
161.84616 	401284.99
162.90168 	378106.62
163.25352 	370380.53
163.9572 	354928.4
164.30904 	347202.36
164.66088 	339476.33
165.01272 	331750.32
165.71639 	316298.33
166.06823 	308572.36
167.12375 	285394.53
167.47559 	277668.62
167.82743 	269942.71
168.17927 	262216.82
168.53111 	254490.94
169.23479 	239039.22
169.58663 	231313.37
169.93847 	223587.54
170.64215 	208135.9
170.99399 	200410.1
171.34583 	192684.31
171.69767 	184958.53
172.04951 	177232.76
172.40134 	169506.99
172.75318 	161781.24
173.10502 	154055.5
174.16054 	130878.32
174.51238 	123152.61
174.86422 	115426.91
