0 	8597900.1
6.4128257 	8519362
34.468938 	7910815.4
37.675351 	7831517.2
40.881764 	7768400.7
50.501002 	7643895.7
53.707415 	7578819.9
62.52505 	7441892.2
65.731463 	7370166.1
68.937876 	7293019.9
69.739479 	7274877
96.993988 	6674931.3
103.40681 	6529633.4
106.61323 	6449964
116.23246 	6204331.8
123.44689 	6047018.7
125.05 	6041089
125.8517 	6040131.3
128.25651 	6039622.5
131.46293 	6039394.5
151.50301 	6036498.3
153.90782 	6036137.8
156.31263 	6035866.5
159.51904 	6034910.6
166.73347 	6034533.3
169.13828 	6032706.1
175.5511 	6027834.2
176.35271 	6026493.2
187.57515 	5769756.3
190.78156 	5684082.4
200.4008 	5428943
201.2024 	5407823.9
202.00401 	5386723.4
202.80561 	5365638.8
203.60721 	5344566.9
204.40882 	5323504
205.21042 	5302445.8
206.01202 	5281387.5
206.81363 	5260324.1
207.61523 	5239250.6
208.41683 	5218162.3
209.21844 	5197054.8
210.02004 	5175924
210.82164 	5154766.7
211.62325 	5133579.9
212.42485 	5112361.6
213.22645 	5091110.2
214.02806 	5069824.7
214.82966 	5048504.8
215.63126 	5027150.9
216.43287 	5005764.2
217.23447 	4984346.4
218.03607 	4962899.8
219.63928 	4919932.3
220.44088 	4898418.3
221.24248 	4876889.1
222.04409 	4855348.6
222.84569 	4833800.5
223.64729 	4812248.4
224.4489 	4790695.5
225.2505 	4769145
226.0521 	4747599.3
227.65531 	4704531.4
228.45691 	4683012.7
229.25852 	4661505.9
230.86172 	4618531.9
231.66333 	4597065.6
232.46493 	4575613.2
234.06814 	4532748.5
234.86974 	4511335
235.67134 	4489932.7
236.47295 	4468540.7
237.27455 	4447157.6
238.07615 	4425782.3
238.87776 	4404413.3
239.67936 	4383049.2
240.48096 	4361688.5
241.28257 	4340329.9
242.08417 	4318972.1
242.88577 	4297613.6
243.68737 	4276253.3
244.48898 	4254890.2
245.29058 	4233523.3
246.09218 	4212151.8
246.89379 	4190775.1
247.69539 	4169392.8
248.49699 	4148004.3
249.2986 	4126609.6
250.1002 	4105208.6
250.9018 	4083801.2
251.70341 	4062387.7
252.50501 	4040968.2
253.30661 	4019543.1
254.10822 	3998112.7
254.90982 	3976677.4
255.71142 	3955237.5
256.51303 	3933793.6
257.31463 	3912346
258.11623 	3890895.1
258.91784 	3869441.3
259.71944 	3847985
260.52104 	3826526.7
261.32265 	3805066.7
262.12425 	3783605.5
262.92585 	3762143.6
263.72745 	3740681.3
264.52906 	3719219.1
265.33066 	3697757.5
266.13226 	3676296.6
266.93387 	3654837.1
267.73547 	3633379
268.53707 	3611922.8
269.33868 	3590468.6
270.14028 	3569016.7
270.94188 	3547567.1
271.74349 	3526119.9
272.54509 	3504675.3
273.34669 	3483233.3
274.1483 	3461793.8
274.9499 	3440357
274.95 	3440354.3
275.7515 	3418922.7
276.55311 	3397490.9
277.35471 	3376061.6
278.95792 	3333210.2
279.75952 	3311787.9
280.56112 	3290367.7
281.36273 	3268949.3
282.16433 	3247532.5
282.96593 	3226117.2
283.76754 	3204702.9
284.56914 	3183289.5
285.37074 	3161876.7
286.17234 	3140464.3
286.97395 	3119051.9
288.57715 	3076227
289.37876 	3054814.1
290.18036 	3033400.8
290.98196 	3011987.1
291.78357 	2990572.8
292.58517 	2969158
293.38677 	2947742.6
294.18838 	2926326.6
294.98998 	2904909.9
295.79158 	2883492.4
296.59319 	2862074.2
297.39479 	2840655.2
298.19639 	2819235.3
298.998 	2797814.5
299.7996 	2776392.8
300.6012 	2754970.2
301.40281 	2733546.6
302.20441 	2712122.2
303.00601 	2690696.9
303.80762 	2669270.7
304.60922 	2647843.9
306.21242 	2604988.3
307.01403 	2583559.8
307.81563 	2562130.9
308.61723 	2540701.8
309.41884 	2519272.7
310.22044 	2497843.5
311.02204 	2476414.5
311.82365 	2454985.7
312.62525 	2433557.1
313.42685 	2412128.9
314.22846 	2390701.1
315.03006 	2369273.5
315.83166 	2347846.4
316.63327 	2326419.5
317.43487 	2304992.9
318.23647 	2283566.5
319.03808 	2262140.1
319.83968 	2240713.9
320.64128 	2219287.5
321.44289 	2197861.1
322.24449 	2176434.5
323.04609 	2155007.7
323.8477 	2133580.6
324.6493 	2112153.2
325.4509 	2090725.5
326.25251 	2069297.5
327.05411 	2047869.2
327.85571 	2026440.6
328.65731 	2005011.8
329.45892 	1983582.7
330.26052 	1962153.6
331.06212 	1940724.3
331.86373 	1919295.1
332.66533 	1897866.1
333.46693 	1876437.3
334.26854 	1855008.8
335.07014 	1833580.9
335.87174 	1812153.6
336.67335 	1790727.1
337.47495 	1769301.5
338.27655 	1747877
339.07816 	1726453.7
339.87976 	1705031.7
340.68136 	1683611.2
341.48297 	1662192.4
342.28457 	1640775.3
343.08617 	1619360
343.88778 	1597946.6
344.68938 	1576535.1
345.49098 	1555125.6
346.29259 	1533718.2
347.09419 	1512312.7
347.89579 	1490909.3
348.69739 	1469507.8
349.499 	1448108.2
350.3006 	1426710.4
351.1022 	1405314.5
351.90381 	1383920.2
352.70541 	1362527.4
353.50701 	1341136.1
354.30862 	1319746.2
355.11022 	1298357.4
355.91182 	1276969.7
356.71343 	1255582.9
357.51503 	1234196.8
358.31663 	1212811.3
359.11824 	1191426.1
359.91984 	1170041.2
360.72144 	1148656.2
361.52305 	1127271.1
362.32465 	1105885.5
363.12625 	1084499.5
363.92786 	1063112.7
364.72946 	1041725.1
365.53106 	1020336.4
366.33267 	998946.57
367.13427 	977555.47
367.93587 	956162.99
368.73747 	934769.05
369.53908 	913373.59
370.34068 	891976.57
371.14228 	870577.97
371.94389 	849177.81
372.74549 	827776.12
373.54709 	806372.96
374.3487 	784968.41
375.1503 	763562.57
375.9519 	742155.54
376.75351 	720747.48
377.55511 	699338.51
379.15832 	656518.51
379.95992 	635107.8
381.56313 	592285.77
382.36473 	570874.78
383.16633 	549464.01
383.96794 	528053.58
384.76954 	506643.64
385.57114 	485234.29
386.37275 	463825.62
387.17435 	442417.73
387.97595 	421010.66
388.77756 	399604.47
389.57916 	378199.18
390.38076 	356794.82
391.18236 	335391.37
391.98397 	313988.81
392.78557 	292587.12
393.58717 	271186.24
394.38878 	249786.13
395.19038 	228386.71
395.99198 	206987.91
396.79359 	185589.64
397.59519 	164191.81
399.1984 	121397.1
400 	100521.15
