0 	9853453.7
6.4128257 	9751713.3
34.468938 	9102960.7
37.675351 	9024030.3
40.881764 	8945098.1
50.501002 	8708322.1
53.707415 	8629397.6
62.52505 	8412278
65.731463 	8333283.4
68.937876 	8254265.9
69.739479 	8234508.3
96.993988 	7562392.8
103.40681 	7404259.7
106.61323 	7325212
116.23246 	7088145.3
123.44689 	6910400.4
125.05 	6870909.6
125.8517 	6851161.3
128.25651 	6791927.3
131.46293 	6712957
151.50301 	6219486.1
153.90782 	6160259.4
156.31263 	6101027.7
159.51904 	6022044.4
166.73347 	5844304.8
169.13828 	5785052.3
175.5511 	5627040.1
176.35271 	5607288.5
187.57515 	5330782.5
190.78156 	5251790.1
200.4008 	5014845.4
201.2024 	4995102.1
202.00401 	4975359.2
202.80561 	4955616.4
203.60721 	4935874
204.40882 	4916131.8
205.21042 	4896389.9
206.01202 	4876648.2
206.81363 	4856906.7
207.61523 	4837165.5
208.41683 	4817424.4
209.21844 	4797683.5
210.02004 	4777942.8
210.82164 	4758202.2
211.62325 	4738461.8
212.42485 	4718721.5
213.22645 	4698981.3
214.02806 	4679241.2
214.82966 	4659501.2
215.63126 	4639761.3
216.43287 	4620021.5
217.23447 	4600281.7
218.03607 	4580542
219.63928 	4541062.7
220.44088 	4521323.1
221.24248 	4501583.5
222.04409 	4481843.9
222.84569 	4462104.3
223.64729 	4442364.7
224.4489 	4422625.2
225.2505 	4402885.6
226.0521 	4383146
227.65531 	4343666.8
228.45691 	4323927.2
229.25852 	4304187.6
230.86172 	4264708.3
231.66333 	4244968.7
232.46493 	4225229
234.06814 	4185749.6
234.86974 	4166010
235.67134 	4146270.3
236.47295 	4126530.6
237.27455 	4106790.9
238.07615 	4087051.3
238.87776 	4067311.7
239.67936 	4047572.1
240.48096 	4027832.5
241.28257 	4008093
242.08417 	3988353.5
242.88577 	3968614.1
243.68737 	3948874.7
244.48898 	3929135.5
245.29058 	3909396.2
246.09218 	3889657.1
246.89379 	3869918
247.69539 	3850179.1
248.49699 	3830440.2
249.2986 	3810701.4
250.1002 	3790962.8
250.9018 	3771224.2
251.70341 	3751485.8
252.50501 	3731747.5
253.30661 	3712009.4
254.10822 	3692271.3
254.90982 	3672533.5
255.71142 	3652795.7
256.51303 	3633058.1
257.31463 	3613320.7
258.11623 	3593583.4
258.91784 	3573846.3
259.71944 	3554109.3
260.52104 	3534372.5
261.32265 	3514635.9
262.12425 	3494899.4
262.92585 	3475163
263.72745 	3455426.9
264.52906 	3435690.9
265.33066 	3415955
266.13226 	3396219.3
266.93387 	3376483.7
267.73547 	3356748.3
268.53707 	3337013
269.33868 	3317277.9
270.14028 	3297542.9
270.94188 	3277808
271.74349 	3258073.2
272.54509 	3238338.6
273.34669 	3218604
274.1483 	3198869.6
274.9499 	3179135.2
274.95 	3179132.7
275.7515 	3159400.9
276.55311 	3139666.7
277.35471 	3119932.5
278.95792 	3080464.3
279.75952 	3060730.3
280.56112 	3040996.2
281.36273 	3021262.2
282.16433 	3001528.2
282.96593 	2981794.1
283.76754 	2962060
284.56914 	2942325.9
285.37074 	2922591.7
286.17234 	2902857.4
286.97395 	2883123.1
288.57715 	2843654.1
289.37876 	2823919.4
290.18036 	2804184.7
290.98196 	2784449.8
291.78357 	2764714.7
292.58517 	2744979.5
293.38677 	2725244.2
294.18838 	2705508.6
294.98998 	2685772.9
295.79158 	2666037
296.59319 	2646300.9
297.39479 	2626564.6
298.19639 	2606828.1
298.998 	2587091.4
299.7996 	2567354.5
300.6012 	2547617.4
301.40281 	2527880
302.20441 	2508142.4
303.00601 	2488404.6
303.80762 	2468666.6
304.60922 	2448928.3
306.21242 	2409451
307.01403 	2389712.1
307.81563 	2369972.9
308.61723 	2350233.5
309.41884 	2330493.8
310.22044 	2310754
311.02204 	2291013.9
311.82365 	2271273.6
312.62525 	2251533.1
313.42685 	2231792.4
314.22846 	2212051.5
315.03006 	2192310.4
315.83166 	2172569.1
316.63327 	2152827.7
317.43487 	2133086
318.23647 	2113344.2
319.03808 	2093602.3
319.83968 	2073860.2
320.64128 	2054117.9
321.44289 	2034375.5
322.24449 	2014633
323.04609 	1994890.4
323.8477 	1975147.6
324.6493 	1955404.8
325.4509 	1935661.8
326.25251 	1915918.8
327.05411 	1896175.7
327.85571 	1876432.5
328.65731 	1856689.2
329.45892 	1836945.9
330.26052 	1817202.6
331.06212 	1797459.2
331.86373 	1777715.8
332.66533 	1757972.4
333.46693 	1738229
334.26854 	1718485.6
335.07014 	1698742.2
335.87174 	1678998.8
336.67335 	1659255.4
337.47495 	1639512.1
338.27655 	1619768.8
339.07816 	1600025.5
339.87976 	1580282.3
340.68136 	1560539.2
341.48297 	1540796.2
342.28457 	1521053.2
343.08617 	1501310.3
343.88778 	1481567.5
344.68938 	1461824.8
345.49098 	1442082.2
346.29259 	1422339.7
347.09419 	1402597.4
347.89579 	1382855.2
348.69739 	1363113.1
349.499 	1343371.1
350.3006 	1323629.3
351.1022 	1303887.6
351.90381 	1284146.1
352.70541 	1264404.8
353.50701 	1244663.6
354.30862 	1224922.6
355.11022 	1205181.7
355.91182 	1185441.1
356.71343 	1165700.6
357.51503 	1145960.3
358.31663 	1126220.2
359.11824 	1106480.3
359.91984 	1086740.5
360.72144 	1067001
361.52305 	1047261.7
362.32465 	1027522.6
363.12625 	1007783.6
363.92786 	988044.93
364.72946 	968306.43
365.53106 	948568.14
366.33267 	928830.06
367.13427 	909092.2
367.93587 	889354.55
368.73747 	869617.11
369.53908 	849879.89
370.34068 	830142.88
371.14228 	810406.08
371.94389 	790669.5
372.74549 	770933.13
373.54709 	751196.97
374.3487 	731461.02
375.1503 	711725.27
375.9519 	691989.74
376.75351 	672254.41
377.55511 	652519.28
379.15832 	613049.61
379.95992 	593315.07
381.56313 	553846.54
382.36473 	534112.56
383.16633 	514378.75
383.96794 	494645.11
384.76954 	474911.64
385.57114 	455178.33
386.37275 	435445.18
387.17435 	415712.19
387.97595 	395979.34
388.77756 	376246.63
389.57916 	356514.06
390.38076 	336781.62
391.18236 	317049.3
391.98397 	297317.1
392.78557 	277585
393.58717 	257853.01
394.38878 	238121.12
395.19038 	218389.32
395.99198 	198657.6
396.79359 	178925.96
397.59519 	159194.38
399.1984 	119731.41
400 	100480.58
