0 	6600272.9
6.4128257 	6509363.1
34.468938 	5955113
37.675351 	5874090.7
40.881764 	5798639.5
50.501002 	5561720.8
53.707415 	5490358.8
62.52505 	5297900
65.731463 	5242695.3
68.937876 	5237951.6
69.739479 	5236718.5
96.993988 	4682411.4
103.40681 	4678823
106.61323 	4654564.9
116.23246 	4418826.3
123.44689 	4231681.1
125.05 	4192564.8
125.8517 	4170149.8
128.25651 	4106007.4
131.46293 	4033708.5
151.50301 	3753848.7
153.90782 	3754787.7
156.31263 	3755733.5
159.51904 	3758510.1
166.73347 	3737699.9
169.13828 	3678139.4
175.5511 	3521119.8
176.35271 	3496200.9
187.57515 	3161243.3
190.78156 	3061902.3
200.4008 	2981694
201.2024 	2957476.2
202.00401 	2927366
202.80561 	2896014.6
203.60721 	2865441.2
204.40882 	2835201
205.21042 	2804730.8
206.01202 	2774400.9
206.81363 	2744551.4
207.61523 	2714625.8
208.41683 	2684897.2
209.21844 	2656101.9
210.02004 	2627423.7
210.82164 	2598201.7
211.62325 	2569601
212.42485 	2541466
213.22645 	2512711.2
214.02806 	2484539.1
214.82966 	2457672.5
215.63126 	2429836.6
216.43287 	2400405.1
217.23447 	2372370.4
218.03607 	2346599.8
219.63928 	2293972.8
220.44088 	2273213.8
221.24248 	2261413.6
222.04409 	2256033.5
222.84569 	2253738.3
223.64729 	2252799.4
224.4489 	2252481.9
225.2505 	2252419.6
226.0521 	2252497
227.65531 	2252905.8
228.45691 	2253135.2
229.25852 	2253286.9
230.86172 	2253549.4
231.66333 	2253595
232.46493 	2253507.4
234.06814 	2253207
234.86974 	2253095.6
235.67134 	2252942.5
236.47295 	2252753.4
237.27455 	2252575
238.07615 	2252277.7
238.87776 	2251893.9
239.67936 	2251572.1
240.48096 	2251375
241.28257 	2251280.4
242.08417 	2251259.5
242.88577 	2251293.3
243.68737 	2251388.1
244.48898 	2251538.5
245.29058 	2251665.8
246.09218 	2251728.4
246.89379 	2251795.7
247.69539 	2251899.4
248.49699 	2251955.2
249.2986 	2251909.7
250.1002 	2251803.8
250.9018 	2251706.9
251.70341 	2251658.5
252.50501 	2251663.4
253.30661 	2251719.6
254.10822 	2251845.8
254.90982 	2251994
255.71142 	2252101.1
256.51303 	2252166.8
257.31463 	2252215.2
258.11623 	2252262
258.91784 	2252330.9
259.71944 	2252439.9
260.52104 	2252545
261.32265 	2252581.6
262.12425 	2252545.2
262.92585 	2252498.9
263.72745 	2252551
264.52906 	2252754.7
265.33066 	2253079.1
266.13226 	2253332.8
266.93387 	2253346.5
267.73547 	2253181.1
268.53707 	2253016.8
269.33868 	2252974.2
270.14028 	2252994.1
270.94188 	2252898.6
271.74349 	2252644.7
272.54509 	2252294.6
273.34669 	2251937
274.1483 	2251588.1
274.9499 	2251241.8
274.95 	2251241.8
275.7515 	2250933.4
276.55311 	2250669.2
277.35471 	2250462.8
278.95792 	2250365.1
279.75952 	2250510.2
280.56112 	2250666.5
281.36273 	2250686.4
282.16433 	2250413.4
282.96593 	2249872.6
283.76754 	2249196.8
284.56914 	2248520.2
285.37074 	2247923.7
286.17234 	2247451.8
286.97395 	2247108.2
288.57715 	2246721.3
289.37876 	2246553.2
290.18036 	2246264.2
290.98196 	2245891.1
291.78357 	2245511
292.58517 	2245156.2
293.38677 	2244898.2
294.18838 	2244679.9
294.98998 	2244434.4
295.79158 	2244259.1
296.59319 	2244026.3
297.39479 	2243726.9
298.19639 	2243301.8
298.998 	2242816.1
299.7996 	2242454.7
300.6012 	2242069.1
301.40281 	2241701.7
302.20441 	2241393.8
303.00601 	2241146.2
303.80762 	2241004.5
304.60922 	2240979.8
306.21242 	2240613
307.01403 	2240260
307.81563 	2239887.7
308.61723 	2239536.7
309.41884 	2239170
310.22044 	2238805
311.02204 	2238458.6
311.82365 	2238143.4
312.62525 	2237862.8
313.42685 	2237600.8
314.22846 	2237332.3
315.03006 	2237061.1
315.83166 	2236780.2
316.63327 	2236281.5
317.43487 	2235720
318.23647 	2235264.5
319.03808 	2234758.4
319.83968 	2234226.4
320.64128 	2233779.4
321.44289 	2233541.1
322.24449 	2233495.7
323.04609 	2233664.8
323.8477 	2233325.9
324.6493 	2232424
325.4509 	2231442
326.25251 	2230416.6
327.05411 	2229199.6
327.85571 	2228242.9
328.65731 	2227549.2
329.45892 	2227237.8
330.26052 	2227142.5
331.06212 	2227162.7
331.86373 	2226659.7
332.66533 	2226118.1
333.46693 	2225534.4
334.26854 	2225055.6
335.07014 	2224825.8
335.87174 	2224607
336.67335 	2224145.8
337.47495 	2223492
338.27655 	2222807.4
339.07816 	2222312.4
339.87976 	2221795
340.68136 	2221149
341.48297 	2220590.3
342.28457 	2219920.7
343.08617 	2219047.2
343.88778 	2217708.2
344.68938 	2216663
345.49098 	2215754.7
346.29259 	2215208.4
347.09419 	2214698.9
347.89579 	2213973.3
348.69739 	2213108.3
349.499 	2212126.9
350.3006 	2211074.9
351.1022 	2210043.5
351.90381 	2208907.1
352.70541 	2207592.6
353.50701 	2206104.4
354.30862 	2204544.6
355.11022 	2203008.8
355.91182 	2201544.4
356.71343 	2200205.9
357.51503 	2199014.4
358.31663 	2197409.3
359.11824 	2196012.8
359.91984 	2195236.9
360.72144 	2194320.1
361.52305 	2193337.2
362.32465 	2192372.2
363.12625 	2191301.4
363.92786 	2190490.6
364.72946 	2189551.1
365.53106 	2187995.2
366.33267 	2186793.1
367.13427 	2185723.6
367.93587 	2184627.6
368.73747 	2183507.1
369.53908 	2182386.7
370.34068 	2181300.2
371.14228 	2180589.9
371.94389 	2179815.8
372.74549 	2178761
373.54709 	2177638.7
374.3487 	2176463.8
375.1503 	2175235.1
375.9519 	2173954.5
376.75351 	2172635.9
377.55511 	2171296.4
379.15832 	2168523.3
379.95992 	2167077.1
381.56313 	2164137.9
382.36473 	2162606.8
383.16633 	2161086.5
383.96794 	2159693.7
384.76954 	2158502.2
385.57114 	2157380.5
386.37275 	2156010.3
387.17435 	2154285.3
387.97595 	2152403.7
388.77756 	2150658.4
389.57916 	2149252.9
390.38076 	2147960.6
391.18236 	2145693.5
391.98397 	2141733.8
392.78557 	2135910.3
393.58717 	2126661.5
394.38878 	2112098.2
395.19038 	2090445.8
395.99198 	2051879.2
396.79359 	1975127.6
397.59519 	1797435
399.1984 	802711.59
400 	118533.06
