0 	8643872.6
6.4128257 	8530737.7
34.468938 	8015074.8
37.675351 	7972172.1
40.881764 	7895634.2
50.501002 	7719251.5
53.707415 	7674576.7
62.52505 	7510606.6
65.731463 	7431149.8
68.937876 	7353216.9
69.739479 	7333647.5
96.993988 	6719598.3
103.40681 	6581604
106.61323 	6499776.9
116.23246 	6270931.2
123.44689 	6262355.7
125.05 	6261765.5
125.8517 	6261565
128.25651 	6261334.2
131.46293 	6260389.6
151.50301 	6252121.2
153.90782 	6251692.2
156.31263 	6251335
159.51904 	6252976.4
166.73347 	6251831.2
169.13828 	6240520.6
175.5511 	6079303.3
176.35271 	6057898.5
187.57515 	5758453.7
190.78156 	5672928
200.4008 	5416367.9
201.2024 	5394984.9
202.00401 	5373600.6
202.80561 	5352214.8
203.60721 	5330827.3
204.40882 	5309438.1
205.21042 	5288046.9
206.01202 	5266653.7
206.81363 	5245258.4
207.61523 	5223860.9
208.41683 	5202461.1
209.21844 	5181059.3
210.02004 	5159655.4
210.82164 	5138249.6
211.62325 	5116841.9
212.42485 	5095432.7
213.22645 	5074022
214.02806 	5052609.9
214.82966 	5031196.6
215.63126 	5009782.2
216.43287 	4988366.6
217.23447 	4966950
218.03607 	4945532.3
219.63928 	4902693.8
220.44088 	4881272.9
221.24248 	4859850.9
222.04409 	4838427.9
222.84569 	4817003.9
223.64729 	4795579.2
224.4489 	4774153.8
225.2505 	4752727.8
226.0521 	4731301.6
227.65531 	4688448.8
228.45691 	4667022.5
229.25852 	4645596.4
230.86172 	4602745.4
231.66333 	4581320.6
232.46493 	4559896.2
234.06814 	4517049.6
234.86974 	4495627.5
235.67134 	4474206.3
236.47295 	4452786.3
237.27455 	4431367.6
238.07615 	4409950.2
238.87776 	4388534.4
239.67936 	4367120.2
240.48096 	4345707.7
241.28257 	4324297.1
242.08417 	4302888.5
242.88577 	4281481.9
243.68737 	4260077.6
244.48898 	4238675.7
245.29058 	4217276.3
246.09218 	4195879.6
246.89379 	4174485.9
247.69539 	4153095.2
248.49699 	4131707.8
249.2986 	4110323.8
250.1002 	4088943.4
250.9018 	4067566.6
251.70341 	4046193.5
252.50501 	4024824.3
253.30661 	4003458.8
254.10822 	3982097.1
254.90982 	3960739
255.71142 	3939384.6
256.51303 	3918033.8
257.31463 	3896686.4
258.11623 	3875342.3
258.91784 	3854001.4
259.71944 	3832663.8
260.52104 	3811329.1
261.32265 	3789997.5
262.12425 	3768668.9
262.92585 	3747343.2
263.72745 	3726020.3
264.52906 	3704700.2
265.33066 	3683382.8
266.13226 	3662068.1
266.93387 	3640755.8
267.73547 	3619446
268.53707 	3598138.3
269.33868 	3576832.7
270.14028 	3555528.9
270.94188 	3534226.7
271.74349 	3512925.8
272.54509 	3491626.2
273.34669 	3470327.4
274.1483 	3449029.4
274.9499 	3427731.9
274.95 	3427729.2
275.7515 	3406434.8
276.55311 	3385137.9
277.35471 	3363841.2
278.95792 	3321247.6
279.75952 	3299950.6
280.56112 	3278653.5
281.36273 	3257356.1
282.16433 	3236058.4
282.96593 	3214760.4
283.76754 	3193462
284.56914 	3172163.2
285.37074 	3150864
286.17234 	3129564.4
286.97395 	3108264.2
288.57715 	3065662.4
289.37876 	3044360.7
290.18036 	3023058.4
290.98196 	3001755.5
291.78357 	2980452.1
292.58517 	2959148.2
293.38677 	2937843.9
294.18838 	2916539.1
294.98998 	2895233.9
295.79158 	2873928.5
296.59319 	2852622.9
297.39479 	2831317.1
298.19639 	2810011.3
298.998 	2788705.6
299.7996 	2767400
300.6012 	2746094.6
301.40281 	2724789.7
302.20441 	2703485.1
303.00601 	2682181
303.80762 	2660877.6
304.60922 	2639574.8
306.21242 	2596971.4
307.01403 	2575670.9
307.81563 	2554371.3
308.61723 	2533072.5
309.41884 	2511774.6
310.22044 	2490477.5
311.02204 	2469181.1
311.82365 	2447885.6
312.62525 	2426590.6
313.42685 	2405296.3
314.22846 	2384002.4
315.03006 	2362708.8
315.83166 	2341415.3
316.63327 	2320121.8
317.43487 	2298828.2
318.23647 	2277534.1
319.03808 	2256239.4
319.83968 	2234944
320.64128 	2213647.5
321.44289 	2192349.9
322.24449 	2171050.9
323.04609 	2149750.3
323.8477 	2128448
324.6493 	2107143.9
325.4509 	2085837.8
326.25251 	2064529.7
327.05411 	2043219.3
327.85571 	2021906.8
328.65731 	2000592
329.45892 	1979274.9
330.26052 	1957955.6
331.06212 	1936634
331.86373 	1915310.2
332.66533 	1893984.2
333.46693 	1872656.1
334.26854 	1851326
335.07014 	1829993.8
335.87174 	1808659.8
336.67335 	1787323.9
337.47495 	1765986.4
338.27655 	1744647.3
339.07816 	1723306.6
339.87976 	1701964.6
340.68136 	1680621.3
341.48297 	1659276.9
342.28457 	1637931.3
343.08617 	1616584.8
343.88778 	1595237.5
344.68938 	1573889.3
345.49098 	1552540.5
346.29259 	1531191.1
347.09419 	1509841.1
347.89579 	1488490.7
348.69739 	1467139.9
349.499 	1445788.7
350.3006 	1424437.2
351.1022 	1403085.5
351.90381 	1381733.5
352.70541 	1360381.4
353.50701 	1339029.1
354.30862 	1317676.7
355.11022 	1296324.2
355.91182 	1274971.5
356.71343 	1253618.9
357.51503 	1232266.1
358.31663 	1210913.3
359.11824 	1189560.5
359.91984 	1168207.6
360.72144 	1146854.7
361.52305 	1125501.8
362.32465 	1104148.7
363.12625 	1082795.7
363.92786 	1061442.5
364.72946 	1040089.2
365.53106 	1018735.7
366.33267 	997382.07
367.13427 	976028.19
367.93587 	954674.04
368.73747 	933319.57
369.53908 	911964.73
370.34068 	890609.49
371.14228 	869253.79
371.94389 	847897.58
372.74549 	826540.84
373.54709 	805183.51
374.3487 	783825.55
375.1503 	762466.95
375.9519 	741107.65
376.75351 	719747.65
377.55511 	698386.9
379.15832 	655663.14
379.95992 	634300.09
381.56313 	591571.62
382.36473 	570206.18
383.16633 	548839.95
383.96794 	527472.92
384.76954 	506105.11
385.57114 	484736.52
386.37275 	463367.16
387.17435 	441997.05
387.97595 	420626.21
388.77756 	399254.66
389.57916 	377882.43
390.38076 	356509.55
391.18236 	335136.05
391.98397 	313761.97
392.78557 	292387.35
393.58717 	271012.24
394.38878 	249636.68
395.19038 	228260.72
395.99198 	206884.43
396.79359 	185507.86
397.59519 	164131.06
399.1984 	121377.08
400 	100520.67
