0 	7843286.8
6.4128257 	7723443.5
34.468938 	7315366.8
37.675351 	7276411.6
40.881764 	7195872.3
50.501002 	6961482.5
53.707415 	6884205.7
62.52505 	6674128.7
65.731463 	6592775.7
68.937876 	6532570.3
69.739479 	6529329.5
96.993988 	6095453.7
103.40681 	5934710.9
106.61323 	5854395.1
116.23246 	5631465.2
123.44689 	5462017.6
125.05 	5434627
125.8517 	5420300.2
128.25651 	5369165
131.46293 	5351090.8
151.50301 	4810857.8
153.90782 	4757551.1
156.31263 	4702569.7
159.51904 	4624541.6
166.73347 	4468134.9
169.13828 	4445486
175.5511 	4370133.4
176.35271 	4369780.5
187.57515 	4366609.2
190.78156 	4366525.5
200.4008 	4367733.7
201.2024 	4367947.7
202.00401 	4368015
202.80561 	4368201.4
203.60721 	4368776.6
204.40882 	4369401.4
205.21042 	4369752.4
206.01202 	4369983.3
206.81363 	4370213.7
207.61523 	4370487.5
208.41683 	4370739.5
209.21844 	4371008.3
210.02004 	4371285.3
210.82164 	4371571.8
211.62325 	4371865.7
212.42485 	4372156.6
213.22645 	4372453.7
214.02806 	4372757.4
214.82966 	4373042.8
215.63126 	4373343.6
216.43287 	4373708.4
217.23447 	4374085.6
218.03607 	4374442.9
219.63928 	4375124.7
220.44088 	4375323
221.24248 	4375554.8
222.04409 	4375749.9
222.84569 	4375769.9
223.64729 	4375736.7
224.4489 	4375606.8
225.2505 	4375468.7
226.0521 	4375335.5
227.65531 	4375004.9
228.45691 	4375018.9
229.25852 	4375041.5
230.86172 	4374975.1
231.66333 	4374891.1
232.46493 	4374876
234.06814 	4374954.2
234.86974 	4375033.7
235.67134 	4375087.3
236.47295 	4375050.5
237.27455 	4374933.5
238.07615 	4374822.1
238.87776 	4374747.1
239.67936 	4374734
240.48096 	4374804.5
241.28257 	4374863.1
242.08417 	4374887.5
242.88577 	4374889.2
243.68737 	4374910
244.48898 	4374895.3
245.29058 	4374847.8
246.09218 	4374815.4
246.89379 	4374744.9
247.69539 	4374658.5
248.49699 	4374541.4
249.2986 	4374383.1
250.1002 	4374195.9
250.9018 	4373988.1
251.70341 	4373789.8
252.50501 	4373622.4
253.30661 	4373467.6
254.10822 	4373394.1
254.90982 	4373371
255.71142 	4373323.6
256.51303 	4373221.3
257.31463 	4373094.3
258.11623 	4372947
258.91784 	4372814.1
259.71944 	4372544
260.52104 	4372019.2
261.32265 	4370955.3
262.12425 	4368725.9
262.92585 	4363992.1
263.72745 	4354126.1
264.52906 	4336632.8
265.33066 	4313394
266.13226 	4288431.2
266.93387 	4263389.2
267.73547 	4238399.5
268.53707 	4213424
269.33868 	4188446.2
270.14028 	4163464.9
270.94188 	4138486.3
271.74349 	4113512.8
272.54509 	4088537.4
273.34669 	4063550.9
274.1483 	4038552.9
274.9499 	4013555.6
274.95 	4013552.5
275.7515 	3988573.7
276.55311 	3963610.9
277.35471 	3938656.6
278.95792 	3888716.3
279.75952 	3863719.6
280.56112 	3838708.3
281.36273 	3813685.9
282.16433 	3788653.9
282.96593 	3763613.7
283.76754 	3738566.3
284.56914 	3713513
285.37074 	3688454.8
286.17234 	3663392.5
286.97395 	3638326.5
288.57715 	3588185.6
289.37876 	3563111.8
290.18036 	3538036.6
290.98196 	3512960.3
291.78357 	3487882.8
292.58517 	3462804.1
293.38677 	3437723.6
294.18838 	3412641.1
294.98998 	3387556
295.79158 	3362468.3
296.59319 	3337378.1
297.39479 	3312285.6
298.19639 	3287191.5
298.998 	3262096
299.7996 	3236999.6
300.6012 	3211902.4
301.40281 	3186804.6
302.20441 	3161706.1
303.00601 	3136606.7
303.80762 	3111506.4
304.60922 	3086405
306.21242 	3036198.5
307.01403 	3011093.1
307.81563 	2985986.2
308.61723 	2960877.5
309.41884 	2935766.9
310.22044 	2910654.3
311.02204 	2885539.4
311.82365 	2860422.1
312.62525 	2835302.4
313.42685 	2810180.3
314.22846 	2785055.7
315.03006 	2759928.7
315.83166 	2734799.4
316.63327 	2709667.9
317.43487 	2684534.2
318.23647 	2659398.5
319.03808 	2634260.6
319.83968 	2609120.5
320.64128 	2583978.3
321.44289 	2558833.8
322.24449 	2533687.2
323.04609 	2508538.5
323.8477 	2483388.1
324.6493 	2458236.3
325.4509 	2433083.7
326.25251 	2407930.8
327.05411 	2382778.2
327.85571 	2357626.5
328.65731 	2332476.3
329.45892 	2307327.7
330.26052 	2282181.1
331.06212 	2257036.5
331.86373 	2231893.8
332.66533 	2206752.9
333.46693 	2181613.6
334.26854 	2156475.7
335.07014 	2131339
335.87174 	2106203.3
336.67335 	2081068.7
337.47495 	2055935
338.27655 	2030802.3
339.07816 	2005670.6
339.87976 	1980539.9
340.68136 	1955410.4
341.48297 	1930282
342.28457 	1905154.8
343.08617 	1880028.8
343.88778 	1854904.2
344.68938 	1829780.9
345.49098 	1804659.2
346.29259 	1779539
347.09419 	1754420.8
347.89579 	1729304.5
348.69739 	1704190.4
349.499 	1679078.7
350.3006 	1653969.6
351.1022 	1628863.2
351.90381 	1603759.5
352.70541 	1578658.5
353.50701 	1553560.2
354.30862 	1528464.2
355.11022 	1503370.5
355.91182 	1478278.7
356.71343 	1453188.7
357.51503 	1428100.3
358.31663 	1403013.1
359.11824 	1377927.2
359.91984 	1352842.4
360.72144 	1327758.6
361.52305 	1302676
362.32465 	1277594.5
363.12625 	1252514.3
363.92786 	1227435.5
364.72946 	1202358.1
365.53106 	1177282.3
366.33267 	1152208.1
367.13427 	1127135.5
367.93587 	1102064.7
368.73747 	1076995.5
369.53908 	1051928
370.34068 	1026862.2
371.14228 	1001797.8
371.94389 	976734.9
372.74549 	951673.31
373.54709 	926612.93
374.3487 	901553.62
375.1503 	876495.29
375.9519 	851437.82
376.75351 	826381.12
377.55511 	801325.11
379.15832 	751215.01
379.95992 	726160.89
381.56313 	676054.54
382.36473 	651002.37
383.16633 	625950.91
383.96794 	600900.18
384.76954 	575850.19
385.57114 	550800.94
386.37275 	525752.43
387.17435 	500704.61
387.97595 	475657.46
388.77756 	450610.92
389.57916 	425564.95
390.38076 	400519.49
391.18236 	375474.51
391.98397 	350429.94
392.78557 	325385.76
393.58717 	300341.92
394.38878 	275298.4
395.19038 	250255.17
395.99198 	225212.19
396.79359 	200169.44
397.59519 	175126.88
399.1984 	125042.21
400 	100609.93
