0 	9376876.2
6.4128257 	9243169.3
34.468938 	8660983.4
37.675351 	8594627.1
40.881764 	8527698.7
50.501002 	8300949.1
53.707415 	8242435.2
62.52505 	8237113.4
65.731463 	8236577.2
68.937876 	8236042.4
69.739479 	8235843.4
96.993988 	7740894.1
103.40681 	7579171.6
106.61323 	7498330.1
116.23246 	7255791.3
123.44689 	7073774.5
125.05 	7033299.3
125.8517 	7013052.8
128.25651 	6952298.7
131.46293 	6871244.3
151.50301 	6365001.6
153.90782 	6304456.5
156.31263 	6243947.6
159.51904 	6163301.5
166.73347 	5981830.3
169.13828 	5921300.7
175.5511 	5759762.2
176.35271 	5739559.1
187.57515 	5456670.8
190.78156 	5375880.4
200.4008 	5133599.1
201.2024 	5113408
202.00401 	5093215.6
202.80561 	5073021.9
203.60721 	5052826.7
204.40882 	5032629.8
205.21042 	5012431.2
206.01202 	4992230.6
206.81363 	4972028.1
207.61523 	4951823.5
208.41683 	4931616.8
209.21844 	4911408
210.02004 	4891197
210.82164 	4870983.9
211.62325 	4850768.7
212.42485 	4830551.4
213.22645 	4810332.1
214.02806 	4790110.7
214.82966 	4769887.5
215.63126 	4749662.3
216.43287 	4729435.4
217.23447 	4709206.8
218.03607 	4688976.6
219.63928 	4648511.6
220.44088 	4628277
221.24248 	4608041.2
222.04409 	4587804.2
222.84569 	4567566.1
223.64729 	4547327.1
224.4489 	4527087.1
225.2505 	4506846.4
226.0521 	4486604.9
227.65531 	4446120.3
228.45691 	4425877.2
229.25852 	4405633.7
230.86172 	4365146.1
231.66333 	4344902
232.46493 	4324657.9
234.06814 	4284169.7
234.86974 	4263925.9
235.67134 	4243682.3
236.47295 	4223439
237.27455 	4203196
238.07615 	4182953.5
238.87776 	4162711.4
239.67936 	4142469.9
240.48096 	4122229
241.28257 	4101988.8
242.08417 	4081749.2
242.88577 	4061510.4
243.68737 	4041272.4
244.48898 	4021035.2
245.29058 	4000798.8
246.09218 	3980563.3
246.89379 	3960328.7
247.69539 	3940095
248.49699 	3919862.3
249.2986 	3899630.5
250.1002 	3879399.6
250.9018 	3859169.7
251.70341 	3838940.8
252.50501 	3818712.8
253.30661 	3798485.8
254.10822 	3778259.7
254.90982 	3758034.4
255.71142 	3737810.1
256.51303 	3717586.7
257.31463 	3697364
258.11623 	3677142.2
258.91784 	3656921.2
259.71944 	3636700.8
260.52104 	3616481.2
261.32265 	3596262.3
262.12425 	3576044
262.92585 	3555826.2
263.72745 	3535609.1
264.52906 	3515392.4
265.33066 	3495176.2
266.13226 	3474960.4
266.93387 	3454745.1
267.73547 	3434530
268.53707 	3414315.3
269.33868 	3394100.9
270.14028 	3373886.7
270.94188 	3353672.7
271.74349 	3333458.9
272.54509 	3313245.2
273.34669 	3293031.6
274.1483 	3272818.1
274.9499 	3252604.6
274.95 	3252602.1
275.7515 	3232391.2
276.55311 	3212177.7
277.35471 	3191964.2
278.95792 	3151537
279.75952 	3131323.2
280.56112 	3111109.3
281.36273 	3090895.3
282.16433 	3070681.1
282.96593 	3050466.7
283.76754 	3030252.2
284.56914 	3010037.4
285.37074 	2989822.5
286.17234 	2969607.3
286.97395 	2949392
288.57715 	2908960.6
289.37876 	2888744.7
290.18036 	2868528.5
290.98196 	2848312.3
291.78357 	2828095.8
292.58517 	2807879.3
293.38677 	2787662.7
294.18838 	2767446
294.98998 	2747229.3
295.79158 	2727012.6
296.59319 	2706796
297.39479 	2686579.4
298.19639 	2666363
298.998 	2646146.7
299.7996 	2625930.7
300.6012 	2605715
301.40281 	2585499.5
302.20441 	2565284.4
303.00601 	2545069.7
303.80762 	2524855.4
304.60922 	2504641.6
306.21242 	2464215.6
307.01403 	2444003.5
307.81563 	2423792
308.61723 	2403581.1
309.41884 	2383370.9
310.22044 	2363161.3
311.02204 	2342952.5
311.82365 	2322744.3
312.62525 	2302536.9
313.42685 	2282330.2
314.22846 	2262124.2
315.03006 	2241919
315.83166 	2221714.4
316.63327 	2201510.5
317.43487 	2181307.3
318.23647 	2161104.8
319.03808 	2140902.9
319.83968 	2120701.6
320.64128 	2100500.9
321.44289 	2080300.7
322.24449 	2060101.1
323.04609 	2039901.9
323.8477 	2019703.2
324.6493 	1999505
325.4509 	1979307.1
326.25251 	1959109.6
327.05411 	1938912.4
327.85571 	1918715.4
328.65731 	1898518.8
329.45892 	1878322.3
330.26052 	1858126
331.06212 	1837929.9
331.86373 	1817733.9
332.66533 	1797538
333.46693 	1777342.2
334.26854 	1757146.4
335.07014 	1736950.7
335.87174 	1716754.9
336.67335 	1696559.1
337.47495 	1676363.3
338.27655 	1656167.4
339.07816 	1635971.4
339.87976 	1615775.3
340.68136 	1595579.1
341.48297 	1575382.8
342.28457 	1555186.3
343.08617 	1534989.7
343.88778 	1514792.9
344.68938 	1494595.9
345.49098 	1474398.7
346.29259 	1454201.3
347.09419 	1434003.7
347.89579 	1413805.9
348.69739 	1393607.8
349.499 	1373409.5
350.3006 	1353210.9
351.1022 	1333011.9
351.90381 	1312812.7
352.70541 	1292613.2
353.50701 	1272413.3
354.30862 	1252213.1
355.11022 	1232012.5
355.91182 	1211811.5
356.71343 	1191610.1
357.51503 	1171408.2
358.31663 	1151206
359.11824 	1131003.3
359.91984 	1110800.1
360.72144 	1090596.4
361.52305 	1070392.2
362.32465 	1050187.4
363.12625 	1029982.2
363.92786 	1009776.4
364.72946 	989570
365.53106 	969363.05
366.33267 	949155.51
367.13427 	928947.38
367.93587 	908738.65
368.73747 	888529.31
369.53908 	868319.35
370.34068 	848108.79
371.14228 	827897.62
371.94389 	807685.83
372.74549 	787473.44
373.54709 	767260.44
374.3487 	747046.85
375.1503 	726832.67
375.9519 	706617.92
376.75351 	686402.61
377.55511 	666186.75
379.15832 	625753.44
379.95992 	605536.03
381.56313 	565099.78
382.36473 	544880.98
383.16633 	524661.76
383.96794 	504442.15
384.76954 	484222.15
385.57114 	464001.81
386.37275 	443781.13
387.17435 	423560.14
387.97595 	403338.87
388.77756 	383117.33
389.57916 	362895.55
390.38076 	342673.55
391.18236 	322451.35
391.98397 	302228.97
392.78557 	282006.44
393.58717 	261783.78
394.38878 	241561
395.19038 	221338.13
395.99198 	201115.18
396.79359 	180892.18
397.59519 	160669.14
399.1984 	120223.03
400 	100492.56
