0 	3836483.6
0.35183948 	3829069.8
0.70367896 	3821432.8
1.0555184 	3813749.6
1.4073579 	3806131.6
1.7591974 	3798307.6
2.1110369 	3790492.5
2.4628764 	3782678.8
2.8147158 	3774843.1
3.1665553 	3767077.3
3.5183948 	3759326.4
3.8702343 	3751513.3
4.2220737 	3743707.2
4.9257527 	3728238
5.6294317 	3712610.8
5.9812711 	3704816
6.3331106 	3697024.5
8.092308 	3657898.7
8.795987 	3644726.4
9.1478265 	3636948.8
10.203345 	3613555.6
10.907024 	3598489.5
11.258863 	3592852.8
11.610703 	3585030.4
11.962542 	3577210.8
12.666221 	3561572.2
13.018061 	3553753
13.3699 	3545933.8
13.72174 	3538114.6
14.777258 	3514657.4
15.480937 	3499019.5
15.832777 	3491200.7
16.536456 	3475563.1
17.591974 	3452107.2
18.647492 	3428651.7
19.351171 	3413014.9
19.703011 	3405196.6
20.05485 	3397378.4
20.40669 	3389560.2
20.758529 	3381742.1
21.462208 	3366106.1
22.165887 	3350470.3
22.869566 	3334834.8
23.573245 	3319199.6
23.925085 	3311382.1
24.276924 	3303564.7
24.628764 	3295747.3
25.332442 	3280112.8
25.684282 	3272295.7
26.387961 	3256661.6
26.7398 	3248844.6
27.09164 	3241027.7
27.443479 	3233210.8
27.795319 	3225394
28.147158 	3217577.3
28.850837 	3201943.8
29.202677 	3194127.2
29.554516 	3186310.5
29.906356 	3178493.8
30.258195 	3170677.2
30.610035 	3162860.5
30.961874 	3155043.9
31.665553 	3139410.6
32.017393 	3131594.1
32.369232 	3123777.6
32.721072 	3115961.2
33.072911 	3108145
33.424751 	3100329.1
33.77659 	3092513.5
34.128429 	3084697.8
34.480269 	3076873.3
34.832108 	3069004.1
35.183948 	3061933.4
35.535787 	3059481.5
35.887627 	3059303.4
36.239466 	3059265.7
36.591306 	3059233.2
37.294985 	3059169
37.646824 	3059137.1
37.998664 	3059105.4
38.702343 	3059042.5
39.406022 	3058980.4
39.757861 	3058949.7
41.165219 	3058827.3
41.517059 	3058799.2
41.868898 	3058772.3
42.220737 	3058710.4
42.924416 	3054936.3
43.276256 	3047514.8
43.628095 	3039694.4
43.979935 	3031854.2
44.683614 	3016171.8
45.035453 	3008330.8
45.387293 	3000489.8
46.090972 	2984808
46.442811 	2976967.3
47.14649 	2961286.3
47.49833 	2953445.9
48.202009 	2937765.5
48.553848 	2929925.4
49.257527 	2914245.4
49.609367 	2906405.5
49.961206 	2898565.6
50.313045 	2890725.7
50.664885 	2882885.9
51.016724 	2875046.1
51.720403 	2859366.6
52.072243 	2851526.8
52.424082 	2843687.1
52.775922 	2835847.4
53.127761 	2828007.6
54.18328 	2804488.6
54.535119 	2796648.9
54.886959 	2788809.2
55.238798 	2780969.5
55.590638 	2773129.9
55.942477 	2765290.2
56.997996 	2741771.2
57.349835 	2733931.5
57.701675 	2726091.8
58.053514 	2718252.1
58.405354 	2710412.4
58.757193 	2702572.7
59.109032 	2694733
59.460872 	2686893.2
60.164551 	2671213.7
60.51639 	2663374
60.86823 	2655534.2
61.220069 	2647694.4
61.571909 	2639854.6
61.923748 	2632014.8
62.275588 	2624175
62.627427 	2616335.2
62.979267 	2608495.3
63.331106 	2600655.5
63.682946 	2592815.6
64.034785 	2584975.8
64.386625 	2577135.9
64.738464 	2569296
65.442143 	2553616.3
65.793983 	2545776.5
66.497662 	2530096.7
67.55318 	2506577.2
68.256859 	2490897.6
68.608698 	2483057.7
69.312377 	2467378.1
70.016056 	2451698.6
70.367896 	2443858.8
70.719735 	2436019.1
71.071575 	2428179.4
71.423414 	2420339.6
72.830772 	2388980.9
73.182612 	2381141.2
73.534451 	2373301.6
73.886291 	2365461.9
74.941809 	2341943.1
75.293648 	2334103.5
75.645488 	2326263.9
75.997327 	2318424.3
77.052846 	2294905.6
77.404685 	2287066.1
77.756525 	2279226.5
78.460204 	2263547.4
78.812043 	2255707.8
79.163883 	2247868.2
80.219401 	2224349.5
81.27492 	2200830.7
81.626759 	2192991.1
81.978599 	2185151.5
82.330438 	2177311.8
82.682278 	2169472.2
83.034117 	2161632.5
83.385957 	2153792.8
83.737796 	2145953.2
84.089635 	2138113.4
84.441475 	2130273.7
85.496993 	2106754.4
86.552512 	2083234.9
86.904351 	2075395.1
89.015388 	2028355.4
89.367228 	2020515.4
90.070907 	2004835.3
90.422746 	1996995.2
90.774586 	1989155.1
91.126425 	1981314.9
91.478265 	1973474.8
91.830104 	1965634.6
92.533783 	1949954.1
93.237462 	1934273.6
93.589301 	1926433.3
93.941141 	1918593
94.29298 	1910752.7
96.052178 	1871550.8
96.404017 	1863710.3
96.755857 	1855869.9
97.459536 	1840188.9
97.811375 	1832348.4
98.163215 	1824507.9
98.515054 	1816667.4
99.922412 	1785305.2
100.27425 	1777464.6
100.62609 	1769624
101.32977 	1753942.8
102.03345 	1738261.6
102.38529 	1730421
103.79265 	1699058.6
104.14449 	1691218
104.49633 	1683377.3
105.2 	1667696.1
105.90368 	1652014.9
106.25552 	1644174.3
106.60736 	1636333.7
108.01472 	1604971.5
108.36656 	1597130.9
108.7184 	1589290.4
109.07024 	1581449.8
109.77392 	1565768.8
110.12576 	1557928.3
110.82944 	1542247.4
111.18128 	1534406.9
111.53311 	1526566.5
111.88495 	1518726
112.58863 	1503045.2
112.94047 	1495204.9
113.29231 	1487364.5
113.64415 	1479524.2
113.99599 	1471683.8
114.34783 	1463843.5
114.69967 	1456003.3
115.05151 	1448163
115.40335 	1440322.8
115.75519 	1432482.5
116.45887 	1416802.1
116.81071 	1408962
117.16255 	1401121.9
117.51439 	1393281.7
118.21806 	1377601.6
118.5699 	1369761.5
118.92174 	1361921.5
119.27358 	1354081.5
119.62542 	1346241.6
119.97726 	1338401.6
120.3291 	1330561.7
120.68094 	1322721.8
121.03278 	1314881.9
121.38462 	1307042.1
121.73646 	1299202.3
122.0883 	1291362.5
122.79198 	1275683
123.14382 	1267843.3
123.49566 	1260003.6
123.8475 	1252163.9
124.19934 	1244324.3
124.55118 	1236484.7
124.90302 	1228645.2
125.25485 	1220805.6
125.60669 	1212966.1
126.66221 	1189447.8
127.01405 	1181608.4
127.36589 	1173769
127.71773 	1165929.7
128.06957 	1158090.4
128.42141 	1150251.1
128.77325 	1142411.9
129.12509 	1134572.6
129.47693 	1126733.5
130.18061 	1111055.2
130.53245 	1103216.1
130.88429 	1095377
131.23613 	1087538
132.29164 	1064021.1
132.64348 	1056182.2
132.99532 	1048343.3
133.699 	1032665.6
134.05084 	1024826.8
134.40268 	1016988
134.75452 	1009149.3
135.4582 	993471.89
135.81004 	985633.24
136.16188 	977794.62
136.51372 	969956.02
136.86556 	962117.46
137.56924 	946440.4
137.92108 	938601.92
138.27292 	930763.46
138.97659 	915086.62
139.68027 	899409.89
140.03211 	891571.57
140.38395 	883733.27
140.73579 	875894.99
141.08763 	868056.74
141.43947 	860218.51
141.79131 	852380.31
142.14315 	844542.13
142.49499 	836703.97
142.84683 	828865.84
144.25419 	797513.54
145.3097 	773999.54
145.66154 	766161.58
146.01338 	758323.64
146.36522 	750485.72
146.71706 	742647.82
147.0689 	734809.94
147.42074 	726972.08
148.12442 	711296.41
148.8281 	695620.82
149.17994 	687783.04
149.88362 	672107.55
150.23546 	664269.82
150.5873 	656432.11
151.29098 	640756.74
151.99465 	625081.42
152.69833 	609406.16
153.05017 	601568.55
153.40201 	593730.95
153.75385 	585893.37
154.45753 	570218.24
154.80937 	562380.69
155.16121 	554543.15
155.51305 	546705.63
155.86489 	538868.11
156.21673 	531030.61
156.56857 	523193.11
157.62409 	499680.69
157.97593 	491843.24
158.32777 	484005.8
158.67961 	476168.36
159.03144 	468330.93
159.38328 	460493.52
159.73512 	452656.11
160.08696 	444818.7
160.4388 	436981.31
160.79064 	429143.93
161.14248 	421306.55
161.49432 	413469.18
161.84616 	405631.82
162.90168 	382119.78
163.25352 	374282.45
163.9572 	358607.81
164.30904 	350770.5
164.66088 	342933.19
165.01272 	335095.9
165.71639 	319421.32
166.06823 	311584.05
167.12375 	288072.26
167.47559 	280235.01
167.82743 	272397.77
168.17927 	264560.53
168.53111 	256723.3
169.23479 	241048.86
169.58663 	233211.65
169.93847 	225374.45
170.64215 	209700.07
170.99399 	201862.88
171.34583 	194025.71
171.69767 	186188.54
172.04951 	178351.38
172.40134 	170514.23
172.75318 	162677.08
173.10502 	154839.94
174.16054 	131328.57
174.51238 	123491.45
174.86422 	115654.33
