0 	3836483.7
0.35183948 	3829078
0.70367896 	3821289.8
1.0555184 	3813502.3
1.4073579 	3805723.6
1.7591974 	3798038
2.1110369 	3790428.2
2.4628764 	3782660.2
2.8147158 	3774897.8
3.1665553 	3767096.3
3.5183948 	3759449.6
3.8702343 	3751690.9
4.2220737 	3744078.7
4.9257527 	3728592.7
5.6294317 	3713048.8
5.9812711 	3705616.3
6.3331106 	3699185.9
8.092308 	3663395.6
8.795987 	3648371.5
9.1478265 	3640584.3
10.203345 	3617222.3
10.907024 	3601647.6
11.258863 	3593860.3
11.610703 	3586072.9
11.962542 	3578285.7
12.666221 	3562711.2
13.018061 	3554923.9
13.3699 	3547136.8
13.72174 	3539349.6
14.777258 	3515988.2
15.480937 	3500414.1
15.832777 	3492627.1
16.536456 	3477053.1
17.591974 	3453692.4
18.647492 	3430332.1
19.351171 	3414738.2
19.703011 	3406959.1
20.05485 	3401360
20.40669 	3400412.3
20.758529 	3400334.9
21.462208 	3400261.8
22.165887 	3400190
22.869566 	3400118.2
23.573245 	3400046.2
23.925085 	3400010.1
24.276924 	3399973.8
24.628764 	3399937.3
25.332442 	3399867.9
25.684282 	3399837.6
26.387961 	3399722
26.7398 	3398614.7
27.09164 	3392457.1
27.443479 	3384742.3
27.795319 	3376943.4
28.147158 	3369140.7
28.850837 	3353534.8
29.202677 	3345731.8
29.554516 	3337928.9
29.906356 	3330126
30.258195 	3322323
30.610035 	3314520.1
30.961874 	3306717.3
31.665553 	3291111.5
32.017393 	3283308.7
32.369232 	3275505.8
32.721072 	3267703
33.072911 	3259900.1
33.424751 	3252097.3
33.77659 	3244294.4
34.128429 	3236491.6
34.480269 	3228688.7
34.832108 	3220885.8
35.183948 	3213083
35.535787 	3205280.1
35.887627 	3197477.2
36.239466 	3189674.3
36.591306 	3181871.3
37.294985 	3166265.4
37.646824 	3158462.5
37.998664 	3150659.5
38.702343 	3135053.4
39.406022 	3119447.3
39.757861 	3111644.2
41.165219 	3080431.7
41.517059 	3072628.6
41.868898 	3064825.4
42.220737 	3057022.2
42.924416 	3041415.8
43.276256 	3033612.6
43.628095 	3025809.4
43.979935 	3018006.1
44.683614 	3002399.6
45.035453 	2994596.4
45.387293 	2986793.1
46.090972 	2971186.6
46.442811 	2963383.3
47.14649 	2947776.8
47.49833 	2939973.5
48.202009 	2924367
48.553848 	2916563.8
49.257527 	2900957.3
49.609367 	2893154
49.961206 	2885350.8
50.313045 	2877547.6
50.664885 	2869744.3
51.016724 	2861941.1
51.720403 	2846334.7
52.072243 	2838531.5
52.424082 	2830728.4
52.775922 	2822925.2
53.127761 	2815122.1
54.18328 	2791712.7
54.535119 	2783909.6
54.886959 	2776106.5
55.238798 	2768303.4
55.590638 	2760500.4
55.942477 	2752697.3
56.997996 	2729288.2
57.349835 	2721485.2
57.701675 	2713682.2
58.053514 	2705879.3
58.405354 	2698076.3
58.757193 	2690273.3
59.109032 	2682470.4
59.460872 	2674667.5
60.164551 	2659061.6
60.51639 	2651258.7
60.86823 	2643455.9
61.220069 	2635653
61.571909 	2627850.1
61.923748 	2620047.2
62.275588 	2612244.4
62.627427 	2604441.5
62.979267 	2596638.7
63.331106 	2588835.9
63.682946 	2581033
64.034785 	2573230.2
64.386625 	2565427.4
64.738464 	2557624.6
65.442143 	2542019
65.793983 	2534216.2
66.497662 	2518610.6
67.55318 	2495202.2
68.256859 	2479596.7
68.608698 	2471793.9
69.312377 	2456188.3
70.016056 	2440582.7
70.367896 	2432779.9
70.719735 	2424977.1
71.071575 	2417174.3
71.423414 	2409371.5
72.830772 	2378160.2
73.182612 	2370357.4
73.534451 	2362554.5
73.886291 	2354751.7
74.941809 	2331343.1
75.293648 	2323540.2
75.645488 	2315737.3
75.997327 	2307934.4
77.052846 	2284525.6
77.404685 	2276722.6
77.756525 	2268919.7
78.460204 	2253313.7
78.812043 	2245510.7
79.163883 	2237707.7
80.219401 	2214298.6
81.27492 	2190889.4
81.626759 	2183086.3
81.978599 	2175283.2
82.330438 	2167480
82.682278 	2159676.9
83.034117 	2151873.7
83.385957 	2144070.6
83.737796 	2136267.4
84.089635 	2128464.2
84.441475 	2120661
85.496993 	2097251.3
86.552512 	2073841.4
86.904351 	2066038.1
89.015388 	2019218.1
89.367228 	2011414.7
90.070907 	1995807.9
90.422746 	1988004.5
90.774586 	1980201.1
91.126425 	1972397.6
91.478265 	1964594.2
91.830104 	1956790.8
92.533783 	1941183.8
93.237462 	1925576.9
93.589301 	1917773.4
93.941141 	1909970
94.29298 	1902166.5
96.052178 	1863149
96.404017 	1855345.6
96.755857 	1847542.1
97.459536 	1831935.1
97.811375 	1824131.6
98.163215 	1816328.1
98.515054 	1808524.6
99.922412 	1777310.8
100.27425 	1769507.4
100.62609 	1761703.9
101.32977 	1746097.1
102.03345 	1730490.2
102.38529 	1722686.9
103.79265 	1691473.4
104.14449 	1683670.1
104.49633 	1675866.8
105.2 	1660260.2
105.90368 	1644653.6
106.25552 	1636850.4
106.60736 	1629047.2
108.01472 	1597834.4
108.36656 	1590031.3
108.7184 	1582228.2
109.07024 	1574425.1
109.77392 	1558818.9
110.12576 	1551015.9
110.82944 	1535409.9
111.18128 	1527606.9
111.53311 	1519803.9
111.88495 	1512001
112.58863 	1496395.2
112.94047 	1488592.3
113.29231 	1480789.4
113.64415 	1472986.6
113.99599 	1465183.8
114.34783 	1457381
114.69967 	1449578.2
115.05151 	1441775.5
115.40335 	1433972.7
115.75519 	1426170
116.45887 	1410564.7
116.81071 	1402762
117.16255 	1394959.4
117.51439 	1387156.8
118.21806 	1371551.7
118.5699 	1363749.1
118.92174 	1355946.6
119.27358 	1348144.1
119.62542 	1340341.6
119.97726 	1332539.2
120.3291 	1324736.8
120.68094 	1316934.3
121.03278 	1309132
121.38462 	1301329.6
121.73646 	1293527.2
122.0883 	1285724.9
122.79198 	1270120.3
123.14382 	1262318
123.49566 	1254515.8
123.8475 	1246713.5
124.19934 	1238911.3
124.55118 	1231109.1
124.90302 	1223307
125.25485 	1215504.8
125.60669 	1207702.7
126.66221 	1184296.4
127.01405 	1176494.3
127.36589 	1168692.3
127.71773 	1160890.2
128.06957 	1153088.2
128.42141 	1145286.2
128.77325 	1137484.3
129.12509 	1129682.3
129.47693 	1121880.4
130.18061 	1106276.5
130.53245 	1098474.6
130.88429 	1090672.8
131.23613 	1082870.9
132.29164 	1059465.5
132.64348 	1051663.7
132.99532 	1043861.9
133.699 	1028258.4
134.05084 	1020456.7
134.40268 	1012655
134.75452 	1004853.3
135.4582 	989250
135.81004 	981448.37
136.16188 	973646.75
136.51372 	965845.14
136.86556 	958043.55
137.56924 	942440.42
137.92108 	934638.88
138.27292 	926837.36
138.97659 	911234.36
139.68027 	895631.42
140.03211 	887829.98
140.38395 	880028.55
140.73579 	872227.13
141.08763 	864425.74
141.43947 	856624.36
141.79131 	848822.99
142.14315 	841021.64
142.49499 	833220.31
142.84683 	825418.99
144.25419 	794213.89
145.3097 	770810.22
145.66154 	763009.04
146.01338 	755207.86
146.36522 	747406.71
146.71706 	739605.57
147.0689 	731804.44
147.42074 	724003.33
148.12442 	708401.17
148.8281 	692799.07
149.17994 	684998.04
149.88362 	669396.03
150.23546 	661595.06
150.5873 	653794.09
151.29098 	638192.22
151.99465 	622590.41
152.69833 	606988.66
153.05017 	599187.81
153.40201 	591386.98
153.75385 	583586.16
154.45753 	567984.58
154.80937 	560183.81
155.16121 	552383.06
155.51305 	544582.32
155.86489 	536781.6
156.21673 	528980.89
156.56857 	521180.21
157.62409 	497778.23
157.97593 	489977.61
158.32777 	482176.99
158.67961 	474376.4
159.03144 	466575.82
159.38328 	458775.25
159.73512 	450974.7
160.08696 	443174.17
160.4388 	435373.65
160.79064 	427573.14
161.14248 	419772.65
161.49432 	411972.18
161.84616 	404171.72
162.90168 	380770.42
163.25352 	372970.01
163.9572 	357369.25
164.30904 	349568.88
164.66088 	341768.54
165.01272 	333968.2
165.71639 	318367.57
166.06823 	310567.27
167.12375 	287166.46
167.47559 	279366.21
167.82743 	271565.98
168.17927 	263765.76
168.53111 	255965.55
169.23479 	240365.16
169.58663 	232564.99
169.93847 	224764.82
170.64215 	209164.53
170.99399 	201364.39
171.34583 	193564.27
171.69767 	185764.16
172.04951 	177964.06
172.40134 	170163.97
172.75318 	162363.88
173.10502 	154563.81
174.16054 	131163.64
174.51238 	123363.6
174.86422 	115563.53
