0 	3836461.7
0.35183948 	3828747.1
0.70367896 	3820665.2
1.0555184 	3812584.3
1.4073579 	3804502.9
1.7591974 	3796460.7
2.1110369 	3788352.2
2.4628764 	3780271.2
2.8147158 	3772190.3
3.1665553 	3764109.4
3.5183948 	3756028.7
3.8702343 	3747943.6
4.2220737 	3739954.3
4.9257527 	3723749.9
5.6294317 	3707588.4
5.9812711 	3699507.5
6.3331106 	3691427
8.092308 	3651018
8.795987 	3635064.4
9.1478265 	3627080.8
10.203345 	3602937.1
10.907024 	3586799.8
11.258863 	3578719.8
11.610703 	3570639.9
11.962542 	3562542.3
12.666221 	3546414.6
13.018061 	3538331.5
13.3699 	3530258.8
13.72174 	3522177.5
14.777258 	3498260
15.480937 	3482097.8
15.832777 	3474016.6
16.536456 	3457854.5
17.591974 	3433641.7
18.647492 	3409397.5
19.351171 	3393234.9
19.703011 	3385153.7
20.05485 	3377072.4
20.40669 	3368991.2
20.758529 	3360910.1
21.462208 	3344748
22.165887 	3328586
22.869566 	3312424.2
23.573245 	3296262.6
23.925085 	3288181.8
24.276924 	3280101
24.628764 	3272020.2
25.332442 	3255858.6
25.684282 	3247777.8
26.387961 	3231616.2
26.7398 	3223534.5
27.09164 	3215439.1
27.443479 	3207723.6
27.795319 	3202707.3
28.147158 	3194985.6
28.850837 	3178895
29.202677 	3170888.6
29.554516 	3165174.8
29.906356 	3157838
30.258195 	3149735.6
30.610035 	3141624.5
30.961874 	3133512.9
31.665553 	3117288.9
32.017393 	3109176.7
32.369232 	3101064.4
32.721072 	3092952.2
33.072911 	3084840.1
33.424751 	3076728.2
33.77659 	3068616.7
34.128429 	3060505.5
34.480269 	3052394.8
34.832108 	3044284.5
35.183948 	3036174.8
35.535787 	3028065.6
35.887627 	3019957
36.239466 	3011849
36.591306 	3003741.7
37.294985 	2987529.1
37.646824 	2979423.8
37.998664 	2971319.2
38.702343 	2955112
39.406022 	2938907.6
39.757861 	2930806.4
41.165219 	2898408.2
41.517059 	2890310.2
41.868898 	2882212.9
42.220737 	2874116.2
42.924416 	2857924.6
43.276256 	2849829.7
43.628095 	2841735.4
43.979935 	2833641.6
44.683614 	2817455.6
45.035453 	2809363.4
45.387293 	2801271.7
46.090972 	2785089.7
46.442811 	2776999.4
47.14649 	2760819.9
47.49833 	2752730.7
48.202009 	2736553.3
48.553848 	2728465.1
49.257527 	2712289.2
49.609367 	2704201.6
49.961206 	2696114.1
50.313045 	2688026.8
50.664885 	2679939.5
51.016724 	2671852.3
51.720403 	2655677.7
52.072243 	2647590.4
52.424082 	2639502.9
52.775922 	2631415.3
53.127761 	2623327.6
54.18328 	2599062.8
54.535119 	2590973.9
54.886959 	2582884.7
55.238798 	2574795.2
55.590638 	2566705.2
55.942477 	2558614.8
56.997996 	2534340.8
57.349835 	2526248.5
57.701675 	2518155.7
58.053514 	2510062.4
58.405354 	2501968.5
58.757193 	2493874.1
59.109032 	2485779.2
59.460872 	2477683.8
60.164551 	2461491.4
60.51639 	2453394.5
60.86823 	2445297
61.220069 	2437199.2
61.571909 	2429100.9
61.923748 	2421002.3
62.275588 	2412903.2
62.627427 	2404803.9
62.979267 	2396704.2
63.331106 	2388604.4
63.682946 	2380504.3
64.034785 	2372404
64.386625 	2364303.6
64.738464 	2356203.2
65.442143 	2340002.2
65.793983 	2331901.8
66.497662 	2315701.5
67.55318 	2291402.6
68.256859 	2275205
68.608698 	2267106.9
69.312377 	2250911.9
70.016056 	2234719
70.367896 	2226623.3
70.719735 	2218528.3
71.071575 	2210433.8
71.423414 	2202339.9
72.830772 	2169970.5
73.182612 	2161879.6
73.534451 	2153789.3
73.886291 	2145699.6
74.941809 	2121433.5
75.293648 	2113345.7
75.645488 	2105258.4
75.997327 	2097171.5
77.052846 	2072912.9
77.404685 	2064827.2
77.756525 	2056741.8
78.460204 	2040571.5
78.812043 	2032486.5
79.163883 	2024401.6
80.219401 	2000146.9
81.27492 	1975891.4
81.626759 	1967805.9
81.978599 	1959720.2
82.330438 	1951634.2
82.682278 	1943548
83.034117 	1935461.4
83.385957 	1927374.4
83.737796 	1919287.1
84.089635 	1911199.5
84.441475 	1903111.4
85.496993 	1878844.6
86.552512 	1854573.8
86.904351 	1846482.7
89.015388 	1797926.6
89.367228 	1789832.4
90.070907 	1773642.9
90.422746 	1765547.5
90.774586 	1757451.8
91.126425 	1749355.6
91.478265 	1741259.1
91.830104 	1733162.1
92.533783 	1716966.9
93.237462 	1700769.4
93.589301 	1692669.6
93.941141 	1684569.1
94.29298 	1676467.6
96.052178 	1635944.5
96.404017 	1627836.2
96.755857 	1619722
97.459536 	1603558.6
97.811375 	1595656.5
98.163215 	1588849.9
98.515054 	1584528.3
99.922412 	1571939.1
100.27425 	1571927.7
100.62609 	1571919.4
101.32977 	1571878.1
102.03345 	1571871.4
102.38529 	1571854.4
103.79265 	1571812.7
104.14449 	1571797.7
104.49633 	1571778.8
105.2 	1571746.2
105.90368 	1571719.5
106.25552 	1571709.2
106.60736 	1571701.8
108.01472 	1571668.8
108.36656 	1571665.1
108.7184 	1571660
109.07024 	1571653
109.77392 	1571637.8
110.12576 	1571626.8
110.82944 	1571595.4
111.18128 	1571573.1
111.53311 	1571543.8
111.88495 	1571499.5
112.58863 	1571347.4
112.94047 	1569356.7
113.29231 	1562459.3
113.64415 	1554288.2
113.99599 	1546026.7
114.34783 	1537761.6
114.69967 	1529497.3
115.05151 	1521233.5
115.40335 	1512969.5
115.75519 	1504705.1
116.45887 	1488174.5
116.81071 	1479908.4
117.16255 	1471642
117.51439 	1463375.5
118.21806 	1446843
118.5699 	1438577.1
118.92174 	1430311.8
119.27358 	1422046.9
119.62542 	1413782.5
119.97726 	1405518.7
120.3291 	1397255.4
120.68094 	1388992.5
121.03278 	1380730.1
121.38462 	1372467.9
121.73646 	1364205.9
122.0883 	1355944
122.79198 	1339420.4
123.14382 	1331158.4
123.49566 	1322896.2
123.8475 	1314633.8
124.19934 	1306371.1
124.55118 	1298108
124.90302 	1289844.5
125.25485 	1281580.6
125.60669 	1273316.3
126.66221 	1248520.9
127.01405 	1240254.9
127.36589 	1231988.5
127.71773 	1223721.9
128.06957 	1215454.8
128.42141 	1207187.6
128.77325 	1198920
129.12509 	1190652.3
129.47693 	1182384.3
130.18061 	1165848.1
130.53245 	1157579.8
130.88429 	1149311.5
131.23613 	1141043.3
132.29164 	1116238.8
132.64348 	1107970.9
132.99532 	1099703.2
133.699 	1083168.3
134.05084 	1074901.2
134.40268 	1066634.4
134.75452 	1058367.8
135.4582 	1041835.7
135.81004 	1033570
136.16188 	1025304.8
136.51372 	1017039.8
136.86556 	1008775.3
137.56924 	992247.18
137.92108 	983983.66
138.27292 	975720.5
138.97659 	959195.2
139.68027 	942671.21
140.03211 	934409.68
140.38395 	926148.44
140.73579 	917887.48
141.08763 	909626.78
141.43947 	901366.32
141.79131 	893106.09
142.14315 	884846.07
142.49499 	876586.24
142.84683 	868326.58
144.25419 	835289.27
145.3097 	810512.17
145.66154 	802253.22
146.01338 	793994.27
146.36522 	785735.32
146.71706 	777476.35
147.0689 	769217.36
147.42074 	760958.32
148.12442 	744440.07
148.8281 	727921.53
149.17994 	719662.14
149.88362 	703143.05
150.23546 	694883.35
150.5873 	686623.54
151.29098 	670103.58
151.99465 	653583.15
152.69833 	637062.23
153.05017 	628801.6
153.40201 	620540.84
153.75385 	612279.97
154.45753 	595757.87
154.80937 	587496.65
155.16121 	579235.32
155.51305 	570973.88
155.86489 	562712.34
156.21673 	554450.7
156.56857 	546188.96
157.62409 	521403.17
157.97593 	513141.07
158.32777 	504878.89
158.67961 	496616.63
159.03144 	488354.3
159.38328 	480091.9
159.73512 	471829.44
160.08696 	463566.92
160.4388 	455304.33
160.79064 	447041.7
161.14248 	438779.02
161.49432 	430516.29
161.84616 	422253.52
162.90168 	397464.99
163.25352 	389202.09
163.9572 	372676.22
164.30904 	364413.25
164.66088 	356150.27
165.01272 	347887.28
165.71639 	331361.28
166.06823 	323098.26
167.12375 	298309.23
167.47559 	290046.22
167.82743 	281783.21
168.17927 	273520.22
168.53111 	265257.23
169.23479 	248731.29
169.58663 	240468.33
169.93847 	232205.38
170.64215 	215679.53
170.99399 	207416.63
171.34583 	199153.74
171.69767 	190890.86
172.04951 	182627.99
172.40134 	174365.14
172.75318 	166102.3
173.10502 	157839.47
174.16054 	133051.07
174.51238 	124788.29
174.86422 	116525.51
