0 	7658377
6.4128257 	7516563.4
34.468938 	6993324.1
37.675351 	6918704.5
40.881764 	6872334.1
50.501002 	6861638.3
53.707415 	6847017.2
62.52505 	6647996.6
65.731463 	6576455.9
68.937876 	6501940.1
69.739479 	6485372.9
96.993988 	6081181.5
103.40681 	5921942.2
106.61323 	5838254.8
116.23246 	5593661
123.44689 	5413852.2
125.05 	5373175.8
125.8517 	5353493.6
128.25651 	5297802.7
131.46293 	5228228.4
151.50301 	4864100
153.90782 	4818937.3
156.31263 	4760209.5
159.51904 	4680426.6
166.73347 	4502279.3
169.13828 	4439988.2
175.5511 	4254732.6
176.35271 	4231288.2
187.57515 	4141047.8
190.78156 	4139397.7
200.4008 	4137776.6
201.2024 	4137631.3
202.00401 	4137578.5
202.80561 	4137680.6
203.60721 	4138239.1
204.40882 	4139297.2
205.21042 	4139991.6
206.01202 	4140153.4
206.81363 	4140085.3
207.61523 	4139958.7
208.41683 	4139788.7
209.21844 	4139592
210.02004 	4139393
210.82164 	4139211.4
211.62325 	4139088.6
212.42485 	4139013.8
213.22645 	4138948.5
214.02806 	4138900.1
214.82966 	4138890.3
215.63126 	4138891.4
216.43287 	4138899.2
217.23447 	4138994.8
218.03607 	4139064.3
219.63928 	4139147.3
220.44088 	4139231.9
221.24248 	4139344.7
222.04409 	4139417.9
222.84569 	4139430.5
223.64729 	4139482.2
224.4489 	4139495.5
225.2505 	4139374.6
226.0521 	4139190.9
227.65531 	4138875.7
228.45691 	4138772.8
229.25852 	4138626.4
230.86172 	4138112.5
231.66333 	4137763.8
232.46493 	4137383.9
234.06814 	4136860.2
234.86974 	4136713.7
235.67134 	4136621.1
236.47295 	4136561.5
237.27455 	4136483.6
238.07615 	4136438.5
238.87776 	4136438.4
239.67936 	4136484.6
240.48096 	4136501.8
241.28257 	4136505.1
242.08417 	4136496.5
242.88577 	4136402.5
243.68737 	4136238.8
244.48898 	4135995.1
245.29058 	4135688.4
246.09218 	4135401.8
246.89379 	4135210.3
247.69539 	4135087.5
248.49699 	4134998.7
249.2986 	4134985.7
250.1002 	4135118.6
250.9018 	4135368.3
251.70341 	4135672.8
252.50501 	4136009.3
253.30661 	4136312.7
254.10822 	4136458.6
254.90982 	4136354
255.71142 	4135958.1
256.51303 	4135350.1
257.31463 	4134679
258.11623 	4134071.6
258.91784 	4133607.3
259.71944 	4133293.3
260.52104 	4133092.4
261.32265 	4132978.1
262.12425 	4132930
262.92585 	4132898.2
263.72745 	4132870.1
264.52906 	4132845
265.33066 	4132786.9
266.13226 	4132727.5
266.93387 	4132677.1
267.73547 	4132630.3
268.53707 	4132597.1
269.33868 	4132586.4
270.14028 	4132541.7
270.94188 	4132461.9
271.74349 	4132239.3
272.54509 	4131818.3
273.34669 	4130851.3
274.1483 	4128619.8
274.9499 	4123583.3
274.95 	4123582.4
275.7515 	4112990.7
276.55311 	4094453.3
277.35471 	4070024.9
278.95792 	4018010.1
279.75952 	3992040.5
280.56112 	3966081.2
281.36273 	3940118.5
282.16433 	3914150.6
282.96593 	3888178.2
283.76754 	3862202.2
284.56914 	3836222.9
285.37074 	3810240.8
286.17234 	3784256.8
286.97395 	3758272.2
288.57715 	3706305.2
289.37876 	3680323.8
290.18036 	3654343.5
290.98196 	3628363.8
291.78357 	3602384.4
292.58517 	3576405.1
293.38677 	3550425.6
294.18838 	3524446.2
294.98998 	3498466.9
295.79158 	3472488.1
296.59319 	3446510.4
297.39479 	3420534
298.19639 	3394559.3
298.998 	3368586.3
299.7996 	3342615.2
300.6012 	3316645.9
301.40281 	3290678.7
302.20441 	3264714
303.00601 	3238752.3
303.80762 	3212794
304.60922 	3186839.4
306.21242 	3134939.8
307.01403 	3108993.5
307.81563 	3083048.5
308.61723 	3057104
309.41884 	3031159.7
310.22044 	3005215.2
311.02204 	2979270.5
311.82365 	2953325.6
312.62525 	2927380.5
313.42685 	2901435.2
314.22846 	2875489.6
315.03006 	2849543.7
315.83166 	2823597
316.63327 	2797649.1
317.43487 	2771699.8
318.23647 	2745748.6
319.03808 	2719795.1
319.83968 	2693839.3
320.64128 	2667881
321.44289 	2641920.5
322.24449 	2615957.9
323.04609 	2589993.7
323.8477 	2564028.7
324.6493 	2538063.4
325.4509 	2512098.7
326.25251 	2486135.3
327.05411 	2460173.8
327.85571 	2434214.6
328.65731 	2408258
329.45892 	2382304.2
330.26052 	2356353.2
331.06212 	2330404.9
331.86373 	2304459.3
332.66533 	2278516.4
333.46693 	2252576.2
334.26854 	2226638.8
335.07014 	2200704.3
335.87174 	2174773
336.67335 	2148844.9
337.47495 	2122920.5
338.27655 	2096999.8
339.07816 	2071083
339.87976 	2045170.2
340.68136 	2019261.5
341.48297 	1993356.7
342.28457 	1967455.7
343.08617 	1941558.1
343.88778 	1915663.8
344.68938 	1889772.3
345.49098 	1863883.3
346.29259 	1837996.5
347.09419 	1812111.4
347.89579 	1786227.6
348.69739 	1760345
349.499 	1734463.1
350.3006 	1708581.6
351.1022 	1682700.1
351.90381 	1656818.3
352.70541 	1630935.9
353.50701 	1605052.4
354.30862 	1579167.7
355.11022 	1553281.2
355.91182 	1527392.9
356.71343 	1501502.2
357.51503 	1475609.1
358.31663 	1449713.1
359.11824 	1423814
359.91984 	1397911.7
360.72144 	1372005.8
361.52305 	1346096.2
362.32465 	1320182.7
363.12625 	1294265.3
363.92786 	1268343.9
364.72946 	1242418.5
365.53106 	1216489.1
366.33267 	1190555.7
367.13427 	1164618.4
367.93587 	1138677.3
368.73747 	1112732.4
369.53908 	1086783.9
370.34068 	1060832
371.14228 	1034876.7
371.94389 	1008918.3
372.74549 	982957.03
373.54709 	956993.22
374.3487 	931027.15
375.1503 	905059.14
375.9519 	879089.53
376.75351 	853118.62
377.55511 	827146.73
379.15832 	775200.91
379.95992 	749227.36
381.56313 	697279.44
382.36473 	671305.14
383.16633 	645330.6
383.96794 	619355.81
384.76954 	593380.77
385.57114 	567405.53
386.37275 	541430.15
387.17435 	515454.78
387.97595 	489479.61
388.77756 	463504.88
389.57916 	437530.86
390.38076 	411557.82
391.18236 	385586.04
391.98397 	359615.76
392.78557 	333647.16
393.58717 	307680.34
394.38878 	281715.36
395.19038 	255752.15
395.99198 	229790.62
396.79359 	203830.57
397.59519 	177871.78
399.1984 	125956.81
400 	100632.22
