0 	3836503.1
0.35183948 	3829144.1
0.70367896 	3821297.7
1.0555184 	3813441.5
1.4073579 	3805439
1.7591974 	3796274.9
2.1110369 	3782268.5
2.4628764 	3769657.4
2.8147158 	3765240.4
3.1665553 	3762583.5
3.5183948 	3760653.4
3.8702343 	3760266.5
4.2220737 	3760217.7
4.9257527 	3760193.8
5.6294317 	3760117.6
5.9812711 	3760068.4
6.3331106 	3760005.2
8.092308 	3760041.7
8.795987 	3760222
9.1478265 	3760298.5
10.203345 	3759808.2
10.907024 	3748060.4
11.258863 	3740274.5
11.610703 	3732477.7
11.962542 	3724680.5
12.666221 	3709086
13.018061 	3701288.8
13.3699 	3693491.6
13.72174 	3685694.4
14.777258 	3662302.9
15.480937 	3646708.8
15.832777 	3638911.8
16.536456 	3623317.8
17.591974 	3599927.1
18.647492 	3576536.8
19.351171 	3560943.5
19.703011 	3553146.9
20.05485 	3545350.3
20.40669 	3537553.7
20.758529 	3529757.2
21.462208 	3514164.3
22.165887 	3498571.5
22.869566 	3482978.7
23.573245 	3467386.1
23.925085 	3459589.9
24.276924 	3451793.6
24.628764 	3443997.4
25.332442 	3428405
25.684282 	3420608.8
26.387961 	3405016.4
26.7398 	3397220.3
27.09164 	3389424.1
27.443479 	3381628
27.795319 	3373831.9
28.147158 	3366035.7
28.850837 	3350443.4
29.202677 	3342647.3
29.554516 	3334851.2
29.906356 	3327055
30.258195 	3319258.9
30.610035 	3311462.8
30.961874 	3303666.6
31.665553 	3288074.3
32.017393 	3280278.2
32.369232 	3272482
32.721072 	3264685.8
33.072911 	3256889.6
33.424751 	3249093.5
33.77659 	3241297.3
34.128429 	3233501.1
34.480269 	3225704.9
34.832108 	3217908.7
35.183948 	3210112.5
35.535787 	3202316.3
35.887627 	3194520.1
36.239466 	3186723.9
36.591306 	3178927.7
37.294985 	3163335.2
37.646824 	3155539
37.998664 	3147742.8
38.702343 	3132150.4
39.406022 	3116558
39.757861 	3108761.8
41.165219 	3077577
41.517059 	3069780.9
41.868898 	3061984.7
42.220737 	3054188.6
42.924416 	3038596.3
43.276256 	3030800.2
43.628095 	3023004.1
43.979935 	3015208
44.683614 	2999615.9
45.035453 	2991819.9
45.387293 	2984023.8
46.090972 	2968431.8
46.442811 	2960635.9
47.14649 	2945044
47.49833 	2937248
48.202009 	2921656.2
48.553848 	2913860.4
49.257527 	2898268.7
49.609367 	2890472.8
49.961206 	2882677
50.313045 	2874881.2
50.664885 	2867085.5
51.016724 	2859289.7
51.720403 	2843698.2
52.072243 	2835902.5
52.424082 	2828106.8
52.775922 	2820311.1
53.127761 	2812515.4
54.18328 	2789128.5
54.535119 	2781332.8
54.886959 	2773537.2
55.238798 	2765741.6
55.590638 	2757946
55.942477 	2750150.4
56.997996 	2726763.6
57.349835 	2718968
57.701675 	2711172.4
58.053514 	2703376.8
58.405354 	2695581.3
58.757193 	2687785.7
59.109032 	2679990.1
59.460872 	2672194.5
60.164551 	2656603.4
60.51639 	2648807.8
60.86823 	2641012.2
61.220069 	2633216.6
61.571909 	2625421
61.923748 	2617625.4
62.275588 	2609829.8
62.627427 	2602034.2
62.979267 	2594238.6
63.331106 	2586443
63.682946 	2578647.4
64.034785 	2570851.7
64.386625 	2563056.1
64.738464 	2555260.4
65.442143 	2539669.1
65.793983 	2531873.4
66.497662 	2516282.1
67.55318 	2492895
68.256859 	2477303.5
68.608698 	2469507.8
69.312377 	2453916.2
70.016056 	2438324.7
70.367896 	2430528.9
70.719735 	2422733.1
71.071575 	2414937.3
71.423414 	2407141.5
72.830772 	2375958.2
73.182612 	2368162.4
73.534451 	2360366.6
73.886291 	2352570.7
74.941809 	2329183.2
75.293648 	2321387.3
75.645488 	2313591.4
75.997327 	2305795.6
77.052846 	2282408
77.404685 	2274612.1
77.756525 	2266816.2
78.460204 	2251224.5
78.812043 	2243428.6
79.163883 	2235632.8
80.219401 	2212245.2
81.27492 	2188857.6
81.626759 	2181061.7
81.978599 	2173265.9
82.330438 	2165470.1
82.682278 	2157674.2
83.034117 	2149878.4
83.385957 	2142082.6
83.737796 	2134286.8
84.089635 	2126490.9
84.441475 	2118695.1
85.496993 	2095307.8
86.552512 	2071920.4
86.904351 	2064124.7
89.015388 	2017350.3
89.367228 	2009554.6
90.070907 	1993963.2
90.422746 	1986167.6
90.774586 	1978371.9
91.126425 	1970576.2
91.478265 	1962780.6
91.830104 	1954985
92.533783 	1939393.7
93.237462 	1923802.5
93.589301 	1916006.9
93.941141 	1908211.4
94.29298 	1900415.8
96.052178 	1861438.1
96.404017 	1853642.6
96.755857 	1845847.1
97.459536 	1830256.2
97.811375 	1822460.7
98.163215 	1814665.2
98.515054 	1806869.8
99.922412 	1775688.2
100.27425 	1767892.8
100.62609 	1760097.4
101.32977 	1744506.7
102.03345 	1728916
102.38529 	1721120.7
103.79265 	1689939.6
104.14449 	1682144.3
104.49633 	1674349.1
105.2 	1658758.6
105.90368 	1643168.2
106.25552 	1635373.1
106.60736 	1627577.9
108.01472 	1596397.4
108.36656 	1588602.3
108.7184 	1580807.2
109.07024 	1573012.1
109.77392 	1557422
110.12576 	1549627
110.82944 	1534037
111.18128 	1526242
111.53311 	1518447
111.88495 	1510652.1
112.58863 	1495062.2
112.94047 	1487267.3
113.29231 	1479472.4
113.64415 	1471677.5
113.99599 	1463882.6
114.34783 	1456087.8
114.69967 	1448292.9
115.05151 	1440498.1
115.40335 	1432703.3
115.75519 	1424908.5
116.45887 	1409318.9
116.81071 	1401524.2
117.16255 	1393729.4
117.51439 	1385934.7
118.21806 	1370345.3
118.5699 	1362550.7
118.92174 	1354756
119.27358 	1346961.4
119.62542 	1339166.7
119.97726 	1331372.1
120.3291 	1323577.5
120.68094 	1315782.9
121.03278 	1307988.4
121.38462 	1300193.8
121.73646 	1292399.3
122.0883 	1284604.8
122.79198 	1269015.8
123.14382 	1261221.3
123.49566 	1253426.9
123.8475 	1245632.4
124.19934 	1237838
124.55118 	1230043.6
124.90302 	1222249.2
125.25485 	1214454.8
125.60669 	1206660.5
126.66221 	1183277.5
127.01405 	1175483.2
127.36589 	1167688.9
127.71773 	1159894.6
128.06957 	1152100.4
128.42141 	1144306.2
128.77325 	1136511.9
129.12509 	1128717.7
129.47693 	1120923.6
130.18061 	1105335.2
130.53245 	1097541.1
130.88429 	1089747
131.23613 	1081952.9
132.29164 	1058570.7
132.64348 	1050776.6
132.99532 	1042982.6
133.699 	1027394.6
134.05084 	1019600.6
134.40268 	1011806.6
134.75452 	1004012.7
135.4582 	988424.85
135.81004 	980630.95
136.16188 	972837.06
136.51372 	965043.19
136.86556 	957249.33
137.56924 	941661.67
137.92108 	933867.86
138.27292 	926074.06
138.97659 	910486.51
139.68027 	894899.02
140.03211 	887105.3
140.38395 	879311.59
140.73579 	871517.9
141.08763 	863724.22
141.43947 	855930.55
141.79131 	848136.9
142.14315 	840343.26
142.49499 	832549.64
142.84683 	824756.03
144.25419 	793581.73
145.3097 	770201.14
145.66154 	762407.63
146.01338 	754614.14
146.36522 	746820.66
146.71706 	739027.2
147.0689 	731233.74
147.42074 	723440.3
148.12442 	707853.46
148.8281 	692266.66
149.17994 	684473.28
149.88362 	668886.55
150.23546 	661093.21
150.5873 	653299.87
151.29098 	637713.23
151.99465 	622126.64
152.69833 	606540.09
153.05017 	598746.83
153.40201 	590953.58
153.75385 	583160.34
154.45753 	567573.89
154.80937 	559780.68
155.16121 	551987.48
155.51305 	544194.29
155.86489 	536401.12
156.21673 	528607.94
156.56857 	520814.78
157.62409 	497435.36
157.97593 	489642.23
158.32777 	481849.12
158.67961 	474056.01
159.03144 	466262.91
159.38328 	458469.82
159.73512 	450676.74
160.08696 	442883.67
160.4388 	435090.61
160.79064 	427297.55
161.14248 	419504.51
161.49432 	411711.47
161.84616 	403918.44
162.90168 	380539.4
163.25352 	372746.4
163.9572 	357160.43
164.30904 	349367.46
164.66088 	341574.49
165.01272 	333781.54
165.71639 	318195.64
166.06823 	310402.71
167.12375 	287023.95
167.47559 	279231.05
167.82743 	271438.15
168.17927 	263645.27
168.53111 	255852.39
169.23479 	240266.65
169.58663 	232473.79
169.93847 	224680.94
170.64215 	209095.26
170.99399 	201302.43
171.34583 	193509.61
171.69767 	185716.8
172.04951 	177924
172.40134 	170131.2
172.75318 	162338.41
173.10502 	154545.63
174.16054 	131167.33
174.51238 	123374.58
174.86422 	115581.84
