0 	9184135.3
6.4128257 	9073377.4
34.468938 	8582613.6
37.675351 	8520764.8
40.881764 	8445177.8
50.501002 	8215767.2
53.707415 	8142237.8
62.52505 	7910320.8
65.731463 	7835746.3
68.937876 	7769360.5
69.739479 	7754158.3
96.993988 	7673129.9
103.40681 	7635136.3
106.61323 	7553735
116.23246 	7309059
123.44689 	7125714.3
125.05 	7084969.8
125.8517 	7064591.9
128.25651 	7003460.7
131.46293 	6921938.1
151.50301 	6411861.8
153.90782 	6350643.4
156.31263 	6289441.5
159.51904 	6207871
166.73347 	6024513.2
169.13828 	5963459.6
175.5511 	5800803.7
176.35271 	5780484.6
187.57515 	5496163.1
190.78156 	5414893.4
200.4008 	5170707.7
201.2024 	5150336
202.00401 	5129961.9
202.80561 	5109585.7
203.60721 	5089207.7
204.40882 	5068828.3
205.21042 	5048447.8
206.01202 	5028066.4
206.81363 	5007684.3
207.61523 	4987301.9
208.41683 	4966919.4
209.21844 	4946536.9
210.02004 	4926154.7
210.82164 	4905772.9
211.62325 	4885391.6
212.42485 	4865010.9
213.22645 	4844630.9
214.02806 	4824251.6
214.82966 	4803873.2
215.63126 	4783495.6
216.43287 	4763118.8
217.23447 	4742742.9
218.03607 	4722367.8
219.63928 	4681620
220.44088 	4661247.3
221.24248 	4640875.3
222.04409 	4620503.9
222.84569 	4600133.2
223.64729 	4579763.1
224.4489 	4559393.5
225.2505 	4539024.4
226.0521 	4518655.7
227.65531 	4477919.3
228.45691 	4457551.5
229.25852 	4437183.9
230.86172 	4396448.7
231.66333 	4376081.1
232.46493 	4355713.5
234.06814 	4314977.6
234.86974 	4294609.4
235.67134 	4274240.8
236.47295 	4253872
237.27455 	4233502.8
238.07615 	4213133.2
238.87776 	4192763.2
239.67936 	4172392.8
240.48096 	4152022
241.28257 	4131650.8
242.08417 	4111279.2
242.88577 	4090907.2
243.68737 	4070534.8
244.48898 	4050162
245.29058 	4029788.8
246.09218 	4009415.3
246.89379 	3989041.5
247.69539 	3968667.4
248.49699 	3948293.1
249.2986 	3927918.6
250.1002 	3907543.8
250.9018 	3887168.9
251.70341 	3866793.9
252.50501 	3846418.9
253.30661 	3826043.7
254.10822 	3805668.6
254.90982 	3785293.5
255.71142 	3764918.4
256.51303 	3744543.4
257.31463 	3724168.6
258.11623 	3703793.8
258.91784 	3683419.2
259.71944 	3663044.8
260.52104 	3642670.6
261.32265 	3622296.6
262.12425 	3601922.8
262.92585 	3581549.3
263.72745 	3561175.9
264.52906 	3540802.8
265.33066 	3520429.9
266.13226 	3500057.2
266.93387 	3479684.7
267.73547 	3459312.3
268.53707 	3438940.2
269.33868 	3418568.3
270.14028 	3398196.5
270.94188 	3377824.8
271.74349 	3357453.3
272.54509 	3337081.8
273.34669 	3316710.5
274.1483 	3296339.3
274.9499 	3275968.1
274.95 	3275965.6
275.7515 	3255597
276.55311 	3235226
277.35471 	3214855.1
278.95792 	3174113.5
279.75952 	3153742.8
280.56112 	3133372.3
281.36273 	3113001.9
282.16433 	3092631.7
282.96593 	3072261.8
283.76754 	3051892.1
284.56914 	3031522.7
285.37074 	3011153.6
286.17234 	2990784.9
286.97395 	2970416.7
288.57715 	2929681.7
289.37876 	2909315
290.18036 	2888948.9
290.98196 	2868583.5
291.78357 	2848218.7
292.58517 	2827854.6
293.38677 	2807491.1
294.18838 	2787128.4
294.98998 	2766766.3
295.79158 	2746404.9
296.59319 	2726044.1
297.39479 	2705684
298.19639 	2685324.3
298.998 	2664965.2
299.7996 	2644606.6
300.6012 	2624248.3
301.40281 	2603890.3
302.20441 	2583532.5
303.00601 	2563174.8
303.80762 	2542817.3
304.60922 	2522459.7
306.21242 	2481744.2
307.01403 	2461386.1
307.81563 	2441027.7
308.61723 	2420669
309.41884 	2400309.8
310.22044 	2379950.2
311.02204 	2359590
311.82365 	2339229.3
312.62525 	2318868.1
313.42685 	2298506.2
314.22846 	2278143.9
315.03006 	2257780.9
315.83166 	2237417.5
316.63327 	2217053.5
317.43487 	2196689.1
318.23647 	2176324.2
319.03808 	2155959
319.83968 	2135593.5
320.64128 	2115227.8
321.44289 	2094861.8
322.24449 	2074495.8
323.04609 	2054129.8
323.8477 	2033763.8
324.6493 	2013398
325.4509 	1993032.4
326.25251 	1972667.1
327.05411 	1952302.3
327.85571 	1931937.8
328.65731 	1911574
329.45892 	1891210.7
330.26052 	1870848.2
331.06212 	1850486.4
331.86373 	1830125.4
332.66533 	1809765.3
333.46693 	1789406.1
334.26854 	1769047.9
335.07014 	1748690.7
335.87174 	1728334.6
336.67335 	1707979.5
337.47495 	1687625.5
338.27655 	1667272.7
339.07816 	1646920.9
339.87976 	1626570.3
340.68136 	1606220.8
341.48297 	1585872.3
342.28457 	1565525
343.08617 	1545178.8
343.88778 	1524833.6
344.68938 	1504489.4
345.49098 	1484146.2
346.29259 	1463803.9
347.09419 	1443462.4
347.89579 	1423121.8
348.69739 	1402781.9
349.499 	1382442.6
350.3006 	1362104
351.1022 	1341765.8
351.90381 	1321428.1
352.70541 	1301090.6
353.50701 	1280753.4
354.30862 	1260416.3
355.11022 	1240079.2
355.91182 	1219741.9
356.71343 	1199404.5
357.51503 	1179066.6
358.31663 	1158728.3
359.11824 	1138389.5
359.91984 	1118049.9
360.72144 	1097709.5
361.52305 	1077368.2
362.32465 	1057025.8
363.12625 	1036682.4
363.92786 	1016337.7
364.72946 	995991.72
365.53106 	975644.38
366.33267 	955295.6
367.13427 	934945.34
367.93587 	914593.57
368.73747 	894240.26
369.53908 	873885.4
370.34068 	853529
371.14228 	833171.08
371.94389 	812811.67
372.74549 	792450.81
373.54709 	772088.58
374.3487 	751725.03
375.1503 	731360.26
375.9519 	710994.37
376.75351 	690627.45
377.55511 	670259.63
379.15832 	629521.75
379.95992 	609151.95
381.56313 	568411.27
382.36473 	548040.66
383.16633 	527670.02
383.96794 	507299.49
384.76954 	486929.18
385.57114 	466559.18
386.37275 	446189.6
387.17435 	425820.51
387.97595 	405451.99
388.77756 	385084.09
389.57916 	364716.87
390.38076 	344350.34
391.18236 	323984.54
391.98397 	303619.45
392.78557 	283255.08
393.58717 	262891.39
394.38878 	242528.35
395.19038 	222165.91
395.99198 	201804.01
396.79359 	181442.59
397.59519 	161081.56
399.1984 	120360.36
400 	100495.9
