0 	9544198.5
6.4128257 	9411019.4
34.468938 	8855864.7
37.675351 	8799867.8
40.881764 	8795470.4
50.501002 	8789934.6
53.707415 	8740199
62.52505 	8520022.3
65.731463 	8440003.4
68.937876 	8359986.8
69.739479 	8339983.2
96.993988 	7659832.8
103.40681 	7499774.8
106.61323 	7419749
116.23246 	7179680.2
123.44689 	6999631.1
125.05 	6959623.7
125.8517 	6939616.5
128.25651 	6879603.3
131.46293 	6799588.1
151.50301 	6299537.5
153.90782 	6239531.1
156.31263 	6179524.5
159.51904 	6099516.3
166.73347 	5919503.1
169.13828 	5859499.7
175.5511 	5699488.9
176.35271 	5679487.2
187.57515 	5399453.6
190.78156 	5319441.6
200.4008 	5079403.7
201.2024 	5059400.6
202.00401 	5039397.4
202.80561 	5019394.3
203.60721 	4999391.2
204.40882 	4979388.1
205.21042 	4959385
206.01202 	4939382
206.81363 	4919378.9
207.61523 	4899375.9
208.41683 	4879373
209.21844 	4859370
210.02004 	4839367.1
210.82164 	4819364.2
211.62325 	4799361.4
212.42485 	4779358.6
213.22645 	4759355.8
214.02806 	4739353.1
214.82966 	4719350.4
215.63126 	4699347.8
216.43287 	4679345.2
217.23447 	4659342.7
218.03607 	4639340.2
219.63928 	4599335.5
220.44088 	4579333.2
221.24248 	4559331
222.04409 	4539328.8
222.84569 	4519326.8
223.64729 	4499324.7
224.4489 	4479322.8
225.2505 	4459320.9
226.0521 	4439319.1
227.65531 	4399315.7
228.45691 	4379314.1
229.25852 	4359312.6
230.86172 	4319309.8
231.66333 	4299308.5
232.46493 	4279307.3
234.06814 	4239305
234.86974 	4219303.9
235.67134 	4199302.9
236.47295 	4179302
237.27455 	4159301.1
238.07615 	4139300.3
238.87776 	4119299.5
239.67936 	4099298.8
240.48096 	4079298.1
241.28257 	4059297.5
242.08417 	4039296.9
242.88577 	4019296.4
243.68737 	3999296
244.48898 	3979295.5
245.29058 	3959295.2
246.09218 	3939294.8
246.89379 	3919294.6
247.69539 	3899294.3
248.49699 	3879294.1
249.2986 	3859294
250.1002 	3839293.8
250.9018 	3819293.8
251.70341 	3799293.7
252.50501 	3779293.7
253.30661 	3759293.7
254.10822 	3739293.8
254.90982 	3719293.8
255.71142 	3699293.9
256.51303 	3679294
257.31463 	3659294.2
258.11623 	3639294.3
258.91784 	3619294.5
259.71944 	3599294.7
260.52104 	3579294.9
261.32265 	3559295.1
262.12425 	3539295.3
262.92585 	3519295.4
263.72745 	3499295.6
264.52906 	3479295.8
265.33066 	3459296
266.13226 	3439296.2
266.93387 	3419296.4
267.73547 	3399296.6
268.53707 	3379296.8
269.33868 	3359296.9
270.14028 	3339297.1
270.94188 	3319297.3
271.74349 	3299297.5
272.54509 	3279297.7
273.34669 	3259297.9
274.1483 	3239298.1
274.9499 	3219298.3
274.95 	3219295.8
275.7515 	3199298.5
276.55311 	3179298.8
277.35471 	3159299
278.95792 	3119299.6
279.75952 	3099299.9
280.56112 	3079300.3
281.36273 	3059300.6
282.16433 	3039301
282.96593 	3019301.5
283.76754 	2999301.9
284.56914 	2979302.4
285.37074 	2959302.9
286.17234 	2939303.4
286.97395 	2919304
288.57715 	2879305.2
289.37876 	2859305.9
290.18036 	2839306.6
290.98196 	2819307.3
291.78357 	2799308
292.58517 	2779308.8
293.38677 	2759309.6
294.18838 	2739310.4
294.98998 	2719311.3
295.79158 	2699312.2
296.59319 	2679313.2
297.39479 	2659314.1
298.19639 	2639315.2
298.998 	2619316.2
299.7996 	2599317.3
300.6012 	2579318.5
301.40281 	2559319.7
302.20441 	2539320.9
303.00601 	2519322.2
303.80762 	2499323.6
304.60922 	2479325
306.21242 	2439328.1
307.01403 	2419329.7
307.81563 	2399331.4
308.61723 	2379333.2
309.41884 	2359335.1
310.22044 	2339337.1
311.02204 	2319339.1
311.82365 	2299341.3
312.62525 	2279343.5
313.42685 	2259345.9
314.22846 	2239348.3
315.03006 	2219350.9
315.83166 	2199353.5
316.63327 	2179356.3
317.43487 	2159359.1
318.23647 	2139362.1
319.03808 	2119365.2
319.83968 	2099368.4
320.64128 	2079371.7
321.44289 	2059375.2
322.24449 	2039378.7
323.04609 	2019382.4
323.8477 	1999386.1
324.6493 	1979390
325.4509 	1959394
326.25251 	1939398.1
327.05411 	1919402.3
327.85571 	1899406.7
328.65731 	1879411.1
329.45892 	1859415.6
330.26052 	1839420.3
331.06212 	1819425
331.86373 	1799429.8
332.66533 	1779434.7
333.46693 	1759439.8
334.26854 	1739444.9
335.07014 	1719450.1
335.87174 	1699455.4
336.67335 	1679460.7
337.47495 	1659466.2
338.27655 	1639471.7
339.07816 	1619477.3
339.87976 	1599483
340.68136 	1579488.8
341.48297 	1559494.6
342.28457 	1539500.5
343.08617 	1519506.4
343.88778 	1499512.4
344.68938 	1479518.5
345.49098 	1459524.7
346.29259 	1439530.9
347.09419 	1419537.1
347.89579 	1399543.4
348.69739 	1379549.8
349.499 	1359556.1
350.3006 	1339562.6
351.1022 	1319569.1
351.90381 	1299575.6
352.70541 	1279582.2
353.50701 	1259588.8
354.30862 	1239595.4
355.11022 	1219602.1
355.91182 	1199608.8
356.71343 	1179615.5
357.51503 	1159622.2
358.31663 	1139629
359.11824 	1119635.8
359.91984 	1099642.6
360.72144 	1079649.4
361.52305 	1059656.3
362.32465 	1039663.1
363.12625 	1019670
363.92786 	999676.9
364.72946 	979683.8
365.53106 	959690.71
366.33267 	939697.62
367.13427 	919704.55
367.93587 	899711.48
368.73747 	879718.41
369.53908 	859725.35
370.34068 	839732.3
371.14228 	819739.25
371.94389 	799746.21
372.74549 	779753.17
373.54709 	759760.13
374.3487 	739767.11
375.1503 	719774.09
375.9519 	699781.07
376.75351 	679788.07
377.55511 	659795.07
379.15832 	619809.1
379.95992 	599816.14
381.56313 	559830.26
382.36473 	539837.34
383.16633 	519844.44
383.96794 	499851.56
384.76954 	479858.7
385.57114 	459865.86
386.37275 	439873.05
387.17435 	419880.26
387.97595 	399887.5
388.77756 	379894.76
389.57916 	359902.06
390.38076 	339909.38
391.18236 	319916.74
391.98397 	299924.13
392.78557 	279931.55
393.58717 	259939.01
394.38878 	239946.51
395.19038 	219954.04
395.99198 	199961.6
396.79359 	179969.2
397.59519 	159976.85
399.1984 	119992.25
400 	100486.94
