0 	9924122.7
6.4128257 	9776952.3
34.468938 	9086639.9
37.675351 	9007750.6
40.881764 	8928862.7
50.501002 	8692207.5
53.707415 	8613325.5
62.52505 	8396407.6
65.731463 	8317531.1
68.937876 	8238656
69.739479 	8218937.5
96.993988 	7548552
103.40681 	7390825.8
106.61323 	7311964.2
116.23246 	7075385.2
123.44689 	6897956.7
125.05 	6858531.3
125.8517 	6838815
128.25651 	6779673.7
131.46293 	6700819.6
151.50301 	6208003.4
153.90782 	6148868
156.31263 	6089733.1
159.51904 	6010887.6
166.73347 	5833488.7
169.13828 	5774356.8
175.5511 	5616674.7
176.35271 	5596964.7
187.57515 	5321031.5
190.78156 	5242195.7
200.4008 	5005694.3
201.2024 	4985986.3
202.00401 	4966278.3
202.80561 	4946570.4
203.60721 	4926862.5
204.40882 	4907154.7
205.21042 	4887447
206.01202 	4867739.3
206.81363 	4848031.7
207.61523 	4828324.2
208.41683 	4808616.7
209.21844 	4788909.3
210.02004 	4769201.9
210.82164 	4749494.6
211.62325 	4729787.4
212.42485 	4710080.2
213.22645 	4690373.1
214.02806 	4670666.1
214.82966 	4650959.1
215.63126 	4631252.1
216.43287 	4611545.3
217.23447 	4591838.5
218.03607 	4572131.7
219.63928 	4532718.4
220.44088 	4513011.8
221.24248 	4493305.3
222.04409 	4473598.9
222.84569 	4453892.5
223.64729 	4434186.2
224.4489 	4414479.9
225.2505 	4394773.7
226.0521 	4375067.6
227.65531 	4335655.5
228.45691 	4315949.5
229.25852 	4296243.6
230.86172 	4256832
231.66333 	4237126.2
232.46493 	4217420.6
234.06814 	4178009.4
234.86974 	4158303.9
235.67134 	4138598.5
236.47295 	4118893.1
237.27455 	4099187.8
238.07615 	4079482.5
238.87776 	4059777.3
239.67936 	4040072.1
240.48096 	4020367.1
241.28257 	4000662
242.08417 	3980957
242.88577 	3961252.1
243.68737 	3941547.3
244.48898 	3921842.5
245.29058 	3902137.7
246.09218 	3882433
246.89379 	3862728.4
247.69539 	3843023.8
248.49699 	3823319.3
249.2986 	3803614.8
250.1002 	3783910.4
250.9018 	3764206
251.70341 	3744501.7
252.50501 	3724797.4
253.30661 	3705093.2
254.10822 	3685389.1
254.90982 	3665685
255.71142 	3645981
256.51303 	3626277
257.31463 	3606573.1
258.11623 	3586869.2
258.91784 	3567165.4
259.71944 	3547461.6
260.52104 	3527757.9
261.32265 	3508054.2
262.12425 	3488350.6
262.92585 	3468647
263.72745 	3448943.5
264.52906 	3429240.1
265.33066 	3409536.7
266.13226 	3389833.3
266.93387 	3370130
267.73547 	3350426.8
268.53707 	3330723.6
269.33868 	3311020.5
270.14028 	3291317.4
270.94188 	3271614.3
271.74349 	3251911.3
272.54509 	3232208.4
273.34669 	3212505.5
274.1483 	3192802.6
274.9499 	3173099.9
274.95 	3173097.4
275.7515 	3153397.1
276.55311 	3133694.4
277.35471 	3113991.8
278.95792 	3074586.6
279.75952 	3054884.1
280.56112 	3035181.7
281.36273 	3015479.3
282.16433 	2995776.9
282.96593 	2976074.6
283.76754 	2956372.4
284.56914 	2936670.2
285.37074 	2916968
286.17234 	2897265.9
286.97395 	2877563.9
288.57715 	2838159.9
289.37876 	2818457.9
290.18036 	2798756.1
290.98196 	2779054.2
291.78357 	2759352.5
292.58517 	2739650.7
293.38677 	2719949
294.18838 	2700247.4
294.98998 	2680545.8
295.79158 	2660844.2
296.59319 	2641142.7
297.39479 	2621441.3
298.19639 	2601739.9
298.998 	2582038.5
299.7996 	2562337.2
300.6012 	2542635.9
301.40281 	2522934.6
302.20441 	2503233.5
303.00601 	2483532.3
303.80762 	2463831.2
304.60922 	2444130.1
306.21242 	2404728.2
307.01403 	2385027.2
307.81563 	2365326.4
308.61723 	2345625.5
309.41884 	2325924.7
310.22044 	2306224
311.02204 	2286523.3
311.82365 	2266822.6
312.62525 	2247122
313.42685 	2227421.4
314.22846 	2207720.9
315.03006 	2188020.4
315.83166 	2168319.9
316.63327 	2148619.5
317.43487 	2128919.2
318.23647 	2109218.9
319.03808 	2089518.6
319.83968 	2069818.3
320.64128 	2050118.2
321.44289 	2030418
322.24449 	2010717.9
323.04609 	1991017.8
323.8477 	1971317.8
324.6493 	1951617.8
325.4509 	1931917.9
326.25251 	1912218
327.05411 	1892518.1
327.85571 	1872818.3
328.65731 	1853118.6
329.45892 	1833418.8
330.26052 	1813719.1
331.06212 	1794019.5
331.86373 	1774319.9
332.66533 	1754620.3
333.46693 	1734920.8
334.26854 	1715221.3
335.07014 	1695521.9
335.87174 	1675822.5
336.67335 	1656123.1
337.47495 	1636423.8
338.27655 	1616724.5
339.07816 	1597025.3
339.87976 	1577326.1
340.68136 	1557627
341.48297 	1537927.8
342.28457 	1518228.8
343.08617 	1498529.7
343.88778 	1478830.8
344.68938 	1459131.8
345.49098 	1439432.9
346.29259 	1419734
347.09419 	1400035.2
347.89579 	1380336.4
348.69739 	1360637.7
349.499 	1340939
350.3006 	1321240.3
351.1022 	1301541.7
351.90381 	1281843.1
352.70541 	1262144.6
353.50701 	1242446.1
354.30862 	1222747.6
355.11022 	1203049.2
355.91182 	1183350.8
356.71343 	1163652.5
357.51503 	1143954.2
358.31663 	1124255.9
359.11824 	1104557.7
359.91984 	1084859.5
360.72144 	1065161.4
361.52305 	1045463.3
362.32465 	1025765.2
363.12625 	1006067.2
363.92786 	986369.2
364.72946 	966671.26
365.53106 	946973.36
366.33267 	927275.5
367.13427 	907577.68
367.93587 	887879.91
368.73747 	868182.17
369.53908 	848484.47
370.34068 	828786.81
371.14228 	809089.19
371.94389 	789391.61
372.74549 	769694.07
373.54709 	749996.58
374.3487 	730299.12
375.1503 	710601.7
375.9519 	690904.32
376.75351 	671206.98
377.55511 	651509.68
379.15832 	612115.2
379.95992 	592418.02
381.56313 	553023.78
382.36473 	533326.72
383.16633 	513629.7
383.96794 	493932.72
384.76954 	474235.78
385.57114 	454538.88
386.37275 	434842.02
387.17435 	415145.2
387.97595 	395448.42
388.77756 	375751.67
389.57916 	356054.97
390.38076 	336358.31
391.18236 	316661.69
391.98397 	296965.1
392.78557 	277268.56
393.58717 	257572.05
394.38878 	237875.59
395.19038 	218179.16
395.99198 	198482.77
396.79359 	178786.42
397.59519 	159090.12
399.1984 	119697.63
400 	100480.06
