0 	9416495.1
6.4128257 	9296530.7
34.468938 	8773741
37.675351 	8712322.1
40.881764 	8672408.2
50.501002 	8574866.3
53.707415 	8573210.1
62.52505 	8561458.1
65.731463 	8495418.9
68.937876 	8414924.8
69.739479 	8394815
96.993988 	7711701.4
103.40681 	7550892.7
106.61323 	7470498.1
116.23246 	7229157.7
123.44689 	7047885.6
125.05 	7007563.3
125.8517 	6987392.4
128.25651 	6926863.2
131.46293 	6846106.4
151.50301 	6341117.3
153.90782 	6280605
156.31263 	6220121.1
159.51904 	6139516.5
166.73347 	5958296.9
169.13828 	5897926.9
175.5511 	5737014.6
176.35271 	5716906.8
187.57515 	5435442.8
190.78156 	5355012.1
200.4008 	5113651.6
201.2024 	5093534
202.00401 	5073415.9
202.80561 	5053297.3
203.60721 	5033178.1
204.40882 	5013058.5
205.21042 	4992938.4
206.01202 	4972817.9
206.81363 	4952697
207.61523 	4932575.7
208.41683 	4912454
209.21844 	4892332
210.02004 	4872209.5
210.82164 	4852086.5
211.62325 	4831963.2
212.42485 	4811839.3
213.22645 	4791714.9
214.02806 	4771589.9
214.82966 	4751464.2
215.63126 	4731337.7
216.43287 	4711210.4
217.23447 	4691082.2
218.03607 	4670953
219.63928 	4630690.9
220.44088 	4610558
221.24248 	4590423.6
222.04409 	4570287.6
222.84569 	4550150
223.64729 	4530010.6
224.4489 	4509869.5
225.2505 	4489726.5
226.0521 	4469581.6
227.65531 	4429285.8
228.45691 	4409135
229.25852 	4388982.2
230.86172 	4348671
231.66333 	4328512.7
232.46493 	4308352.8
234.06814 	4268028.3
234.86974 	4247864.1
235.67134 	4227698.8
236.47295 	4207532.6
237.27455 	4187365.6
238.07615 	4167198.2
238.87776 	4147030.3
239.67936 	4126862.4
240.48096 	4106694.6
241.28257 	4086527
242.08417 	4066359.9
242.88577 	4046193.4
243.68737 	4026027.8
244.48898 	4005863.2
245.29058 	3985699.8
246.09218 	3965537.6
246.89379 	3945376.8
247.69539 	3925217.6
248.49699 	3905060
249.2986 	3884904.1
250.1002 	3864750
250.9018 	3844597.7
251.70341 	3824447.2
252.50501 	3804298.5
253.30661 	3784151.7
254.10822 	3764006.8
254.90982 	3743863.7
255.71142 	3723722.4
256.51303 	3703582.9
257.31463 	3683445.1
258.11623 	3663309
258.91784 	3643174.6
259.71944 	3623041.7
260.52104 	3602910.3
261.32265 	3582780.3
262.12425 	3562651.7
262.92585 	3542524.4
263.72745 	3522398.3
264.52906 	3502273.3
265.33066 	3482149.5
266.13226 	3462026.6
266.93387 	3441904.6
267.73547 	3421783.5
268.53707 	3401663.2
269.33868 	3381543.6
270.14028 	3361424.6
270.94188 	3341306.3
271.74349 	3321188.4
272.54509 	3301071.1
273.34669 	3280954.2
274.1483 	3260837.6
274.9499 	3240721.4
274.95 	3240718.9
275.7515 	3220605.6
276.55311 	3200490
277.35471 	3180374.6
278.95792 	3140144.5
279.75952 	3120029.7
280.56112 	3099915.1
281.36273 	3079800.6
282.16433 	3059686.2
282.96593 	3039572
283.76754 	3019457.8
284.56914 	2999343.6
285.37074 	2979229.5
286.17234 	2959115.5
286.97395 	2939001.4
288.57715 	2898773.1
289.37876 	2878658.8
290.18036 	2858544.4
290.98196 	2838429.8
291.78357 	2818315.1
292.58517 	2798200.1
293.38677 	2778084.8
294.18838 	2757969.3
294.98998 	2737853.3
295.79158 	2717737
296.59319 	2697620.2
297.39479 	2677503
298.19639 	2657385.3
298.998 	2637267
299.7996 	2617148.2
300.6012 	2597028.8
301.40281 	2576908.7
302.20441 	2556788
303.00601 	2536666.6
303.80762 	2516544.6
304.60922 	2496421.8
306.21242 	2456174.2
307.01403 	2436049.3
307.81563 	2415923.7
308.61723 	2395797.3
309.41884 	2375670.3
310.22044 	2355542.6
311.02204 	2335414.2
311.82365 	2315285.1
312.62525 	2295155.3
313.42685 	2275024.8
314.22846 	2254893.7
315.03006 	2234762
315.83166 	2214629.6
316.63327 	2194496.6
317.43487 	2174363
318.23647 	2154228.7
319.03808 	2134093.8
319.83968 	2113958.3
320.64128 	2093822.1
321.44289 	2073685.2
322.24449 	2053547.7
323.04609 	2033409.5
323.8477 	2013270.5
324.6493 	1993130.8
325.4509 	1972990.3
326.25251 	1952849
327.05411 	1932706.9
327.85571 	1912563.9
328.65731 	1892420
329.45892 	1872275.1
330.26052 	1852129.3
331.06212 	1831982.6
331.86373 	1811834.9
332.66533 	1791686.2
333.46693 	1771536.5
334.26854 	1751385.9
335.07014 	1731234.3
335.87174 	1711081.7
336.67335 	1690928.3
337.47495 	1670774.1
338.27655 	1650619
339.07816 	1630463.2
339.87976 	1610306.8
340.68136 	1590149.8
341.48297 	1569992.2
342.28457 	1549834.3
343.08617 	1529676.1
343.88778 	1509517.7
344.68938 	1489359.1
345.49098 	1469200.6
346.29259 	1449042.2
347.09419 	1428884
347.89579 	1408726.2
348.69739 	1388568.7
349.499 	1368411.8
350.3006 	1348255.5
351.1022 	1328099.9
351.90381 	1307945.1
352.70541 	1287791.1
353.50701 	1267638.1
354.30862 	1247486
355.11022 	1227334.9
355.91182 	1207184.9
356.71343 	1187036
357.51503 	1166888.2
358.31663 	1146741.5
359.11824 	1126595.9
359.91984 	1106451.5
360.72144 	1086308.1
361.52305 	1066165.9
362.32465 	1046024.7
363.12625 	1025884.6
363.92786 	1005745.5
364.72946 	985607.4
365.53106 	965470.25
366.33267 	945334.01
367.13427 	925198.63
367.93587 	905064.09
368.73747 	884930.33
369.53908 	864797.32
370.34068 	844665.01
371.14228 	824533.35
371.94389 	804402.32
372.74549 	784271.86
373.54709 	764141.93
374.3487 	744012.51
375.1503 	723883.56
375.9519 	703755.03
376.75351 	683626.91
377.55511 	663499.16
379.15832 	623244.65
379.95992 	603117.85
381.56313 	562865.03
382.36473 	542738.97
383.16633 	522613.13
383.96794 	502487.48
384.76954 	482362.01
385.57114 	462236.71
386.37275 	442111.57
387.17435 	421986.57
387.97595 	401861.7
388.77756 	381736.96
389.57916 	361612.34
390.38076 	341487.83
391.18236 	321363.42
391.98397 	301239.1
392.78557 	281114.88
393.58717 	260990.74
394.38878 	240866.67
395.19038 	220742.68
395.99198 	200618.76
396.79359 	180494.9
397.59519 	160371.1
399.1984 	120123.66
400 	100490.14
