0 	9282717.3
6.4128257 	9176267.3
34.468938 	8627059.2
37.675351 	8550275.9
40.881764 	8483868.4
50.501002 	8261356.3
53.707415 	8188620.9
62.52505 	7981883.4
65.731463 	7917126.4
68.937876 	7910576.1
69.739479 	7910079.8
96.993988 	7761316
103.40681 	7599272.1
106.61323 	7518254.5
116.23246 	7274957
123.44689 	7092257
125.05 	7051666.9
125.8517 	7031372.5
128.25651 	6970519.7
131.46293 	6889446.6
151.50301 	6383661.1
153.90782 	6323002.4
156.31263 	6262357.4
159.51904 	6181508.6
166.73347 	5999507.5
169.13828 	5938776
175.5511 	5776649
176.35271 	5756367.7
187.57515 	5472223.4
190.78156 	5391009.7
200.4008 	5147418.2
201.2024 	5127124.2
202.00401 	5106831.1
202.80561 	5086538.8
203.60721 	5066247.2
204.40882 	5045956.4
205.21042 	5025666.3
206.01202 	5005376.9
206.81363 	4985088.1
207.61523 	4964799.8
208.41683 	4944512
209.21844 	4924224.6
210.02004 	4903937.7
210.82164 	4883651.1
211.62325 	4863364.8
212.42485 	4843078.7
213.22645 	4822792.8
214.02806 	4802506.9
214.82966 	4782221.2
215.63126 	4761935.4
216.43287 	4741649.5
217.23447 	4721363.6
218.03607 	4701077.4
219.63928 	4660504.3
220.44088 	4640217.3
221.24248 	4619929.9
222.04409 	4599642.1
222.84569 	4579353.8
223.64729 	4559065
224.4489 	4538775.7
225.2505 	4518485.8
226.0521 	4498195.4
227.65531 	4457612.9
228.45691 	4437320.8
229.25852 	4417028.2
230.86172 	4376441.5
231.66333 	4356147.5
232.46493 	4335853.1
234.06814 	4295263.4
234.86974 	4274968.2
235.67134 	4254672.8
236.47295 	4234377.4
237.27455 	4214081.9
238.07615 	4193786.5
238.87776 	4173491.3
239.67936 	4153196.2
240.48096 	4132901.5
241.28257 	4112607
242.08417 	4092313.1
242.88577 	4072019.6
243.68737 	4051726.6
244.48898 	4031434.4
245.29058 	4011142.8
246.09218 	3990852
246.89379 	3970562
247.69539 	3950272.9
248.49699 	3929984.7
249.2986 	3909697.5
250.1002 	3889411.4
250.9018 	3869126.3
251.70341 	3848842.3
252.50501 	3828559.5
253.30661 	3808277.8
254.10822 	3787997.3
254.90982 	3767717.9
255.71142 	3747439.7
256.51303 	3727162.7
257.31463 	3706886.8
258.11623 	3686612
258.91784 	3666338.3
259.71944 	3646065.6
260.52104 	3625793.9
261.32265 	3605523.2
262.12425 	3585253.4
262.92585 	3564984.4
263.72745 	3544716.2
264.52906 	3524448.6
265.33066 	3504181.8
266.13226 	3483915.5
266.93387 	3463649.7
267.73547 	3443384.4
268.53707 	3423119.5
269.33868 	3402855
270.14028 	3382590.7
270.94188 	3362326.7
271.74349 	3342062.8
272.54509 	3321799.2
273.34669 	3301535.6
274.1483 	3281272.2
274.9499 	3261008.8
274.95 	3261006.3
275.7515 	3240745.5
276.55311 	3220482.2
277.35471 	3200218.9
278.95792 	3159692.4
279.75952 	3139429.2
280.56112 	3119165.9
281.36273 	3098902.7
282.16433 	3078639.5
282.96593 	3058376.4
283.76754 	3038113.3
284.56914 	3017850.2
285.37074 	2997587.2
286.17234 	2977324.3
286.97395 	2957061.5
288.57715 	2916536.1
289.37876 	2896273.6
290.18036 	2876011.2
290.98196 	2855749
291.78357 	2835486.9
292.58517 	2815224.9
293.38677 	2794963.2
294.18838 	2774701.6
294.98998 	2754440.1
295.79158 	2734178.9
296.59319 	2713917.8
297.39479 	2693656.9
298.19639 	2673396.2
298.998 	2653135.7
299.7996 	2632875.4
300.6012 	2612615.3
301.40281 	2592355.4
302.20441 	2572095.6
303.00601 	2551836.1
303.80762 	2531576.8
304.60922 	2511317.6
306.21242 	2470799.9
307.01403 	2450541.4
307.81563 	2430283.1
308.61723 	2410025
309.41884 	2389767
310.22044 	2369509.3
311.02204 	2349251.8
311.82365 	2328994.4
312.62525 	2308737.3
313.42685 	2288480.3
314.22846 	2268223.6
315.03006 	2247967
315.83166 	2227710.6
316.63327 	2207454.3
317.43487 	2187198.2
318.23647 	2166942.3
319.03808 	2146686.5
319.83968 	2126430.9
320.64128 	2106175.3
321.44289 	2085919.9
322.24449 	2065664.6
323.04609 	2045409.3
323.8477 	2025154.1
324.6493 	2004899
325.4509 	1984643.9
326.25251 	1964388.8
327.05411 	1944133.7
327.85571 	1923878.7
328.65731 	1903623.6
329.45892 	1883368.4
330.26052 	1863113.3
331.06212 	1842858
331.86373 	1822602.7
332.66533 	1802347.3
333.46693 	1782091.7
334.26854 	1761836.1
335.07014 	1741580.3
335.87174 	1721324.5
336.67335 	1701068.4
337.47495 	1680812.3
338.27655 	1660556
339.07816 	1640299.5
339.87976 	1620042.9
340.68136 	1599786.1
341.48297 	1579529.2
342.28457 	1559272.2
343.08617 	1539015
343.88778 	1518757.7
344.68938 	1498500.3
345.49098 	1478242.8
346.29259 	1457985.1
347.09419 	1437727.4
347.89579 	1417469.6
348.69739 	1397211.7
349.499 	1376953.7
350.3006 	1356695.7
351.1022 	1336437.6
351.90381 	1316179.5
352.70541 	1295921.4
353.50701 	1275663.2
354.30862 	1255404.9
355.11022 	1235146.7
355.91182 	1214888.3
356.71343 	1194630
357.51503 	1174371.6
358.31663 	1154113.1
359.11824 	1133854.5
359.91984 	1113595.9
360.72144 	1093337.1
361.52305 	1073078.2
362.32465 	1052819.1
363.12625 	1032559.9
363.92786 	1012300.4
364.72946 	992040.7
365.53106 	971780.73
366.33267 	951520.45
367.13427 	931259.83
367.93587 	910998.84
368.73747 	890737.44
369.53908 	870475.58
370.34068 	850213.24
371.14228 	829950.38
371.94389 	809686.96
372.74549 	789422.94
373.54709 	769158.29
374.3487 	748892.97
375.1503 	728626.96
375.9519 	708360.21
376.75351 	688092.7
377.55511 	667824.41
379.15832 	627285.39
379.95992 	607014.61
381.56313 	566470.46
382.36473 	546197.07
383.16633 	525922.8
383.96794 	505647.65
384.76954 	485371.62
385.57114 	465094.74
386.37275 	444817
387.17435 	424538.44
387.97595 	404259.07
388.77756 	383978.93
389.57916 	363698.03
390.38076 	343416.43
391.18236 	323134.17
391.98397 	302851.27
392.78557 	282567.8
393.58717 	262283.81
394.38878 	241999.34
395.19038 	221714.47
395.99198 	201429.23
396.79359 	181143.71
397.59519 	160857.96
399.1984 	120286.04
400 	100494.09
