0 	9848367.6
6.4128257 	9741217.7
34.468938 	9110107.5
37.675351 	9031054.8
40.881764 	8952005.7
50.501002 	8714870.7
53.707415 	8635827.9
62.52505 	8418460.5
65.731463 	8339417.1
68.937876 	8260372.8
69.739479 	8240611.6
96.993988 	7568677.3
103.40681 	7410547
106.61323 	7331477.2
116.23246 	7094253.7
123.44689 	6916326.8
125.05 	6876789.2
125.8517 	6857016.6
128.25651 	6797706.1
131.46293 	6718625
151.50301 	6224374.7
153.90782 	6165067.4
156.31263 	6105761.1
159.51904 	6026687.4
166.73347 	5848777.9
169.13828 	5789476.7
175.5511 	5631344.8
176.35271 	5611578.7
187.57515 	5334865.8
190.78156 	5255809.1
200.4008 	5018652
201.2024 	4998889.9
202.00401 	4979127.9
202.80561 	4959366.2
203.60721 	4939604.5
204.40882 	4919843.1
205.21042 	4900081.8
206.01202 	4880320.7
206.81363 	4860559.7
207.61523 	4840798.9
208.41683 	4821038.3
209.21844 	4801277.9
210.02004 	4781517.7
210.82164 	4761757.6
211.62325 	4741997.7
212.42485 	4722238
213.22645 	4702478.5
214.02806 	4682719.1
214.82966 	4662959.9
215.63126 	4643200.9
216.43287 	4623442.1
217.23447 	4603683.4
218.03607 	4583925
219.63928 	4544408.5
220.44088 	4524650.5
221.24248 	4504892.7
222.04409 	4485135.1
222.84569 	4465377.6
223.64729 	4445620.3
224.4489 	4425863.2
225.2505 	4406106.2
226.0521 	4386349.3
227.65531 	4346836.1
228.45691 	4327079.7
229.25852 	4307323.4
230.86172 	4267811.3
231.66333 	4248055.4
232.46493 	4228299.7
234.06814 	4188788.6
234.86974 	4169033.3
235.67134 	4149278
236.47295 	4129522.9
237.27455 	4109767.8
238.07615 	4090012.9
238.87776 	4070258.1
239.67936 	4050503.4
240.48096 	4030748.7
241.28257 	4010994.2
242.08417 	3991239.7
242.88577 	3971485.3
243.68737 	3951731
244.48898 	3931976.8
245.29058 	3912222.7
246.09218 	3892468.6
246.89379 	3872714.6
247.69539 	3852960.6
248.49699 	3833206.7
249.2986 	3813452.9
250.1002 	3793699.1
250.9018 	3773945.3
251.70341 	3754191.6
252.50501 	3734438
253.30661 	3714684.4
254.10822 	3694930.8
254.90982 	3675177.2
255.71142 	3655423.7
256.51303 	3635670.2
257.31463 	3615916.8
258.11623 	3596163.3
258.91784 	3576409.9
259.71944 	3556656.5
260.52104 	3536903.1
261.32265 	3517149.7
262.12425 	3497396.3
262.92585 	3477642.9
263.72745 	3457889.5
264.52906 	3438136.1
265.33066 	3418382.7
266.13226 	3398629.3
266.93387 	3378875.9
267.73547 	3359122.5
268.53707 	3339369.1
269.33868 	3319615.6
270.14028 	3299862.1
270.94188 	3280108.7
271.74349 	3260355.2
272.54509 	3240601.6
273.34669 	3220848.1
274.1483 	3201094.5
274.9499 	3181340.9
274.95 	3181338.5
275.7515 	3161587.3
276.55311 	3141833.7
277.35471 	3122080
278.95792 	3082572.5
279.75952 	3062818.8
280.56112 	3043065
281.36273 	3023311.2
282.16433 	3003557.3
282.96593 	2983803.4
283.76754 	2964049.5
284.56914 	2944295.6
285.37074 	2924541.6
286.17234 	2904787.6
286.97395 	2885033.6
288.57715 	2845525.4
289.37876 	2825771.3
290.18036 	2806017.2
290.98196 	2786263
291.78357 	2766508.9
292.58517 	2746754.7
293.38677 	2727000.5
294.18838 	2707246.3
294.98998 	2687492
295.79158 	2667737.8
296.59319 	2647983.5
297.39479 	2628229.2
298.19639 	2608475
298.998 	2588720.7
299.7996 	2568966.4
300.6012 	2549212.1
301.40281 	2529457.8
302.20441 	2509703.5
303.00601 	2489949.2
303.80762 	2470194.9
304.60922 	2450440.7
306.21242 	2410932.1
307.01403 	2391177.9
307.81563 	2371423.7
308.61723 	2351669.4
309.41884 	2331915.2
310.22044 	2312161
311.02204 	2292406.8
311.82365 	2272652.7
312.62525 	2252898.5
313.42685 	2233144.4
314.22846 	2213390.3
315.03006 	2193636.3
315.83166 	2173882.2
316.63327 	2154128.2
317.43487 	2134374.2
318.23647 	2114620.2
319.03808 	2094866.3
319.83968 	2075112.4
320.64128 	2055358.5
321.44289 	2035604.6
322.24449 	2015850.8
323.04609 	1996097
323.8477 	1976343.3
324.6493 	1956589.5
325.4509 	1936835.8
326.25251 	1917082.2
327.05411 	1897328.5
327.85571 	1877574.9
328.65731 	1857821.4
329.45892 	1838067.9
330.26052 	1818314.4
331.06212 	1798560.9
331.86373 	1778807.5
332.66533 	1759054.1
333.46693 	1739300.8
334.26854 	1719547.5
335.07014 	1699794.2
335.87174 	1680041
336.67335 	1660287.8
337.47495 	1640534.7
338.27655 	1620781.6
339.07816 	1601028.6
339.87976 	1581275.6
340.68136 	1561522.6
341.48297 	1541769.7
342.28457 	1522016.8
343.08617 	1502264
343.88778 	1482511.3
344.68938 	1462758.5
345.49098 	1443005.9
346.29259 	1423253.3
347.09419 	1403500.7
347.89579 	1383748.2
348.69739 	1363995.8
349.499 	1344243.4
350.3006 	1324491
351.1022 	1304738.8
351.90381 	1284986.6
352.70541 	1265234.4
353.50701 	1245482.3
354.30862 	1225730.3
355.11022 	1205978.4
355.91182 	1186226.5
356.71343 	1166474.7
357.51503 	1146722.9
358.31663 	1126971.3
359.11824 	1107219.7
359.91984 	1087468.1
360.72144 	1067716.7
361.52305 	1047965.3
362.32465 	1028214
363.12625 	1008462.8
363.92786 	988711.71
364.72946 	968960.67
365.53106 	949209.71
366.33267 	929458.84
367.13427 	909708.06
367.93587 	889957.36
368.73747 	870206.75
369.53908 	850456.23
370.34068 	830705.8
371.14228 	810955.46
371.94389 	791205.21
372.74549 	771455.05
373.54709 	751704.98
374.3487 	731955.01
375.1503 	712205.12
375.9519 	692455.33
376.75351 	672705.64
377.55511 	652956.03
379.15832 	613457.09
379.95992 	593707.76
381.56313 	554209.37
382.36473 	534460.3
383.16633 	514711.33
383.96794 	494962.44
384.76954 	475213.63
385.57114 	455464.91
386.37275 	435716.27
387.17435 	415967.71
387.97595 	396219.23
388.77756 	376470.83
389.57916 	356722.5
390.38076 	336974.24
391.18236 	317226.06
391.98397 	297477.94
392.78557 	277729.89
393.58717 	257981.91
394.38878 	238233.98
395.19038 	218486.12
395.99198 	198738.31
396.79359 	178990.55
397.59519 	159242.84
399.1984 	119747.58
400 	100480.98
