0 	3836506.3
0.35183948 	3829269
0.70367896 	3821526.6
1.0555184 	3813871.3
1.4073579 	3806072.3
1.7591974 	3798247.3
2.1110369 	3790426.2
2.4628764 	3782597.5
2.8147158 	3774877.3
3.1665553 	3767050.3
3.5183948 	3759230.8
3.8702343 	3751412.4
4.2220737 	3743612.6
4.9257527 	3728116.5
5.6294317 	3712548.7
5.9812711 	3704713.8
6.3331106 	3696889.3
8.092308 	3657766.7
8.795987 	3642047.5
9.1478265 	3634293.2
10.203345 	3613512.3
10.907024 	3597893.9
11.258863 	3589985.1
11.610703 	3582905.5
11.962542 	3577045.8
12.666221 	3561390.2
13.018061 	3553564.9
13.3699 	3545739.5
13.72174 	3537914.2
14.777258 	3514438
15.480937 	3498787.1
15.832777 	3490961.6
16.536456 	3475310.5
17.591974 	3451833.6
18.647492 	3428356.2
19.351171 	3412704.3
19.703011 	3404878.3
20.05485 	3397052.2
20.40669 	3389226.1
20.758529 	3381400
21.462208 	3365747.5
22.165887 	3350094.9
22.869566 	3334442.1
23.573245 	3318789.3
23.925085 	3310962.8
24.276924 	3303136.3
24.628764 	3295309.9
25.332442 	3279656.9
25.684282 	3271830.5
26.387961 	3256177.6
26.7398 	3248351.3
27.09164 	3240525
27.443479 	3232698.7
27.795319 	3224872.5
28.147158 	3217046.4
28.850837 	3201394.4
29.202677 	3193568.5
29.554516 	3185742.7
29.906356 	3177917
30.258195 	3170091.4
30.610035 	3162265.9
30.961874 	3154440.5
31.665553 	3138789.9
32.017393 	3130964.7
32.369232 	3123139.7
32.721072 	3115314.7
33.072911 	3107489.8
33.424751 	3099665
33.77659 	3091840.2
34.128429 	3084015.5
34.480269 	3076190.8
34.832108 	3068366.2
35.183948 	3060541.7
35.535787 	3052717.2
35.887627 	3044892.7
36.239466 	3037068.3
36.591306 	3029243.9
37.294985 	3013595.3
37.646824 	3005766.6
37.998664 	2997900.2
38.702343 	2986130
39.406022 	2985655.4
39.757861 	2985625.7
41.165219 	2985513
41.517059 	2985486
41.868898 	2985459.2
42.220737 	2985432.5
42.924416 	2985379.1
43.276256 	2985352.3
43.628095 	2985325.2
43.979935 	2985297.8
44.683614 	2985240.2
45.035453 	2985210.1
45.387293 	2985183.3
46.090972 	2984776.8
46.442811 	2980206.7
47.14649 	2964770.5
47.49833 	2956919.9
48.202009 	2941217.2
48.553848 	2933365.8
49.257527 	2917663.1
49.609367 	2909811.8
49.961206 	2901960.5
50.313045 	2894109.2
50.664885 	2886258
51.016724 	2878406.8
51.720403 	2862704.6
52.072243 	2854853.5
52.424082 	2847002.5
52.775922 	2839151.5
53.127761 	2831300.6
54.18328 	2807748
54.535119 	2799897.2
54.886959 	2792046.5
55.238798 	2784195.8
55.590638 	2776345.2
55.942477 	2768494.6
56.997996 	2744943
57.349835 	2737092.6
57.701675 	2729242.2
58.053514 	2721391.9
58.405354 	2713541.6
58.757193 	2705691.4
59.109032 	2697841.2
59.460872 	2689991
60.164551 	2674290.8
60.51639 	2666440.7
60.86823 	2658590.7
61.220069 	2650740.7
61.571909 	2642890.8
61.923748 	2635040.8
62.275588 	2627190.9
62.627427 	2619341.1
62.979267 	2611491.2
63.331106 	2603641.4
63.682946 	2595791.5
64.034785 	2587941.7
64.386625 	2580092
64.738464 	2572242.2
65.442143 	2556542.7
65.793983 	2548692.9
66.497662 	2532993.5
67.55318 	2509444.4
68.256859 	2493745.1
68.608698 	2485895.4
69.312377 	2470196.1
70.016056 	2454496.8
70.367896 	2446647.2
70.719735 	2438797.6
71.071575 	2430947.9
71.423414 	2423098.3
72.830772 	2391700
73.182612 	2383850.5
73.534451 	2376000.9
73.886291 	2368151.4
74.941809 	2344602.9
75.293648 	2336753.4
75.645488 	2328904
75.997327 	2321054.6
77.052846 	2297506.3
77.404685 	2289657
77.756525 	2281807.6
78.460204 	2266109
78.812043 	2258259.7
79.163883 	2250410.4
80.219401 	2226862.7
81.27492 	2203315.2
81.626759 	2195466
81.978599 	2187616.9
82.330438 	2179767.8
82.682278 	2171918.7
83.034117 	2164069.7
83.385957 	2156220.6
83.737796 	2148371.6
84.089635 	2140522.6
84.441475 	2132673.6
85.496993 	2109126.7
86.552512 	2085579.9
86.904351 	2077731
89.015388 	2030637.8
89.367228 	2022789
90.070907 	2007091.4
90.422746 	1999242.5
90.774586 	1991393.7
91.126425 	1983544.9
91.478265 	1975696.1
91.830104 	1967847.3
92.533783 	1952149.7
93.237462 	1936452.1
93.589301 	1928603.3
93.941141 	1920754.5
94.29298 	1912905.7
96.052178 	1873661.7
96.404017 	1865812.8
96.755857 	1857964
97.459536 	1842266.3
97.811375 	1834417.5
98.163215 	1826568.6
98.515054 	1818719.8
99.922412 	1787324.3
100.27425 	1779475.4
100.62609 	1771626.5
101.32977 	1755928.7
102.03345 	1740230.8
102.38529 	1732381.9
103.79265 	1700986
104.14449 	1693137
104.49633 	1685288
105.2 	1669590
105.90368 	1653892
106.25552 	1646042.9
106.60736 	1638193.9
108.01472 	1606797.7
108.36656 	1598948.6
108.7184 	1591099.5
109.07024 	1583250.4
109.77392 	1567552.2
110.12576 	1559703.1
110.82944 	1544004.9
111.18128 	1536155.8
111.53311 	1528306.7
111.88495 	1520457.6
112.58863 	1504759.3
112.94047 	1496910.2
113.29231 	1489061
113.64415 	1481211.9
113.99599 	1473362.8
114.34783 	1465513.6
114.69967 	1457664.5
115.05151 	1449815.4
115.40335 	1441966.2
115.75519 	1434117.1
116.45887 	1418418.9
116.81071 	1410569.7
117.16255 	1402720.6
117.51439 	1394871.5
118.21806 	1379173.3
118.5699 	1371324.2
118.92174 	1363475.1
119.27358 	1355626
119.62542 	1347776.9
119.97726 	1339927.9
120.3291 	1332078.8
120.68094 	1324229.8
121.03278 	1316380.7
121.38462 	1308531.7
121.73646 	1300682.7
122.0883 	1292833.7
122.79198 	1277135.7
123.14382 	1269286.7
123.49566 	1261437.7
123.8475 	1253588.8
124.19934 	1245739.9
124.55118 	1237891
124.90302 	1230042.1
125.25485 	1222193.2
125.60669 	1214344.3
126.66221 	1190797.8
127.01405 	1182949
127.36589 	1175100.3
127.71773 	1167251.5
128.06957 	1159402.8
128.42141 	1151554.1
128.77325 	1143705.4
129.12509 	1135856.7
129.47693 	1128008
130.18061 	1112310.8
130.53245 	1104462.2
130.88429 	1096613.6
131.23613 	1088765.1
132.29164 	1065219.6
132.64348 	1057371.2
132.99532 	1049522.7
133.699 	1033826
134.05084 	1025977.6
134.40268 	1018129.3
134.75452 	1010281
135.4582 	994584.46
135.81004 	986736.23
136.16188 	978888.03
136.51372 	971039.85
136.86556 	963191.7
137.56924 	947495.47
137.92108 	939647.39
138.27292 	931799.34
138.97659 	916103.31
139.68027 	900407.37
140.03211 	892559.44
140.38395 	884711.53
140.73579 	876863.65
141.08763 	869015.79
141.43947 	861167.95
141.79131 	853320.13
142.14315 	845472.34
142.49499 	837624.57
142.84683 	829776.82
144.25419 	798386.04
145.3097 	774843.18
145.66154 	766995.59
146.01338 	759148.03
146.36522 	751300.48
146.71706 	743452.95
147.0689 	735605.44
147.42074 	727757.95
148.12442 	712063.02
148.8281 	696368.15
149.17994 	688520.73
149.88362 	672825.95
150.23546 	664978.58
150.5873 	657131.22
151.29098 	641436.55
151.99465 	625741.92
152.69833 	610047.34
153.05017 	602200.06
153.40201 	594352.8
153.75385 	586505.54
154.45753 	570811.05
154.80937 	562963.82
155.16121 	555116.59
155.51305 	547269.38
155.86489 	539422.17
156.21673 	531574.96
156.56857 	523727.77
157.62409 	500186.21
157.97593 	492339.03
158.32777 	484491.86
158.67961 	476644.69
159.03144 	468797.53
159.38328 	460950.37
159.73512 	453103.21
160.08696 	445256.05
160.4388 	437408.9
160.79064 	429561.75
161.14248 	421714.61
161.49432 	413867.46
161.84616 	406020.32
162.90168 	382478.91
163.25352 	374631.77
163.9572 	358937.51
164.30904 	351090.38
164.66088 	343243.25
165.01272 	335396.13
165.71639 	319701.88
166.06823 	311854.75
167.12375 	288313.4
167.47559 	280466.28
167.82743 	272619.17
168.17927 	264772.06
168.53111 	256924.95
169.23479 	241230.74
169.58663 	233383.64
169.93847 	225536.54
170.64215 	209842.36
170.99399 	201995.27
171.34583 	194148.18
171.69767 	186301.11
172.04951 	178454.03
172.40134 	170606.96
172.75318 	162759.9
173.10502 	154912.84
174.16054 	131371.69
174.51238 	123524.65
174.86422 	115677.61
