0 	3836472.6
0.35183948 	3828864.6
0.70367896 	3820867.7
1.0555184 	3812852.8
1.4073579 	3804894.3
1.7591974 	3796899.1
2.1110369 	3788902.4
2.4628764 	3780905.1
2.8147158 	3772907.7
3.1665553 	3764900.3
3.5183948 	3756967.9
3.8702343 	3748942.7
4.2220737 	3740968.4
4.9257527 	3724987.1
5.6294317 	3709033.2
5.9812711 	3701172.3
6.3331106 	3693303.8
8.092308 	3653323.9
8.795987 	3637328.3
9.1478265 	3629327.8
10.203345 	3605346.2
10.907024 	3589345.9
11.258863 	3581489.3
11.610703 	3573610.9
11.962542 	3565605.2
12.666221 	3549630.6
13.018061 	3541641.4
13.3699 	3533643.5
13.72174 	3525646.2
14.777258 	3501654.4
15.480937 	3485660
15.832777 	3477662.9
16.536456 	3461668.8
17.591974 	3437678.1
18.647492 	3413687.9
19.351171 	3397694.8
19.703011 	3389698.4
20.05485 	3381702
20.40669 	3373705.7
20.758529 	3365709.7
21.462208 	3349684.9
22.165887 	3337115.1
22.869566 	3321208.1
23.573245 	3305224.2
23.925085 	3299256.4
24.276924 	3292160.6
24.628764 	3284158.2
25.332442 	3268145.7
25.684282 	3260139.4
26.387961 	3244127
26.7398 	3236120.7
27.09164 	3228114.5
27.443479 	3220108.3
27.795319 	3212102.1
28.147158 	3204095.8
28.850837 	3188083.4
29.202677 	3180077.2
29.554516 	3172071
29.906356 	3164064.8
30.258195 	3156058.6
30.610035 	3148052.4
30.961874 	3140046.3
31.665553 	3124034.1
32.017393 	3116028.1
32.369232 	3108022.1
32.721072 	3100016.2
33.072911 	3092010.3
33.424751 	3084004.5
33.77659 	3075998.7
34.128429 	3067993.1
34.480269 	3059987.5
34.832108 	3051982
35.183948 	3043976.6
35.535787 	3035971.4
35.887627 	3027966.2
36.239466 	3019961.2
36.591306 	3011956.4
37.294985 	2995947.1
37.646824 	2987942.6
37.998664 	2979938.4
38.702343 	2963930.5
39.406022 	2947923.3
39.757861 	2939920.1
41.165219 	2907909.3
41.517059 	2899907.3
41.868898 	2891905.5
42.220737 	2883903.9
42.924416 	2867901.6
43.276256 	2859900.9
43.628095 	2851900.4
43.979935 	2843900.3
44.683614 	2827900.8
45.035453 	2819901.5
45.387293 	2811902.6
46.090972 	2795905.5
46.442811 	2787907.5
47.14649 	2771912.3
47.49833 	2763915.2
48.202009 	2747921.9
48.553848 	2739925.7
49.257527 	2723934.3
49.609367 	2715939.1
49.961206 	2707944.1
50.313045 	2699949.5
50.664885 	2691955.2
51.016724 	2683961.2
51.720403 	2667974.1
52.072243 	2659981
52.424082 	2651988.2
52.775922 	2643995.7
53.127761 	2636003.5
54.18328 	2612028.6
54.535119 	2604037.6
54.886959 	2596046.8
55.238798 	2588056.3
55.590638 	2580066.1
55.942477 	2572076.2
56.997996 	2548108.1
57.349835 	2540119.3
57.701675 	2532130.7
58.053514 	2524142.4
58.405354 	2516154.3
58.757193 	2508166.5
59.109032 	2500179
59.460872 	2492191.7
60.164551 	2476217.8
60.51639 	2468231.2
60.86823 	2460244.9
61.220069 	2452258.8
61.571909 	2444272.9
61.923748 	2436287.3
62.275588 	2428301.9
62.627427 	2420316.8
62.979267 	2412331.8
63.331106 	2404347.1
63.682946 	2396362.7
64.034785 	2388378.5
64.386625 	2380394.5
64.738464 	2372410.8
65.442143 	2356444.1
65.793983 	2348461.1
66.497662 	2332496
67.55318 	2308550.4
68.256859 	2292587.9
68.608698 	2284607.1
69.312377 	2268646.3
70.016056 	2252686.4
70.367896 	2244706.8
70.719735 	2236727.3
71.071575 	2228748
71.423414 	2220768.9
72.830772 	2188853.1
73.182612 	2180874.2
73.534451 	2172895.2
73.886291 	2164916.2
74.941809 	2140978.6
75.293648 	2132999.1
75.645488 	2125019.4
75.997327 	2117039.4
77.052846 	2093097.9
77.404685 	2085116.7
77.756525 	2077135.2
78.460204 	2061170.8
78.812043 	2053187.8
79.163883 	2045204.2
80.219401 	2021249.5
81.27492 	1997287.2
81.626759 	1989297.6
81.978599 	1981306.8
82.330438 	1973314.6
82.682278 	1965320.9
83.034117 	1957324.2
83.385957 	1949311.2
83.737796 	1941196.7
84.089635 	1933493.3
84.441475 	1928926.6
85.496993 	1927808.5
86.552512 	1927661.9
86.904351 	1927598.2
89.015388 	1927243.9
89.367228 	1927188.7
90.070907 	1927079.3
90.422746 	1927024.3
90.774586 	1926970.8
91.126425 	1926919.7
91.478265 	1926870.8
91.830104 	1926821.6
92.533783 	1926718.7
93.237462 	1926617.8
93.589301 	1926576.7
93.941141 	1926539.3
94.29298 	1926502.6
96.052178 	1924624.6
96.404017 	1917973.7
96.755857 	1909977.2
97.459536 	1893804.5
97.811375 	1885715.3
98.163215 	1877626.3
98.515054 	1869537.8
99.922412 	1837188.7
100.27425 	1829102.6
100.62609 	1821016.9
101.32977 	1804846.8
102.03345 	1788678.2
102.38529 	1780594.4
103.79265 	1748262.2
104.14449 	1740179.8
104.49633 	1732097.8
105.2 	1715934.4
105.90368 	1699772.1
106.25552 	1691691.3
106.60736 	1683610.7
108.01472 	1651290.8
108.36656 	1643211.4
108.7184 	1635132.2
109.07024 	1627053.2
109.77392 	1610895.9
110.12576 	1602817.5
110.82944 	1586661.4
111.18128 	1578583.7
111.53311 	1570506.1
111.88495 	1562428.8
112.58863 	1546274.6
112.94047 	1538197.8
113.29231 	1530121.2
113.64415 	1522044.7
113.99599 	1513968.5
114.34783 	1505892.3
114.69967 	1497816.4
115.05151 	1489740.6
115.40335 	1481665
115.75519 	1473589.6
116.45887 	1457439.2
116.81071 	1449364.2
117.16255 	1441289.4
117.51439 	1433214.7
118.21806 	1417065.9
118.5699 	1408991.7
118.92174 	1400917.7
119.27358 	1392843.8
119.62542 	1384770
119.97726 	1376696.5
120.3291 	1368623
120.68094 	1360549.7
121.03278 	1352476.6
121.38462 	1344403.6
121.73646 	1336330.7
122.0883 	1328258
122.79198 	1312112.8
123.14382 	1304040.5
123.49566 	1295968.2
123.8475 	1287896
124.19934 	1279824
124.55118 	1271752
124.90302 	1263680.1
125.25485 	1255608.3
125.60669 	1247536.5
126.66221 	1223321.7
127.01405 	1215250.1
127.36589 	1207178.6
127.71773 	1199107.1
128.06957 	1191035.6
128.42141 	1182964.2
128.77325 	1174892.7
129.12509 	1166821.2
129.47693 	1158749.7
130.18061 	1142606.5
130.53245 	1134534.9
130.88429 	1126463.2
131.23613 	1118391.5
132.29164 	1094175.8
132.64348 	1086103.7
132.99532 	1078031.5
133.699 	1061886.9
134.05084 	1053814.4
134.40268 	1045741.7
134.75452 	1037669
135.4582 	1021523.1
135.81004 	1013449.9
136.16188 	1005376.6
136.51372 	997303.08
136.86556 	989229.44
137.56924 	973081.67
137.92108 	965007.53
138.27292 	956933.21
138.97659 	940784.05
139.68027 	924634.16
140.03211 	916558.94
140.38395 	908483.52
140.73579 	900407.91
141.08763 	892332.1
141.43947 	884256.1
141.79131 	876179.9
142.14315 	868103.5
142.49499 	860026.9
142.84683 	851950.1
144.25419 	819640.84
145.3097 	795406.72
145.66154 	787328.26
146.01338 	779249.6
146.36522 	771170.73
146.71706 	763091.64
147.0689 	755012.35
147.42074 	746932.85
148.12442 	730773.22
148.8281 	714612.76
149.17994 	706532.22
149.88362 	690370.52
150.23546 	682289.37
150.5873 	674208
151.29098 	658044.67
151.99465 	641880.52
152.69833 	625715.58
153.05017 	617632.81
153.40201 	609549.84
153.75385 	601466.68
154.45753 	585299.76
154.80937 	577216.02
155.16121 	569132.08
155.51305 	561047.95
155.86489 	552963.63
156.21673 	544879.12
156.56857 	536794.43
157.62409 	512539.23
157.97593 	504453.8
158.32777 	496368.19
158.67961 	488282.4
159.03144 	480196.42
159.38328 	472110.28
159.73512 	464023.95
160.08696 	455937.46
160.4388 	447850.79
160.79064 	439763.95
161.14248 	431676.94
161.49432 	423589.76
161.84616 	415502.42
162.90168 	391239.42
163.25352 	383151.44
163.9572 	366975.01
164.30904 	358886.57
164.66088 	350797.99
165.01272 	342709.26
165.71639 	326531.37
166.06823 	318442.23
167.12375 	294174.02
167.47559 	286084.37
167.82743 	277994.6
168.17927 	269904.72
168.53111 	261814.74
169.23479 	245634.46
169.58663 	237544.17
169.93847 	229453.8
170.64215 	213272.8
170.99399 	205182.18
171.34583 	197091.5
171.69767 	189000.75
172.04951 	180909.95
172.40134 	172819.09
172.75318 	164728.19
173.10502 	156637.24
174.16054 	132364.23
174.51238 	124273.18
174.86422 	116182.12
