0 	9654796.7
6.4128257 	9550433.5
34.468938 	9163336.4
37.675351 	9086410.7
40.881764 	9006901
50.501002 	8768447.9
53.707415 	8688961.6
62.52505 	8470294.2
65.731463 	8390741
68.937876 	8311168.7
69.739479 	8291273.1
96.993988 	7614869.8
103.40681 	7455864.4
106.61323 	7376376.3
116.23246 	7137903.1
123.44689 	6958981.8
125.05 	6919213.5
125.8517 	6899324.3
128.25651 	6839659.3
131.46293 	6760096.3
151.50301 	6262841.4
153.90782 	6203197.6
156.31263 	6143561.6
159.51904 	6064057.9
166.73347 	5885204.7
169.13828 	5825590.1
175.5511 	5666605.7
176.35271 	5646730.4
187.57515 	5368405.4
190.78156 	5288862.4
200.4008 	5050215.2
201.2024 	5030328.7
202.00401 	5010442.5
202.80561 	4990556.6
203.60721 	4970671.2
204.40882 	4950786.2
205.21042 	4930901.7
206.01202 	4911017.7
206.81363 	4891134.3
207.61523 	4871251.4
208.41683 	4851369.1
209.21844 	4831487.3
210.02004 	4811606.2
210.82164 	4791725.7
211.62325 	4771845.8
212.42485 	4751966.5
213.22645 	4732087.8
214.02806 	4712209.7
214.82966 	4692332.2
215.63126 	4672455.3
216.43287 	4652578.9
217.23447 	4632703
218.03607 	4612827.6
219.63928 	4573078.3
220.44088 	4553204.2
221.24248 	4533330.5
222.04409 	4513457.1
222.84569 	4493584
223.64729 	4473711.1
224.4489 	4453838.4
225.2505 	4433965.8
226.0521 	4414093.3
227.65531 	4374348.4
228.45691 	4354475.8
229.25852 	4334603.1
230.86172 	4294857.2
231.66333 	4274983.9
232.46493 	4255110.3
234.06814 	4215361.9
234.86974 	4195487.1
235.67134 	4175611.9
236.47295 	4155736.1
237.27455 	4135859.9
238.07615 	4115983.1
238.87776 	4096105.8
239.67936 	4076227.8
240.48096 	4056349.4
241.28257 	4036470.3
242.08417 	4016590.6
242.88577 	3996710.4
243.68737 	3976829.6
244.48898 	3956948.2
245.29058 	3937066.3
246.09218 	3917183.8
246.89379 	3897300.9
247.69539 	3877417.4
248.49699 	3857533.6
249.2986 	3837649.3
250.1002 	3817764.6
250.9018 	3797879.5
251.70341 	3777994.2
252.50501 	3758108.6
253.30661 	3738222.7
254.10822 	3718336.7
254.90982 	3698450.5
255.71142 	3678564.2
256.51303 	3658677.9
257.31463 	3638791.5
258.11623 	3618905.2
258.91784 	3599018.9
259.71944 	3579132.8
260.52104 	3559246.8
261.32265 	3539360.9
262.12425 	3519475.3
262.92585 	3499590
263.72745 	3479704.9
264.52906 	3459820.1
265.33066 	3439935.6
266.13226 	3420051.5
266.93387 	3400167.8
267.73547 	3380284.5
268.53707 	3360401.6
269.33868 	3340519.1
270.14028 	3320637
270.94188 	3300755.4
271.74349 	3280874.2
272.54509 	3260993.4
273.34669 	3241113.1
274.1483 	3221233.2
274.9499 	3201353.8
274.95 	3201351.3
275.7515 	3181474.7
276.55311 	3161596.1
277.35471 	3141717.8
278.95792 	3101962.4
279.75952 	3082085.1
280.56112 	3062208.2
281.36273 	3042331.5
282.16433 	3022455.1
282.96593 	3002578.8
283.76754 	2982702.8
284.56914 	2962826.9
285.37074 	2942951.1
286.17234 	2923075.4
286.97395 	2903199.7
288.57715 	2863448.4
289.37876 	2843572.7
290.18036 	2823696.9
290.98196 	2803821
291.78357 	2783944.9
292.58517 	2764068.6
293.38677 	2744192.1
294.18838 	2724315.4
294.98998 	2704438.4
295.79158 	2684561.1
296.59319 	2664683.5
297.39479 	2644805.6
298.19639 	2624927.3
298.998 	2605048.6
299.7996 	2585169.6
300.6012 	2565290.2
301.40281 	2545410.3
302.20441 	2525530.1
303.00601 	2505649.4
303.80762 	2485768.3
304.60922 	2465886.9
306.21242 	2426122.7
307.01403 	2406240
307.81563 	2386356.9
308.61723 	2366473.5
309.41884 	2346589.7
310.22044 	2326705.6
311.02204 	2306821.2
311.82365 	2286936.5
312.62525 	2267051.4
313.42685 	2247166.2
314.22846 	2227280.7
315.03006 	2207395
315.83166 	2187509.1
316.63327 	2167623.1
317.43487 	2147736.9
318.23647 	2127850.6
319.03808 	2107964.2
319.83968 	2088077.8
320.64128 	2068191.3
321.44289 	2048304.8
322.24449 	2028418.3
323.04609 	2008531.8
323.8477 	1988645.4
324.6493 	1968759.1
325.4509 	1948872.8
326.25251 	1928986.6
327.05411 	1909100.6
327.85571 	1889214.7
328.65731 	1869329
329.45892 	1849443.4
330.26052 	1829558
331.06212 	1809672.8
331.86373 	1789787.8
332.66533 	1769903
333.46693 	1750018.4
334.26854 	1730134.1
335.07014 	1710250
335.87174 	1690366.1
336.67335 	1670482.5
337.47495 	1650599.1
338.27655 	1630716
339.07816 	1610833.1
339.87976 	1590950.5
340.68136 	1571068.2
341.48297 	1551186
342.28457 	1531304.2
343.08617 	1511422.6
343.88778 	1491541.2
344.68938 	1471660.1
345.49098 	1451779.2
346.29259 	1431898.5
347.09419 	1412018.1
347.89579 	1392137.9
348.69739 	1372257.9
349.499 	1352378.1
350.3006 	1332498.6
351.1022 	1312619.2
351.90381 	1292740
352.70541 	1272860.9
353.50701 	1252982.1
354.30862 	1233103.4
355.11022 	1213224.8
355.91182 	1193346.4
356.71343 	1173468.1
357.51503 	1153589.9
358.31663 	1133711.8
359.11824 	1113833.8
359.91984 	1093955.9
360.72144 	1074078
361.52305 	1054200.2
362.32465 	1034322.4
363.12625 	1014444.7
363.92786 	994567.01
364.72946 	974689.31
365.53106 	954811.62
366.33267 	934933.92
367.13427 	915056.19
367.93587 	895178.44
368.73747 	875300.64
369.53908 	855422.8
370.34068 	835544.9
371.14228 	815666.93
371.94389 	795788.89
372.74549 	775910.77
373.54709 	756032.56
374.3487 	736154.27
375.1503 	716275.87
375.9519 	696397.37
376.75351 	676518.77
377.55511 	656640.07
379.15832 	616882.32
379.95992 	597003.27
381.56313 	557244.85
382.36473 	537365.47
383.16633 	517485.98
383.96794 	497606.39
384.76954 	477726.68
385.57114 	457846.88
386.37275 	437966.98
387.17435 	418086.99
387.97595 	398206.91
388.77756 	378326.75
389.57916 	358446.52
390.38076 	338566.22
391.18236 	318685.85
391.98397 	298805.43
392.78557 	278924.96
393.58717 	259044.45
394.38878 	239163.91
395.19038 	219283.35
395.99198 	199402.78
396.79359 	179522.19
397.59519 	159641.62
399.1984 	119880.51
400 	100484.21
