0 	5457384.3
0.3317994 	5456261.8
3.6497934 	5369220
4.3133922 	5350518.4
4.6451916 	5341161.3
4.976991 	5331800.6
5.3087904 	5322436.6
5.9723892 	5303700.1
6.3041886 	5294328.2
6.635988 	5284954.4
7.2995868 	5266201.8
7.6313862 	5256823.5
7.9631856 	5247444.2
8.6267844 	5228683.3
8.9585838 	5219301.9
9.953982 	5191155.7
11.944778 	5134859.8
12.276578 	5125477
12.608377 	5116094
12.940177 	5106710.8
13.271976 	5097327.5
13.603775 	5087943.8
13.935575 	5078559.9
14.267374 	5069175.5
14.599174 	5059790.7
15.262772 	5041019.1
15.594572 	5031632.3
15.926371 	5022244.5
16.258171 	5012855.8
16.58997 	5003465.9
16.921769 	4994074.9
17.253569 	4984682.5
17.585368 	4975288.7
18.248967 	4956496.3
18.580766 	4947097.4
18.912566 	4937696.6
19.244365 	4928293.7
19.576165 	4918888.6
19.907964 	4909481.2
20.571563 	4890658.9
20.903362 	4881243.7
22.562359 	4834121.9
22.894159 	4824687.3
23.225958 	4815249.1
23.889557 	4796360.9
24.221356 	4786910.7
24.884955 	4767997.2
25.216754 	4758533.6
25.880353 	4739592
26.875751 	4711141.6
27.207551 	4701647.3
27.53935 	4692147.4
27.871149 	4682641.7
28.202949 	4673130.1
28.534748 	4663612.4
28.866548 	4654088.5
29.198347 	4644558.3
29.861946 	4625478.1
30.193745 	4615927.9
30.525545 	4606370.7
30.857344 	4596806.6
31.189143 	4587235.2
31.852742 	4568070.4
32.184542 	4558476.7
32.516341 	4548875.3
32.84814 	4539266.1
33.17994 	4529649
33.511739 	4520023.9
33.843539 	4510390.5
34.175338 	4500749
34.507137 	4491099.1
35.834335 	4452413.9
36.166134 	4442720.8
36.497934 	4433018.8
36.829733 	4423307.8
37.161533 	4413587.7
37.825131 	4394120.1
38.156931 	4384372.5
38.48873 	4374615.5
39.152329 	4355073.2
39.484128 	4345287.9
39.815928 	4335492.9
40.147727 	4325688.4
40.479527 	4315874.2
41.806724 	4276519.9
42.138524 	4266656.7
42.802122 	4246900.6
43.133922 	4237007.5
43.465721 	4227104.5
43.797521 	4217191.4
44.461119 	4197334.9
44.792919 	4187391.5
45.124718 	4177437.8
45.456518 	4167474
46.120116 	4147515.6
46.783715 	4127516.1
47.115515 	4117500.8
47.779113 	4097439
48.110913 	4087392.5
48.442712 	4077335.6
49.106311 	4057190.1
49.43811 	4047101.6
49.76991 	4037002.5
50.101709 	4026892.7
50.433509 	4016772.4
50.765308 	4006641.3
51.097107 	3996499.5
51.428907 	3986347.1
51.760706 	3976183.8
52.092506 	3966009.7
52.756104 	3945629.1
53.087904 	3935422.4
53.419703 	3925204.8
53.751503 	3914976.2
54.083302 	3904736.7
54.415101 	3894486.1
54.746901 	3884224.4
55.0787 	3873951.6
55.4105 	3863667.7
55.742299 	3853372.6
56.074098 	3843066.3
57.069497 	3812079.8
57.401296 	3801728.4
57.733095 	3791365.5
58.396694 	3770605.6
58.728494 	3760208.4
59.060293 	3749799.8
59.392092 	3739379.6
59.723892 	3728947.9
60.055691 	3718504.6
60.71929 	3697583.1
61.051089 	3687104.9
62.046488 	3655600
62.710086 	3634538.1
63.041886 	3623989.4
63.373685 	3613429
63.705485 	3602856.8
64.369083 	3581676.8
65.032682 	3560449.5
65.364482 	3549818
65.696281 	3539174.7
66.02808 	3528519.6
66.35988 	3517852.5
66.691679 	3507173.6
67.023479 	3496482.8
67.355278 	3485780.2
67.687077 	3475065.7
68.350676 	3453601.2
68.682476 	3442851.3
69.014275 	3432089.5
69.346074 	3421315.9
69.677874 	3410530.5
70.009673 	3399733.4
71.005071 	3367271.8
71.336871 	3356427.9
71.66867 	3345572.3
72.664068 	3312936.2
72.995868 	3302034.5
73.659467 	3280196.6
73.991266 	3269260.6
74.323065 	3258313.2
75.650263 	3214411.2
76.313862 	3192393.3
76.645661 	3181367.8
76.977461 	3170331.3
77.30926 	3159284
77.641059 	3148225.8
77.972859 	3137156.8
78.304658 	3126077.1
78.636458 	3114986.7
78.968257 	3103885.8
79.300056 	3092774.2
79.963655 	3070519.8
80.959053 	3037060.7
81.290853 	3025887.3
81.622652 	3014703.8
81.954452 	3003510.3
82.286251 	2992306.9
82.61805 	2981093.6
83.613448 	2947395.3
83.945248 	2936143.4
84.277047 	2924881.9
84.608847 	2913611
84.940646 	2902330.9
88.922239 	2766271.3
89.254038 	2754877.5
89.585838 	2743475.6
89.917637 	2732065.6
90.249436 	2720647.7
90.913035 	2697788.3
91.244835 	2686347
92.240233 	2651978.2
92.572032 	2640507.3
93.235631 	2617543.9
93.56743 	2606051.6
93.89923 	2594552.4
94.231029 	2583046.5
94.562829 	2571533.8
94.894628 	2560014.6
95.226427 	2548488.9
95.558227 	2536956.7
95.890026 	2525418.3
96.221826 	2513873.7
96.553625 	2502323.1
96.885424 	2490766.4
98.544421 	2432897.3
98.876221 	2421307
99.53982 	2398110.9
99.871619 	2386505.3
100.86702 	2351659.6
101.19882 	2340035.1
101.86242 	2316772.9
102.19421 	2305135.4
102.52601 	2293493.7
102.85781 	2281848.1
103.18961 	2270198.6
103.52141 	2258545.4
103.85321 	2246888.4
104.51681 	2223564.1
104.84861 	2211896.9
105.51221 	2188553
105.84401 	2176876.5
107.17121 	2130143.3
107.50301 	2118453.7
108.1666 	2095067.8
108.4984 	2083371.7
108.8302 	2071673.6
109.8256 	2036568.9
110.1574 	2024864.2
110.4892 	2013158.1
110.821 	2001450.7
111.1528 	1989742.1
111.4846 	1978032.5
112.48 	1942898.4
113.14359 	1919472.4
113.47539 	1907758.7
114.13899 	1884330.5
114.80259 	1860901.9
115.13439 	1849187.7
116.12979 	1814046.6
116.46159 	1802333.8
117.78879 	1755489.4
118.12059 	1743780.5
119.11598 	1708660.4
119.77958 	1685253.5
121.10678 	1638458.2
121.77038 	1615071.2
122.10218 	1603380.6
122.43398 	1591692.1
122.76578 	1580005.6
123.09758 	1568321.4
123.76118 	1544959.9
124.09298 	1533282.7
124.75657 	1509935.8
125.08837 	1498266.2
125.42017 	1486599.3
125.75197 	1474935.1
126.08377 	1463273.8
126.41557 	1451615.2
127.07917 	1428307
127.41097 	1416657.4
128.07457 	1393367.4
128.40637 	1381727.1
130.39716 	1311954.8
131.72436 	1265509.1
132.05616 	1253906.6
132.38796 	1242307.8
132.71976 	1230712.7
133.05156 	1219121.3
133.38336 	1207533.7
133.71516 	1195949.8
134.04696 	1184369.7
134.71056 	1161221
135.04236 	1149652.4
135.37415 	1138087.7
135.70595 	1126526.9
136.36955 	1103417.1
136.70135 	1091868
137.03315 	1080322.9
137.36495 	1068781.8
137.69675 	1057244.7
138.02855 	1045711.5
138.36035 	1034182.2
139.02395 	1011135.7
140.01935 	976595.83
140.68295 	953589.09
141.01474 	942091.68
141.67834 	919108.68
142.01014 	907623.09
143.00554 	873189.75
143.33734 	861719.73
144.00094 	838791.24
144.33274 	827332.73
144.66454 	815878.01
144.99634 	804427.04
145.32814 	792979.83
145.65994 	781536.32
145.99174 	770096.49
146.32353 	758660.33
146.65533 	747227.78
146.98713 	735798.84
147.31893 	724373.45
147.65073 	712951.58
147.98253 	701533.21
148.31433 	690118.28
148.64613 	678706.77
148.97793 	667298.63
149.30973 	655893.82
149.64153 	644492.31
150.30513 	621698.96
150.63693 	610307.05
150.96873 	598918.24
151.30053 	587532.5
151.63233 	576149.76
151.96412 	564769.99
153.29132 	519279.46
153.62312 	507913.69
154.28672 	485190.01
154.61852 	473831.98
154.95032 	462476.41
155.61392 	439772.4
155.94572 	428423.84
156.60932 	405733.3
156.94112 	394391.18
157.27292 	383051.09
157.93651 	360376.68
158.26831 	349042.24
158.60011 	337709.54
158.93191 	326378.53
159.26371 	315049.12
160.59091 	269746.19
160.92271 	258423.77
162.24991 	213145.15
162.58171 	201827.9
162.9135 	190511.45
163.2453 	179195.74
163.9089 	156566.23
164.2407 	145252.27
164.5725 	133938.74
164.9043 	122625.58
165.2361 	111312.69
165.5679 	100561.85
