0 	9544006.7
6.4128257 	9415326.7
34.468938 	8838569.6
37.675351 	8763846.8
40.881764 	8722684.8
50.501002 	8719091.6
53.707415 	8714926.8
62.52505 	8520071.1
65.731463 	8439973
68.937876 	8359863.9
69.739479 	8339835.6
96.993988 	7659120.6
103.40681 	7499126.8
106.61323 	7419164.5
116.23246 	7179337.2
123.44689 	6999436.5
125.05 	6959451.9
125.8517 	6939454.5
128.25651 	6879464.4
131.46293 	6799465.1
151.50301 	6299198.4
153.90782 	6239143.8
156.31263 	6179087.4
159.51904 	6099012
166.73347 	5918858
169.13828 	5858815.9
175.5511 	5698735.6
176.35271 	5678729
187.57515 	5398713.4
190.78156 	5318731.5
200.4008 	5078822.5
201.2024 	5058831.4
202.00401 	5038840.5
202.80561 	5018849.5
203.60721 	4998858.6
204.40882 	4978867.7
205.21042 	4958876.7
206.01202 	4938885.7
206.81363 	4918894.5
207.61523 	4898903.2
208.41683 	4878911.8
209.21844 	4858920.1
210.02004 	4838928.3
210.82164 	4818936.3
211.62325 	4798944
212.42485 	4778951.5
213.22645 	4758958.8
214.02806 	4738965.7
214.82966 	4718972.4
215.63126 	4698978.7
216.43287 	4678984.8
217.23447 	4658990.5
218.03607 	4638995.9
219.63928 	4599005.8
220.44088 	4579010.2
221.24248 	4559014.4
222.04409 	4539018.2
222.84569 	4519021.6
223.64729 	4499024.8
224.4489 	4479027.6
225.2505 	4459030.2
226.0521 	4439032.4
227.65531 	4399035.9
228.45691 	4379037.2
229.25852 	4359038.3
230.86172 	4319039.5
231.66333 	4299039.7
232.46493 	4279039.6
234.06814 	4239038.7
234.86974 	4219037.8
235.67134 	4199036.7
236.47295 	4179035.4
237.27455 	4159033.8
238.07615 	4139032
238.87776 	4119030
239.67936 	4099027.7
240.48096 	4079025.2
241.28257 	4059022.5
242.08417 	4039019.6
242.88577 	4019016.5
243.68737 	3999013.3
244.48898 	3979009.8
245.29058 	3959006.2
246.09218 	3939002.3
246.89379 	3918998.4
247.69539 	3898994.3
248.49699 	3878990
249.2986 	3858985.7
250.1002 	3838981.2
250.9018 	3818976.7
251.70341 	3798972
252.50501 	3778967.4
253.30661 	3758962.6
254.10822 	3738957.9
254.90982 	3718953.1
255.71142 	3698948.3
256.51303 	3678943.6
257.31463 	3658938.9
258.11623 	3638934.3
258.91784 	3618929.7
259.71944 	3598925.3
260.52104 	3578921
261.32265 	3558916.9
262.12425 	3538912.9
262.92585 	3518909.1
263.72745 	3498905.6
264.52906 	3478902.2
265.33066 	3458899.2
266.13226 	3438896.4
266.93387 	3418893.8
267.73547 	3398891.6
268.53707 	3378889.8
269.33868 	3358888.2
270.14028 	3338887.1
270.94188 	3318886.3
271.74349 	3298885.8
272.54509 	3278885.8
273.34669 	3258886.2
274.1483 	3238887
274.9499 	3218888.3
274.95 	3218885.8
275.7515 	3198890
276.55311 	3178892.1
277.35471 	3158894.7
278.95792 	3118901.1
279.75952 	3098905
280.56112 	3078909.4
281.36273 	3058914.2
282.16433 	3038919.4
282.96593 	3018925
283.76754 	2998931.1
284.56914 	2978937.6
285.37074 	2958944.4
286.17234 	2938951.7
286.97395 	2918959.3
288.57715 	2878975.5
289.37876 	2858984.1
290.18036 	2838993.1
290.98196 	2819002.2
291.78357 	2799011.7
292.58517 	2779021.4
293.38677 	2759031.3
294.18838 	2739041.4
294.98998 	2719051.6
295.79158 	2699062
296.59319 	2679072.6
297.39479 	2659083.2
298.19639 	2639093.9
298.998 	2619104.7
299.7996 	2599115.5
300.6012 	2579126.3
301.40281 	2559137.1
302.20441 	2539147.9
303.00601 	2519158.6
303.80762 	2499169.2
304.60922 	2479179.8
306.21242 	2439200.5
307.01403 	2419210.7
307.81563 	2399220.6
308.61723 	2379230.4
309.41884 	2359240
310.22044 	2339249.4
311.02204 	2319258.6
311.82365 	2299267.6
312.62525 	2279276.2
313.42685 	2259284.7
314.22846 	2239292.9
315.03006 	2219300.8
315.83166 	2199308.4
316.63327 	2179315.7
317.43487 	2159322.8
318.23647 	2139329.5
319.03808 	2119335.9
319.83968 	2099342.1
320.64128 	2079347.9
321.44289 	2059353.5
322.24449 	2039358.7
323.04609 	2019363.6
323.8477 	1999368.3
324.6493 	1979372.6
325.4509 	1959376.6
326.25251 	1939380.3
327.05411 	1919383.8
327.85571 	1899387
328.65731 	1879389.9
329.45892 	1859392.5
330.26052 	1839394.8
331.06212 	1819397
331.86373 	1799398.8
332.66533 	1779400.5
333.46693 	1759401.9
334.26854 	1739403.1
335.07014 	1719404.1
335.87174 	1699404.9
336.67335 	1679405.5
337.47495 	1659406
338.27655 	1639406.4
339.07816 	1619406.6
339.87976 	1599406.7
340.68136 	1579406.7
341.48297 	1559406.6
342.28457 	1539406.4
343.08617 	1519406.2
343.88778 	1499405.9
344.68938 	1479405.7
345.49098 	1459405.4
346.29259 	1439405.1
347.09419 	1419404.9
347.89579 	1399404.7
348.69739 	1379404.6
349.499 	1359404.6
350.3006 	1339404.7
351.1022 	1319404.9
351.90381 	1299405.3
352.70541 	1279405.7
353.50701 	1259406.4
354.30862 	1239407.3
355.11022 	1219408.3
355.91182 	1199409.6
356.71343 	1179411.1
357.51503 	1159412.9
358.31663 	1139414.9
359.11824 	1119417.2
359.91984 	1099419.8
360.72144 	1079422.7
361.52305 	1059426
362.32465 	1039429.5
363.12625 	1019433.4
363.92786 	999437.64
364.72946 	979442.24
365.53106 	959447.21
366.33267 	939452.55
367.13427 	919458.28
367.93587 	899464.39
368.73747 	879470.9
369.53908 	859477.81
370.34068 	839485.12
371.14228 	819492.83
371.94389 	799500.95
372.74549 	779509.48
373.54709 	759518.42
374.3487 	739527.77
375.1503 	719537.52
375.9519 	699547.68
376.75351 	679558.24
377.55511 	659569.2
379.15832 	619592.28
379.95992 	599604.4
381.56313 	559629.74
382.36473 	539642.95
383.16633 	519656.51
383.96794 	499670.41
384.76954 	479684.64
385.57114 	459699.18
386.37275 	439714.03
387.17435 	419729.17
387.97595 	399744.59
388.77756 	379760.28
389.57916 	359776.23
390.38076 	339792.41
391.18236 	319808.82
391.98397 	299825.45
392.78557 	279842.27
393.58717 	259859.27
394.38878 	239876.45
395.19038 	219893.77
395.99198 	199911.23
396.79359 	179928.81
397.59519 	159946.49
399.1984 	119982.11
400 	100486.69
