0 	8857753.2
6.4128257 	8751816.2
34.468938 	8212093.6
37.675351 	8130866.1
40.881764 	8075013.1
50.501002 	7891946.6
53.707415 	7825680.6
62.52505 	7643033.9
65.731463 	7563855.5
68.937876 	7483863
69.739479 	7463890.1
96.993988 	6842341.3
103.40681 	6752566.3
106.61323 	6717021.2
116.23246 	6711045.8
123.44689 	6707987.6
125.05 	6707820.6
125.8517 	6707706.3
128.25651 	6707561.4
131.46293 	6707355.3
151.50301 	6579390.2
153.90782 	6516649.2
156.31263 	6453863.8
159.51904 	6370107
166.73347 	6181382.7
169.13828 	6118352.3
175.5511 	5950180.3
176.35271 	5929161.9
187.57515 	5635242.4
190.78156 	5551427.9
200.4008 	5300440.7
201.2024 	5279549
202.00401 	5258660.2
202.80561 	5237773.9
203.60721 	5216889.9
204.40882 	5196008.1
205.21042 	5175128.3
206.01202 	5154250.4
206.81363 	5133374.1
207.61523 	5112499.4
208.41683 	5091626.1
209.21844 	5070754.1
210.02004 	5049883.2
210.82164 	5029013.4
211.62325 	5008144.5
212.42485 	4987276.5
213.22645 	4966409.1
214.02806 	4945542.4
214.82966 	4924676.2
215.63126 	4903810.4
216.43287 	4882945.1
217.23447 	4862080
218.03607 	4841215.3
219.63928 	4799486.5
220.44088 	4778622.4
221.24248 	4757758.4
222.04409 	4736894.4
222.84569 	4716030.3
223.64729 	4695166.2
224.4489 	4674301.9
225.2505 	4653437.3
226.0521 	4632572.5
227.65531 	4590841.6
228.45691 	4569975.6
229.25852 	4549109.2
230.86172 	4507375.1
231.66333 	4486507.6
232.46493 	4465639.6
234.06814 	4423902.9
234.86974 	4403034.2
235.67134 	4382165.3
236.47295 	4361296.1
237.27455 	4340426.7
238.07615 	4319557
238.87776 	4298686.9
239.67936 	4277816.5
240.48096 	4256945.5
241.28257 	4236073.9
242.08417 	4215201.5
242.88577 	4194328.3
243.68737 	4173454.1
244.48898 	4152578.9
245.29058 	4131702.4
246.09218 	4110824.6
246.89379 	4089945.5
247.69539 	4069065
248.49699 	4048183
249.2986 	4027299.6
250.1002 	4006414.6
250.9018 	3985528.2
251.70341 	3964640.3
252.50501 	3943751
253.30661 	3922860.2
254.10822 	3901967.9
254.90982 	3881074.2
255.71142 	3860179.2
256.51303 	3839282.8
257.31463 	3818385.2
258.11623 	3797486.5
258.91784 	3776586.7
259.71944 	3755685.9
260.52104 	3734784.4
261.32265 	3713882.2
262.12425 	3692979.6
262.92585 	3672076.6
263.72745 	3651173.4
264.52906 	3630270.2
265.33066 	3609367.1
266.13226 	3588464.3
266.93387 	3567561.8
267.73547 	3546659.8
268.53707 	3525758.3
269.33868 	3504857.5
270.14028 	3483957.4
270.94188 	3463058
271.74349 	3442159.3
272.54509 	3421261.4
273.34669 	3400364.4
274.1483 	3379468.1
274.9499 	3358572.6
274.95 	3358570
275.7515 	3337677.8
276.55311 	3316783.8
277.35471 	3295890.6
278.95792 	3254106
279.75952 	3233214.6
280.56112 	3212323.7
281.36273 	3191433.3
282.16433 	3170543.2
282.96593 	3149653.5
283.76754 	3128764
284.56914 	3107874.7
285.37074 	3086985.6
286.17234 	3066096.4
286.97395 	3045207.2
288.57715 	3003428.5
289.37876 	2982538.9
290.18036 	2961649.1
290.98196 	2940759
291.78357 	2919868.7
292.58517 	2898978.1
293.38677 	2878087.3
294.18838 	2857196.2
294.98998 	2836304.9
295.79158 	2815413.4
296.59319 	2794521.7
297.39479 	2773630
298.19639 	2752738.2
298.998 	2731846.5
299.7996 	2710954.8
300.6012 	2690063.4
301.40281 	2669172.2
302.20441 	2648281.3
303.00601 	2627390.9
303.80762 	2606501
304.60922 	2585611.7
306.21242 	2543835.2
307.01403 	2522948.2
307.81563 	2502062.1
308.61723 	2481176.9
309.41884 	2460292.8
310.22044 	2439409.7
311.02204 	2418527.8
311.82365 	2397647
312.62525 	2376767.3
313.42685 	2355888.8
314.22846 	2335011.6
315.03006 	2314135.5
315.83166 	2293260.6
316.63327 	2272386.9
317.43487 	2251514.4
318.23647 	2230642.9
319.03808 	2209772.6
319.83968 	2188903.4
320.64128 	2168035.2
321.44289 	2147168
322.24449 	2126301.8
323.04609 	2105436.4
323.8477 	2084571.9
324.6493 	2063708.2
325.4509 	2042845.1
326.25251 	2021982.7
327.05411 	2001120.9
327.85571 	1980259.5
328.65731 	1959398.6
329.45892 	1938537.9
330.26052 	1917677.5
331.06212 	1896817.2
331.86373 	1875956.9
332.66533 	1855096.6
333.46693 	1834236
334.26854 	1813375.2
335.07014 	1792514
335.87174 	1771652.3
336.67335 	1750790
337.47495 	1729926.9
338.27655 	1709063
339.07816 	1688198.1
339.87976 	1667332.2
340.68136 	1646465.1
341.48297 	1625596.6
342.28457 	1604726.8
343.08617 	1583855.5
343.88778 	1562982.5
344.68938 	1542107.8
345.49098 	1521231.4
346.29259 	1500353
347.09419 	1479472.7
347.89579 	1458590.4
348.69739 	1437706
349.499 	1416819.6
350.3006 	1395931
351.1022 	1375040.2
351.90381 	1354147.4
352.70541 	1333252.4
353.50701 	1312355.3
354.30862 	1291456.2
355.11022 	1270555.1
355.91182 	1249652.2
356.71343 	1228747.4
357.51503 	1207840.8
358.31663 	1186932.7
359.11824 	1166023
359.91984 	1145112
360.72144 	1124199.7
361.52305 	1103286.3
362.32465 	1082371.9
363.12625 	1061456.7
363.92786 	1040540.8
364.72946 	1019624.4
365.53106 	998707.57
366.33267 	977790.48
367.13427 	956873.27
367.93587 	935956.08
368.73747 	915039.05
369.53908 	894122.29
370.34068 	873205.94
371.14228 	852290.1
371.94389 	831374.88
372.74549 	810460.39
373.54709 	789546.71
374.3487 	768633.94
375.1503 	747722.14
375.9519 	726811.4
376.75351 	705901.76
377.55511 	684993.29
379.15832 	643180
379.95992 	622275.25
381.56313 	580469.6
382.36473 	559568.73
383.16633 	538669.14
383.96794 	517770.83
384.76954 	496873.77
385.57114 	475977.93
386.37275 	455083.27
387.17435 	434189.76
387.97595 	413297.34
388.77756 	392405.96
389.57916 	371515.56
390.38076 	350626.09
391.18236 	329737.47
391.98397 	308849.65
392.78557 	287962.55
393.58717 	267076.12
394.38878 	246190.27
395.19038 	225304.94
395.99198 	204420.06
396.79359 	183535.56
397.59519 	162651.38
399.1984 	120883.67
400 	100508.65
