0 	9217345.1
6.4128257 	9095616.3
34.468938 	8597776.9
37.675351 	8521518.3
40.881764 	8448512.1
50.501002 	8219078.2
53.707415 	8156679.8
62.52505 	7944555.4
65.731463 	7857288.5
68.937876 	7790125.2
69.739479 	7772735.1
96.993988 	7704052.4
103.40681 	7622447.3
106.61323 	7541158.2
116.23246 	7297174.5
123.44689 	7114279.4
125.05 	7073671.3
125.8517 	7053368
128.25651 	6992483.1
131.46293 	6911337.9
151.50301 	6404129.9
153.90782 	6343149.6
156.31263 	6282135.6
159.51904 	6200736.8
166.73347 	6017457.6
169.13828 	5956343.5
175.5511 	5793358.5
176.35271 	5772984.8
187.57515 	5487768
190.78156 	5406288
200.4008 	5161852.3
201.2024 	5141482.7
202.00401 	5121113.2
202.80561 	5100744
203.60721 	5080375.1
204.40882 	5060006.6
205.21042 	5039638.5
206.01202 	5019271.1
206.81363 	4998904.4
207.61523 	4978538.5
208.41683 	4958173.4
209.21844 	4937809.4
210.02004 	4917446.4
210.82164 	4897084.6
211.62325 	4876724.2
212.42485 	4856365
213.22645 	4836007.4
214.02806 	4815651.2
214.82966 	4795296.6
215.63126 	4774943.6
216.43287 	4754592.3
217.23447 	4734242.7
218.03607 	4713894.9
219.63928 	4673204.4
220.44088 	4652861.8
221.24248 	4632520.9
222.04409 	4612181.6
222.84569 	4591844.1
223.64729 	4571508.2
224.4489 	4551173.8
225.2505 	4530841
226.0521 	4510509.6
227.65531 	4469850.7
228.45691 	4449523.2
229.25852 	4429196.7
230.86172 	4388546.6
231.66333 	4368222.9
232.46493 	4347899.9
234.06814 	4307255.6
234.86974 	4286934.1
235.67134 	4266613.1
236.47295 	4246292.3
237.27455 	4225971.7
238.07615 	4205651.3
238.87776 	4185331
239.67936 	4165010.8
240.48096 	4144690.5
241.28257 	4124370.2
242.08417 	4104049.8
242.88577 	4083729.4
243.68737 	4063408.8
244.48898 	4043088.2
245.29058 	4022767.4
246.09218 	4002446.4
246.89379 	3982125.4
247.69539 	3961804.2
248.49699 	3941482.8
249.2986 	3921161.3
250.1002 	3900839.6
250.9018 	3880517.9
251.70341 	3860195.9
252.50501 	3839873.8
253.30661 	3819551.6
254.10822 	3799229.2
254.90982 	3778906.6
255.71142 	3758583.8
256.51303 	3738260.9
257.31463 	3717937.7
258.11623 	3697614.3
258.91784 	3677290.8
259.71944 	3656966.9
260.52104 	3636642.9
261.32265 	3616318.5
262.12425 	3595993.9
262.92585 	3575669
263.72745 	3555343.9
264.52906 	3535018.4
265.33066 	3514692.5
266.13226 	3494366.4
266.93387 	3474039.9
267.73547 	3453713.1
268.53707 	3433385.9
269.33868 	3413058.4
270.14028 	3392730.5
270.94188 	3372402.3
271.74349 	3352073.7
272.54509 	3331744.8
273.34669 	3311415.5
274.1483 	3291085.9
274.9499 	3270756
274.95 	3270753.4
275.7515 	3250425.7
276.55311 	3230095.2
277.35471 	3209764.5
278.95792 	3169102.3
279.75952 	3148771
280.56112 	3128439.6
281.36273 	3108108
282.16433 	3087776.5
282.96593 	3067445
283.76754 	3047113.6
284.56914 	3026782.4
285.37074 	3006451.4
286.17234 	2986120.7
286.97395 	2965790.4
288.57715 	2925131.2
289.37876 	2904802.6
290.18036 	2884474.7
290.98196 	2864147.6
291.78357 	2843821.4
292.58517 	2823496.2
293.38677 	2803172.1
294.18838 	2782849.1
294.98998 	2762527.4
295.79158 	2742207
296.59319 	2721887.9
297.39479 	2701570.3
298.19639 	2681254
298.998 	2660939.3
299.7996 	2640626
300.6012 	2620314.2
301.40281 	2600003.9
302.20441 	2579695
303.00601 	2559387.5
303.80762 	2539081.3
304.60922 	2518776.4
306.21242 	2478170.1
307.01403 	2457868.5
307.81563 	2437567.7
308.61723 	2417267.7
309.41884 	2396968.3
310.22044 	2376669.4
311.02204 	2356370.8
311.82365 	2336072.4
312.62525 	2315774
313.42685 	2295475.5
314.22846 	2275176.8
315.03006 	2254877.5
315.83166 	2234577.7
316.63327 	2214277.2
317.43487 	2193975.8
318.23647 	2173673.4
319.03808 	2153369.9
319.83968 	2133065.2
320.64128 	2112759.1
321.44289 	2092451.5
322.24449 	2072142.4
323.04609 	2051831.7
323.8477 	2031519.3
324.6493 	2011205.2
325.4509 	1990889.3
326.25251 	1970571.6
327.05411 	1950252
327.85571 	1929930.7
328.65731 	1909607.4
329.45892 	1889282.4
330.26052 	1868955.5
331.06212 	1848626.8
331.86373 	1828296.4
332.66533 	1807964.3
333.46693 	1787630.6
334.26854 	1767295.3
335.07014 	1746958.5
335.87174 	1726620.3
336.67335 	1706280.8
337.47495 	1685940
338.27655 	1665598
339.07816 	1645255
339.87976 	1624911
340.68136 	1604566.1
341.48297 	1584220.4
342.28457 	1563874
343.08617 	1543527
343.88778 	1523179.6
344.68938 	1502831.7
345.49098 	1482483.5
346.29259 	1462135.1
347.09419 	1441786.5
347.89579 	1421437.9
348.69739 	1401089.3
349.499 	1380740.9
350.3006 	1360392.6
351.1022 	1340044.5
351.90381 	1319696.7
352.70541 	1299349.3
353.50701 	1279002.4
354.30862 	1258655.8
355.11022 	1238309.8
355.91182 	1217964.4
356.71343 	1197619.6
357.51503 	1177275.3
358.31663 	1156931.8
359.11824 	1136588.9
359.91984 	1116246.7
360.72144 	1095905.3
361.52305 	1075564.6
362.32465 	1055224.6
363.12625 	1034885.5
363.92786 	1014547.1
364.72946 	994209.44
365.53106 	973872.6
366.33267 	953536.56
367.13427 	933201.3
367.93587 	912866.83
368.73747 	892533.14
369.53908 	872200.23
370.34068 	851868.1
371.14228 	831536.74
371.94389 	811206.14
372.74549 	790876.29
373.54709 	770547.2
374.3487 	750218.83
375.1503 	729891.2
375.9519 	709564.28
376.75351 	689238.06
377.55511 	668912.53
379.15832 	628263.49
379.95992 	607939.94
381.56313 	567294.71
382.36473 	546973
383.16633 	526651.85
383.96794 	506331.27
384.76954 	486011.21
385.57114 	465691.66
386.37275 	445372.61
387.17435 	425054.02
387.97595 	404735.87
388.77756 	384418.15
389.57916 	364100.81
390.38076 	343783.85
391.18236 	323467.24
391.98397 	303150.94
392.78557 	282834.94
393.58717 	262519.21
394.38878 	242203.72
395.19038 	221888.46
395.99198 	201573.38
396.79359 	181258.47
397.59519 	160943.71
399.1984 	120314.5
400 	100494.79
