0 	3836482.4
0.35183948 	3829054.1
0.70367896 	3821259.7
1.0555184 	3813657.5
1.4073579 	3806075
1.7591974 	3798305.7
2.1110369 	3790496.5
2.4628764 	3782684.3
2.8147158 	3774862
3.1665553 	3767066.9
3.5183948 	3759332.9
3.8702343 	3751525.8
4.2220737 	3743715.9
4.9257527 	3728116.6
5.6294317 	3712637.1
5.9812711 	3704819.1
6.3331106 	3697056.4
8.092308 	3658255.7
8.795987 	3644683.9
9.1478265 	3636909.2
10.203345 	3613439
10.907024 	3600739.4
11.258863 	3592919.3
11.610703 	3585105.3
11.962542 	3577291.6
12.666221 	3561663.9
13.018061 	3553850
13.3699 	3546036
13.72174 	3538222
14.777258 	3514779.9
15.480937 	3499151.8
15.832777 	3491337.7
16.536456 	3475709.7
17.591974 	3452267.7
18.647492 	3428825.9
19.351171 	3413198.2
19.703011 	3405384.4
20.05485 	3397570.7
20.40669 	3389756.9
20.758529 	3381943.3
21.462208 	3366316
22.165887 	3350689
22.869566 	3335062.3
23.573245 	3319435.8
23.925085 	3311622.8
24.276924 	3303809.8
24.628764 	3295996.9
25.332442 	3280371.6
25.684282 	3272559.1
26.387961 	3256934.5
26.7398 	3249122.4
27.09164 	3241310.5
27.443479 	3233498.7
27.795319 	3225686.9
28.147158 	3217875.3
28.850837 	3202252.1
29.202677 	3194440.5
29.554516 	3186628.8
29.906356 	3178816.8
30.258195 	3171004.6
30.610035 	3163192
30.961874 	3155379
31.665553 	3139751.5
32.017393 	3131937.1
32.369232 	3124121.5
32.721072 	3116293.9
33.072911 	3108421.5
33.424751 	3101603
33.77659 	3099597.7
34.128429 	3099457.8
34.480269 	3099421.1
34.832108 	3099388.4
35.183948 	3099356
35.535787 	3099323.8
35.887627 	3099291.7
36.239466 	3099259.8
36.591306 	3099228.1
37.294985 	3099164.6
37.646824 	3099132.7
37.998664 	3099100.6
38.702343 	3099035.6
39.406022 	3098967.6
39.757861 	3098939.1
41.165219 	3092467.4
41.517059 	3084770.8
41.868898 	3076943.8
42.220737 	3069110.5
42.924416 	3053442.5
43.276256 	3045608.2
43.628095 	3037773.5
43.979935 	3029938.5
44.683614 	3014267.3
45.035453 	3006431.1
45.387293 	2998594.7
46.090972 	2982920.9
46.442811 	2975083.6
47.14649 	2959408.8
47.49833 	2951571.3
48.202009 	2935896.1
48.553848 	2928058.6
49.257527 	2912383.7
49.609367 	2904546.3
49.961206 	2896709
50.313045 	2888871.9
50.664885 	2881034.8
51.016724 	2873197.8
51.720403 	2857524.1
52.072243 	2849687.5
52.424082 	2841850.9
52.775922 	2834014.4
53.127761 	2826178
54.18328 	2802669.2
54.535119 	2794833.1
54.886959 	2786997.1
55.238798 	2779161.1
55.590638 	2771325.2
55.942477 	2763489.3
56.997996 	2739982
57.349835 	2732146.3
57.701675 	2724310.6
58.053514 	2716475
58.405354 	2708639.5
58.757193 	2700803.9
59.109032 	2692968.4
59.460872 	2685133
60.164551 	2669462.1
60.51639 	2661626.7
60.86823 	2653791.4
61.220069 	2645956
61.571909 	2638120.7
61.923748 	2630285.5
62.275588 	2622450.2
62.627427 	2614614.9
62.979267 	2606779.7
63.331106 	2598944.5
63.682946 	2591109.3
64.034785 	2583274.2
64.386625 	2575439
64.738464 	2567603.9
65.442143 	2551933.7
65.793983 	2544098.6
66.497662 	2528428.4
67.55318 	2504923.3
68.256859 	2489253.2
68.608698 	2481418.2
69.312377 	2465748.2
70.016056 	2450078.2
70.367896 	2442243.2
70.719735 	2434408.3
71.071575 	2426573.3
71.423414 	2418738.3
72.830772 	2387398.5
73.182612 	2379563.5
73.534451 	2371728.6
73.886291 	2363893.7
74.941809 	2340388.9
75.293648 	2332554
75.645488 	2324719.1
75.997327 	2316884.2
77.052846 	2293379.5
77.404685 	2285544.7
77.756525 	2277709.8
78.460204 	2262040.1
78.812043 	2254205.3
79.163883 	2246370.5
80.219401 	2222866.2
81.27492 	2199361.9
81.626759 	2191527.2
81.978599 	2183692.6
82.330438 	2175857.9
82.682278 	2168023.3
83.034117 	2160188.6
83.385957 	2152354
83.737796 	2144519.4
84.089635 	2136684.9
84.441475 	2128850.3
85.496993 	2105346.9
86.552512 	2081843.6
86.904351 	2074009.2
89.015388 	2027003.5
89.367228 	2019169.3
90.070907 	2003501
90.422746 	1995666.9
90.774586 	1987832.8
91.126425 	1979998.8
91.478265 	1972164.8
91.830104 	1964330.8
92.533783 	1948662.8
93.237462 	1932995
93.589301 	1925161.2
93.941141 	1917327.4
94.29298 	1909493.5
96.052178 	1870324.9
96.404017 	1862491.2
96.755857 	1854657.6
97.459536 	1838990.4
97.811375 	1831156.9
98.163215 	1823323.3
98.515054 	1815489.8
99.922412 	1784155.9
100.27425 	1776322.5
100.62609 	1768489.1
101.32977 	1752822.3
102.03345 	1737155.6
102.38529 	1729322.3
103.79265 	1697989.2
104.14449 	1690155.9
104.49633 	1682322.6
105.2 	1666656.2
105.90368 	1650989.7
106.25552 	1643156.5
106.60736 	1635323.3
108.01472 	1603990.5
108.36656 	1596157.4
108.7184 	1588324.2
109.07024 	1580491
109.77392 	1564824.7
110.12576 	1556991.5
110.82944 	1541325.1
111.18128 	1533491.9
111.53311 	1525658.8
111.88495 	1517825.6
112.58863 	1502159.2
112.94047 	1494326
113.29231 	1486492.8
113.64415 	1478659.6
113.99599 	1470826.4
114.34783 	1462993.2
114.69967 	1455160
115.05151 	1447326.7
115.40335 	1439493.5
115.75519 	1431660.3
116.45887 	1415993.8
116.81071 	1408160.5
117.16255 	1400327.2
117.51439 	1392494
118.21806 	1376827.4
118.5699 	1368994.1
118.92174 	1361160.8
119.27358 	1353327.4
119.62542 	1345494.1
119.97726 	1337660.8
120.3291 	1329827.4
120.68094 	1321994
121.03278 	1314160.7
121.38462 	1306327.3
121.73646 	1298493.9
122.0883 	1290660.5
122.79198 	1274993.7
123.14382 	1267160.3
123.49566 	1259326.8
123.8475 	1251493.4
124.19934 	1243659.9
124.55118 	1235826.5
124.90302 	1227993
125.25485 	1220159.5
125.60669 	1212326
126.66221 	1188825.5
127.01405 	1180992
127.36589 	1173158.5
127.71773 	1165324.9
128.06957 	1157491.4
128.42141 	1149657.8
128.77325 	1141824.3
129.12509 	1133990.7
129.47693 	1126157.1
130.18061 	1110490
130.53245 	1102656.4
130.88429 	1094822.8
131.23613 	1086989.2
132.29164 	1063488.4
132.64348 	1055654.7
132.99532 	1047821.1
133.699 	1032153.9
134.05084 	1024320.2
134.40268 	1016486.6
134.75452 	1008652.9
135.4582 	992985.63
135.81004 	985151.98
136.16188 	977318.33
136.51372 	969484.67
136.86556 	961651.02
137.56924 	945983.71
137.92108 	938150.06
138.27292 	930316.4
138.97659 	914649.1
139.68027 	898981.81
140.03211 	891148.17
140.38395 	883314.53
140.73579 	875480.89
141.08763 	867647.26
141.43947 	859813.63
141.79131 	851980.01
142.14315 	844146.39
142.49499 	836312.77
142.84683 	828479.16
144.25419 	797144.76
145.3097 	773644.03
145.66154 	765810.46
146.01338 	757976.9
146.36522 	750143.34
146.71706 	742309.79
147.0689 	734476.25
147.42074 	726642.71
148.12442 	710975.66
148.8281 	695308.63
149.17994 	687475.13
149.88362 	671808.14
150.23546 	663974.66
150.5873 	656141.18
151.29098 	640474.25
151.99465 	624807.34
152.69833 	609140.46
153.05017 	601307.03
153.40201 	593473.6
153.75385 	585640.18
154.45753 	569973.37
154.80937 	562139.97
155.16121 	554306.57
155.51305 	546473.18
155.86489 	538639.8
156.21673 	530806.42
156.56857 	522973.05
157.62409 	499472.97
157.97593 	491639.62
158.32777 	483806.27
158.67961 	475972.93
159.03144 	468139.6
159.38328 	460306.27
159.73512 	452472.94
160.08696 	444639.62
160.4388 	436806.31
160.79064 	428973
161.14248 	421139.69
161.49432 	413306.39
161.84616 	405473.09
162.90168 	381973.23
163.25352 	374139.95
163.9572 	358473.41
164.30904 	350640.14
164.66088 	342806.88
165.01272 	334973.62
165.71639 	319307.12
166.06823 	311473.88
167.12375 	287974.18
167.47559 	280140.96
167.82743 	272307.74
168.17927 	264474.52
168.53111 	256641.31
169.23479 	240974.91
169.58663 	233141.72
169.93847 	225308.53
170.64215 	209642.17
170.99399 	201809
171.34583 	193975.83
171.69767 	186142.67
172.04951 	178309.52
172.40134 	170476.37
172.75318 	162643.23
173.10502 	154810.09
174.16054 	131310.73
174.51238 	123477.62
174.86422 	115644.5
