0 	3836483.6
0.35183948 	3829082.8
0.70367896 	3821299
1.0555184 	3813516.1
1.4073579 	3805799.4
1.7591974 	3798187.8
2.1110369 	3790453.1
2.4628764 	3782682
2.8147158 	3774890.2
3.1665553 	3767252
3.5183948 	3759714.6
3.8702343 	3751938.4
4.2220737 	3744190.7
4.9257527 	3728659.7
5.6294317 	3713206.5
5.9812711 	3705324.8
6.3331106 	3698659.4
8.092308 	3659987.2
8.795987 	3648425.7
9.1478265 	3640634.7
10.203345 	3617266.9
10.907024 	3601688.4
11.258863 	3593899.1
11.610703 	3586109.9
11.962542 	3578320.6
12.666221 	3562742.1
13.018061 	3554952.9
13.3699 	3547163.6
13.72174 	3539374.4
14.777258 	3516006.7
15.480937 	3500428.3
15.832777 	3492639.1
16.536456 	3477060.9
17.591974 	3453694
18.647492 	3430327.5
19.351171 	3414750.1
19.703011 	3406961.5
20.05485 	3399172.9
20.40669 	3391384.2
20.758529 	3383595.7
21.462208 	3368011
22.165887 	3353065.6
22.869566 	3350228.4
23.573245 	3350152
23.925085 	3350117.1
24.276924 	3350082.2
24.628764 	3350047.4
25.332442 	3349978.1
25.684282 	3349943.7
26.387961 	3349875
26.7398 	3349840.5
27.09164 	3349805.7
27.443479 	3349770
27.795319 	3349740.2
28.147158 	3349707.6
28.850837 	3349576.8
29.202677 	3347230.6
29.554516 	3340198.4
29.906356 	3332426.3
30.258195 	3324617.8
30.610035 	3316807.6
30.961874 	3308997.3
31.665553 	3293376.7
32.017393 	3285566.3
32.369232 	3277755.9
32.721072 	3269945.5
33.072911 	3262135.1
33.424751 	3254324.6
33.77659 	3246514.1
34.128429 	3238703.5
34.480269 	3230892.9
34.832108 	3223082.4
35.183948 	3215271.8
35.535787 	3207461.2
35.887627 	3199650.6
36.239466 	3191840.1
36.591306 	3184029.5
37.294985 	3168408.5
37.646824 	3160598
37.998664 	3152787.6
38.702343 	3137166.9
39.406022 	3121546.2
39.757861 	3113736
41.165219 	3082495.4
41.517059 	3074685.3
41.868898 	3066875.3
42.220737 	3059065.3
42.924416 	3043445.4
43.276256 	3035635.5
43.628095 	3027825.6
43.979935 	3020015.8
44.683614 	3004396.2
45.035453 	2996586.4
45.387293 	2988776.7
46.090972 	2973157.3
46.442811 	2965347.6
47.14649 	2949728.4
47.49833 	2941918.8
48.202009 	2926299.6
48.553848 	2918490.1
49.257527 	2902871.1
49.609367 	2895061.6
49.961206 	2887252.2
50.313045 	2879442.7
50.664885 	2871633.3
51.016724 	2863823.9
51.720403 	2848205.1
52.072243 	2840395.7
52.424082 	2832586.4
52.775922 	2824777
53.127761 	2816967.7
54.18328 	2793539.7
54.535119 	2785730.5
54.886959 	2777921.2
55.238798 	2770111.9
55.590638 	2762302.7
55.942477 	2754493.4
56.997996 	2731065.8
57.349835 	2723256.6
57.701675 	2715447.5
58.053514 	2707638.3
58.405354 	2699829.2
58.757193 	2692020
59.109032 	2684210.9
59.460872 	2676401.8
60.164551 	2660783.6
60.51639 	2652974.6
60.86823 	2645165.5
61.220069 	2637356.5
61.571909 	2629547.5
61.923748 	2621738.5
62.275588 	2613929.5
62.627427 	2606120.6
62.979267 	2598311.6
63.331106 	2590502.7
63.682946 	2582693.8
64.034785 	2574884.9
64.386625 	2567076
64.738464 	2559267.2
65.442143 	2543649.5
65.793983 	2535840.7
66.497662 	2520223.2
67.55318 	2496797
68.256859 	2481179.6
68.608698 	2473371
69.312377 	2457753.7
70.016056 	2442136.5
70.367896 	2434328
70.719735 	2426519.5
71.071575 	2418710.9
71.423414 	2410902.4
72.830772 	2379668.6
73.182612 	2371860.2
73.534451 	2364051.9
73.886291 	2356243.5
74.941809 	2332818.5
75.293648 	2325010.3
75.645488 	2317202
75.997327 	2309393.7
77.052846 	2285969.1
77.404685 	2278161
77.756525 	2270352.8
78.460204 	2254736.6
78.812043 	2246928.5
79.163883 	2239120.4
80.219401 	2215696.4
81.27492 	2192272.4
81.626759 	2184464.5
81.978599 	2176656.6
82.330438 	2168848.7
82.682278 	2161040.8
83.034117 	2153233
83.385957 	2145425.1
83.737796 	2137617.3
84.089635 	2129809.5
84.441475 	2122001.7
85.496993 	2098578.5
86.552512 	2075155.4
86.904351 	2067347.7
89.015388 	2020502.1
89.367228 	2012694.6
90.070907 	1997079.6
90.422746 	1989272.1
90.774586 	1981464.6
91.126425 	1973657.1
91.478265 	1965849.7
91.830104 	1958042.3
92.533783 	1942427.5
93.237462 	1926812.7
93.589301 	1919005.3
93.941141 	1911198
94.29298 	1903390.7
96.052178 	1864354.2
96.404017 	1856547
96.755857 	1848739.7
97.459536 	1833125.3
97.811375 	1825318.1
98.163215 	1817510.9
98.515054 	1809703.7
99.922412 	1778475.1
100.27425 	1770668
100.62609 	1762860.8
101.32977 	1747246.6
102.03345 	1731632.4
102.38529 	1723825.4
103.79265 	1692597.1
104.14449 	1684790.1
104.49633 	1676983.1
105.2 	1661369
105.90368 	1645755
106.25552 	1637948
106.60736 	1630141
108.01472 	1598913.1
108.36656 	1591106.2
108.7184 	1583299.2
109.07024 	1575492.3
109.77392 	1559878.4
110.12576 	1552071.4
110.82944 	1536457.6
111.18128 	1528650.6
111.53311 	1520843.7
111.88495 	1513036.8
112.58863 	1497422.9
112.94047 	1489616
113.29231 	1481809.1
113.64415 	1474002.2
113.99599 	1466195.3
114.34783 	1458388.4
114.69967 	1450581.5
115.05151 	1442774.6
115.40335 	1434967.6
115.75519 	1427160.7
116.45887 	1411546.9
116.81071 	1403740
117.16255 	1395933.1
117.51439 	1388126.2
118.21806 	1372512.4
118.5699 	1364705.5
118.92174 	1356898.6
119.27358 	1349091.7
119.62542 	1341284.8
119.97726 	1333477.9
120.3291 	1325671
120.68094 	1317864.1
121.03278 	1310057.1
121.38462 	1302250.2
121.73646 	1294443.3
122.0883 	1286636.4
122.79198 	1271022.5
123.14382 	1263215.6
123.49566 	1255408.7
123.8475 	1247601.8
124.19934 	1239794.8
124.55118 	1231987.9
124.90302 	1224180.9
125.25485 	1216374
125.60669 	1208567.1
126.66221 	1185146.2
127.01405 	1177339.2
127.36589 	1169532.3
127.71773 	1161725.3
128.06957 	1153918.3
128.42141 	1146111.3
128.77325 	1138304.4
129.12509 	1130497.4
129.47693 	1122690.4
130.18061 	1107076.4
130.53245 	1099269.4
130.88429 	1091462.4
131.23613 	1083655.4
132.29164 	1060234.3
132.64348 	1052427.3
132.99532 	1044620.2
133.699 	1029006.2
134.05084 	1021199.1
134.40268 	1013392.1
134.75452 	1005585
135.4582 	989970.88
135.81004 	982163.81
136.16188 	974356.74
136.51372 	966549.66
136.86556 	958742.58
137.56924 	943128.41
137.92108 	935321.32
138.27292 	927514.22
138.97659 	911900.02
139.68027 	896285.81
140.03211 	888478.7
140.38395 	880671.58
140.73579 	872864.46
141.08763 	865057.34
141.43947 	857250.22
141.79131 	849443.09
142.14315 	841635.96
142.49499 	833828.83
142.84683 	826021.69
144.25419 	794793.13
145.3097 	771371.7
145.66154 	763564.55
146.01338 	755757.4
146.36522 	747950.25
146.71706 	740143.1
147.0689 	732335.94
147.42074 	724528.79
148.12442 	708914.48
148.8281 	693300.17
149.17994 	685493.02
149.88362 	669878.71
150.23546 	662071.56
150.5873 	654264.41
151.29098 	638650.11
151.99465 	623035.81
152.69833 	607421.52
153.05017 	599614.38
153.40201 	591807.24
153.75385 	584000.1
154.45753 	568385.83
154.80937 	560578.69
155.16121 	552771.56
155.51305 	544964.44
155.86489 	537157.31
156.21673 	529350.19
156.56857 	521543.07
157.62409 	498121.73
157.97593 	490314.63
158.32777 	482507.53
158.67961 	474700.43
159.03144 	466893.33
159.38328 	459086.24
159.73512 	451279.16
160.08696 	443472.07
160.4388 	435665
160.79064 	427857.92
161.14248 	420050.85
161.49432 	412243.79
161.84616 	404436.73
162.90168 	381015.58
163.25352 	373208.54
163.9572 	357594.48
164.30904 	349787.45
164.66088 	341980.43
165.01272 	334173.42
165.71639 	318559.41
166.06823 	310752.41
167.12375 	287331.46
167.47559 	279524.49
167.82743 	271717.52
168.17927 	263910.56
168.53111 	256103.61
169.23479 	240489.72
169.58663 	232682.79
169.93847 	224875.86
170.64215 	209262.03
170.99399 	201455.12
171.34583 	193648.22
171.69767 	185841.33
172.04951 	178034.44
172.40134 	170227.56
172.75318 	162420.69
173.10502 	154613.83
174.16054 	131193.28
174.51238 	123386.44
174.86422 	115579.57
