0 	9458474.4
6.4128257 	9327975.3
34.468938 	8755667
37.675351 	8672521.4
40.881764 	8606681.5
50.501002 	8524036.8
53.707415 	8523476.1
62.52505 	8521341
65.731463 	8510849.9
68.937876 	8448147.8
69.739479 	8427953.4
96.993988 	7741474
103.40681 	7579187.6
106.61323 	7497991.5
116.23246 	7254338.4
123.44689 	7071708.1
125.05 	7031137.1
125.8517 	7010848.7
128.25651 	6949994.9
131.46293 	6868873.8
151.50301 	6362677.5
153.90782 	6302053.3
156.31263 	6241462.9
159.51904 	6160727.7
166.73347 	5979266
169.13828 	5918826.6
175.5511 	5757727.2
176.35271 	5737593.4
187.57515 	5455616.9
190.78156 	5374975.1
200.4008 	5132767
201.2024 	5112562.4
202.00401 	5092354.4
202.80561 	5072143.3
203.60721 	5051928.8
204.40882 	5031711.2
205.21042 	5011490.4
206.01202 	4991266.5
206.81363 	4971039.6
207.61523 	4950809.7
208.41683 	4930577
209.21844 	4910341.5
210.02004 	4890103.3
210.82164 	4869862.5
211.62325 	4849619.3
212.42485 	4829373.7
213.22645 	4809125.8
214.02806 	4788875.8
214.82966 	4768623.7
215.63126 	4748369.7
216.43287 	4728113.8
217.23447 	4707856.2
218.03607 	4687597
219.63928 	4647074.1
220.44088 	4626810.6
221.24248 	4606545.9
222.04409 	4586280.2
222.84569 	4566013.4
223.64729 	4545745.8
224.4489 	4525477.4
225.2505 	4505208.3
226.0521 	4484938.7
227.65531 	4444398.3
228.45691 	4424127.7
229.25852 	4403857
230.86172 	4363315.7
231.66333 	4343045.3
232.46493 	4322775.3
234.06814 	4282236.5
234.86974 	4261968
235.67134 	4241700.2
236.47295 	4221433.2
237.27455 	4201167.1
238.07615 	4180902
238.87776 	4160637.9
239.67936 	4140375
240.48096 	4120113.4
241.28257 	4099853
242.08417 	4079594.1
242.88577 	4059336.8
243.68737 	4039081.1
244.48898 	4018827.1
245.29058 	3998574.9
246.09218 	3978324.7
246.89379 	3958076.5
247.69539 	3937830.4
248.49699 	3917586.6
249.2986 	3897345
250.1002 	3877105.8
250.9018 	3856869.1
251.70341 	3836634.8
252.50501 	3816403
253.30661 	3796173.8
254.10822 	3775947.1
254.90982 	3755723
255.71142 	3735501.5
256.51303 	3715282.5
257.31463 	3695066
258.11623 	3674851.9
258.91784 	3654640.3
259.71944 	3634431
260.52104 	3614224
261.32265 	3594019.1
262.12425 	3573816.4
262.92585 	3553615.8
263.72745 	3533417.1
264.52906 	3513220.3
265.33066 	3493025.3
266.13226 	3472832
266.93387 	3452640.4
267.73547 	3432450.4
268.53707 	3412261.9
269.33868 	3392074.8
270.14028 	3371889.2
270.94188 	3351704.8
271.74349 	3331521.8
272.54509 	3311340
273.34669 	3291159.4
274.1483 	3270979.9
274.9499 	3250801.5
274.95 	3250799
275.7515 	3230624.2
276.55311 	3210448
277.35471 	3190272.7
278.95792 	3149925.1
279.75952 	3129752.6
280.56112 	3109581
281.36273 	3089410.3
282.16433 	3069240.3
282.96593 	3049071.1
283.76754 	3028902.7
284.56914 	3008734.9
285.37074 	2988567.8
286.17234 	2968401.3
286.97395 	2948235.4
288.57715 	2907905.2
289.37876 	2887740.8
290.18036 	2867576.9
290.98196 	2847413.3
291.78357 	2827250
292.58517 	2807087
293.38677 	2786924.2
294.18838 	2766761.6
294.98998 	2746599
295.79158 	2726436.4
296.59319 	2706273.8
297.39479 	2686111.1
298.19639 	2665948.1
298.998 	2645784.9
299.7996 	2625621.3
300.6012 	2605457.2
301.40281 	2585292.5
302.20441 	2565127.2
303.00601 	2544961.2
303.80762 	2524794.3
304.60922 	2504626.5
306.21242 	2464287.7
307.01403 	2444116.6
307.81563 	2423944.1
308.61723 	2403770.3
309.41884 	2383594.9
310.22044 	2363418
311.02204 	2343239.5
311.82365 	2323059.2
312.62525 	2302877.1
313.42685 	2282693.2
314.22846 	2262507.4
315.03006 	2242319.6
315.83166 	2222129.8
316.63327 	2201937.9
317.43487 	2181743.9
318.23647 	2161547.7
319.03808 	2141349.4
319.83968 	2121148.9
320.64128 	2100946.2
321.44289 	2080741.3
322.24449 	2060534.3
323.04609 	2040325
323.8477 	2020113.5
324.6493 	1999900
325.4509 	1979684.2
326.25251 	1959466.4
327.05411 	1939246.6
327.85571 	1919024.8
328.65731 	1898801
329.45892 	1878575.4
330.26052 	1858348
331.06212 	1838118.8
331.86373 	1817888
332.66533 	1797655.6
333.46693 	1777421.8
334.26854 	1757186.6
335.07014 	1736950.1
335.87174 	1716712.4
336.67335 	1696473.6
337.47495 	1676233.8
338.27655 	1655993.2
339.07816 	1635751.8
339.87976 	1615509.8
340.68136 	1595267.2
341.48297 	1575024.2
342.28457 	1554780.9
343.08617 	1534537.4
343.88778 	1514293.7
344.68938 	1494050.1
345.49098 	1473806.5
346.29259 	1453563.2
347.09419 	1433320.2
347.89579 	1413077.5
348.69739 	1392835.3
349.499 	1372593.7
350.3006 	1352352.7
351.1022 	1332112.5
351.90381 	1311873
352.70541 	1291634.4
353.50701 	1271396.7
354.30862 	1251159.9
355.11022 	1230924.2
355.91182 	1210689.6
356.71343 	1190456
357.51503 	1170223.7
358.31663 	1149992.5
359.11824 	1129762.5
359.91984 	1109533.9
360.72144 	1089306.5
361.52305 	1069080.4
362.32465 	1048855.7
363.12625 	1028632.4
363.92786 	1008410.5
364.72946 	988190.02
365.53106 	967971
366.33267 	947753.46
367.13427 	927537.42
367.93587 	907322.92
368.73747 	887109.97
369.53908 	866898.59
370.34068 	846688.81
371.14228 	826480.65
371.94389 	806274.14
372.74549 	786069.28
373.54709 	765866.1
374.3487 	745664.61
375.1503 	725464.82
375.9519 	705266.75
376.75351 	685070.39
377.55511 	664875.76
379.15832 	624491.66
379.95992 	604302.17
381.56313 	563928.26
382.36473 	543743.8
383.16633 	523560.96
383.96794 	503379.71
384.76954 	483200.02
385.57114 	463021.84
386.37275 	442845.13
387.17435 	422669.83
387.97595 	402495.88
388.77756 	382323.23
389.57916 	362151.82
390.38076 	341981.56
391.18236 	321812.39
391.98397 	301644.24
392.78557 	281477.03
393.58717 	261310.66
394.38878 	241145.07
395.19038 	220980.16
395.99198 	200815.85
396.79359 	180652.04
397.59519 	160488.64
399.1984 	120162.72
400 	100491.09
