0 	3836452.7
0.35183948 	3828654.1
0.70367896 	3820505.7
1.0555184 	3812359.2
1.4073579 	3804212.7
1.7591974 	3796061.7
2.1110369 	3787940.1
2.4628764 	3779784.2
2.8147158 	3771637.7
3.1665553 	3763491.2
3.5183948 	3755344.8
3.8702343 	3747198.5
4.2220737 	3739032.4
4.9257527 	3722789.1
5.6294317 	3706500.1
5.9812711 	3698360.5
6.3331106 	3690219.2
8.092308 	3649488.8
8.795987 	3633197.1
9.1478265 	3625048.3
10.203345 	3600805.3
10.907024 	3584702.4
11.258863 	3576558.8
11.610703 	3568413.2
11.962542 	3560269.2
12.666221 	3544046.8
13.018061 	3535905
13.3699 	3527755.8
13.72174 	3519622.9
14.777258 	3495194.4
15.480937 	3479243.3
15.832777 	3471112.7
16.536456 	3454838.2
17.591974 	3430427.2
18.647492 	3406016
19.351171 	3389741.5
19.703011 	3381607.4
20.05485 	3373499.5
20.40669 	3365361.4
20.758529 	3357223.4
21.462208 	3340946.8
22.165887 	3324669.5
22.869566 	3308391.5
23.573245 	3292112.9
23.925085 	3283973.5
24.276924 	3275834
24.628764 	3267694.4
25.332442 	3251415.2
25.684282 	3243275.6
26.387961 	3226996.5
26.7398 	3218857
27.09164 	3210717.5
27.443479 	3202578.2
27.795319 	3194438.9
28.147158 	3186299.7
28.850837 	3170020.8
29.202677 	3161874.6
29.554516 	3153727.6
29.906356 	3147058.6
30.258195 	3141474
30.610035 	3133494.4
30.961874 	3125395.2
31.665553 	3109930.2
32.017393 	3104235.3
32.369232 	3096221.9
32.721072 	3088052.2
33.072911 	3079879.1
33.424751 	3071705.7
33.77659 	3063532.2
34.128429 	3055358.6
34.480269 	3047184.9
34.832108 	3039011.1
35.183948 	3030837.2
35.535787 	3022663.1
35.887627 	3014488.8
36.239466 	3006314.4
36.591306 	2998139.8
37.294985 	2981790.1
37.646824 	2973615
37.998664 	2965439.7
38.702343 	2949088.6
39.406022 	2932737.1
39.757861 	2924561.1
41.165219 	2891856.5
41.517059 	2883680.2
41.868898 	2875504
42.220737 	2867327.8
42.924416 	2850975.4
43.276256 	2842799.4
43.628095 	2834623.5
43.979935 	2826447.8
44.683614 	2810097
45.035453 	2801922.1
45.387293 	2793747.5
46.090972 	2777399.6
46.442811 	2769226.4
47.14649 	2752881.7
47.49833 	2744710.3
48.202009 	2728369.6
48.553848 	2720200.4
49.257527 	2703864.4
49.609367 	2695697.5
49.961206 	2687531.5
50.313045 	2679366.4
50.664885 	2671202
51.016724 	2663038.5
51.720403 	2646713.8
52.072243 	2638552.6
52.424082 	2630392.1
52.775922 	2622232.4
53.127761 	2614073.4
54.18328 	2589600
54.535119 	2581443.4
54.886959 	2573287.3
55.238798 	2565131.7
55.590638 	2556976.5
55.942477 	2548821.7
56.997996 	2524359.4
57.349835 	2516205.8
57.701675 	2508052.5
58.053514 	2499899.3
58.405354 	2491746.3
58.757193 	2483593.5
59.109032 	2475440.8
59.460872 	2467288.3
60.164551 	2450983.6
60.51639 	2442831.4
60.86823 	2434679.3
61.220069 	2426527.3
61.571909 	2418375.5
61.923748 	2410223.8
62.275588 	2402072.2
62.627427 	2393920.8
62.979267 	2385769.5
63.331106 	2377618.3
63.682946 	2369467.4
64.034785 	2361316.6
64.386625 	2353166
64.738464 	2345015.6
65.442143 	2328715.5
65.793983 	2320565.8
66.497662 	2304267.2
67.55318 	2279821.5
68.256859 	2263526
68.608698 	2255378.8
69.312377 	2239085.5
70.016056 	2222793.7
70.367896 	2214648.4
70.719735 	2206503.5
71.071575 	2198359.1
71.423414 	2190215.1
72.830772 	2157643.7
73.182612 	2149502
73.534451 	2141360.7
73.886291 	2133220
74.941809 	2108800.2
75.293648 	2100661
75.645488 	2092522.2
75.997327 	2084383.7
77.052846 	2059969.7
77.404685 	2051832.1
77.756525 	2043694.7
78.460204 	2027420.1
78.812043 	2019283
79.163883 	2011146
80.219401 	1986735.7
81.27492 	1962326.8
81.626759 	1954190.9
81.978599 	1946055.2
82.330438 	1937919.7
82.682278 	1929784.4
83.034117 	1921649.4
83.385957 	1913514.6
83.737796 	1905380.1
84.089635 	1897245.8
84.441475 	1889111.8
85.496993 	1864711.2
86.552512 	1840313.3
86.904351 	1832181.4
89.015388 	1783397.8
89.367228 	1775268.7
90.070907 	1759011.9
90.422746 	1750884.3
90.774586 	1742757.3
91.126425 	1734630.8
91.478265 	1726504.9
91.830104 	1718379.6
92.533783 	1702130.7
93.237462 	1685884.4
93.589301 	1677762.2
93.941141 	1669640.7
94.29298 	1661520
96.052178 	1620927
96.404017 	1612810.6
96.755857 	1604694.8
97.459536 	1588465
97.811375 	1580350.8
98.163215 	1572237.1
98.515054 	1564123.7
99.922412 	1531672.1
100.27425 	1523555.3
100.62609 	1515411.1
101.32977 	1501476.1
102.03345 	1487154.6
102.38529 	1479316.3
103.79265 	1452185.8
104.14449 	1449419.8
104.49633 	1447058
105.2 	1446626
105.90368 	1446567.6
106.25552 	1446542.6
106.60736 	1446503.1
108.01472 	1446399.9
108.36656 	1446386.8
108.7184 	1446357.9
109.07024 	1446327.4
109.77392 	1446277.8
110.12576 	1446244.1
110.82944 	1446162.8
111.18128 	1446123.2
111.53311 	1446082.4
111.88495 	1446045.2
112.58863 	1445981.4
112.94047 	1445949.8
113.29231 	1445917.4
113.64415 	1445883.8
113.99599 	1445849
114.34783 	1445817.3
114.69967 	1445793.3
115.05151 	1445772.8
115.40335 	1445754.5
115.75519 	1445749
116.45887 	1445796.3
116.81071 	1445845.4
117.16255 	1445886.8
117.51439 	1445895.5
118.21806 	1445800.2
118.5699 	1445709.8
118.92174 	1443872.5
119.27358 	1437108.5
119.62542 	1428898.8
119.97726 	1420584.8
120.3291 	1412264.9
120.68094 	1403944.5
121.03278 	1395624
121.38462 	1387303.4
121.73646 	1378982.7
122.0883 	1370661.8
122.79198 	1354019.3
123.14382 	1345697.3
123.49566 	1337374.3
123.8475 	1329049.7
124.19934 	1320722.6
124.55118 	1312391.9
124.90302 	1304056.9
125.25485 	1295717
125.60669 	1287372
126.66221 	1262311
127.01405 	1253952.2
127.36589 	1245592.7
127.71773 	1237233.6
128.06957 	1228875.8
128.42141 	1220519.8
128.77325 	1212165.8
129.12509 	1203813.9
129.47693 	1195463.9
130.18061 	1178768.5
130.53245 	1170422.4
130.88429 	1162076.9
131.23613 	1153731.7
132.29164 	1128695.4
132.64348 	1120349.1
132.99532 	1112002.2
133.699 	1095306.3
134.05084 	1086957.4
134.40268 	1078607.7
134.75452 	1070257.4
135.4582 	1053555.1
135.81004 	1045203.2
136.16188 	1036850.9
136.51372 	1028498.1
136.86556 	1020145
137.56924 	1003437.3
137.92108 	995082.59
138.27292 	986727.23
138.97659 	970014
139.68027 	953296.46
140.03211 	944935.73
140.38395 	936573.51
140.73579 	928209.71
141.08763 	919844.25
141.43947 	911477.08
141.79131 	903108.18
142.14315 	894737.58
142.49499 	886365.35
142.84683 	877991.56
144.25419 	844483.76
145.3097 	819344.49
145.66154 	810964.1
146.01338 	802583.68
146.36522 	794203.37
146.71706 	785823.31
147.0689 	777443.62
147.42074 	769064.39
148.12442 	752307.67
148.8281 	735553.67
149.17994 	727177.78
149.88362 	710428.36
150.23546 	702054.83
150.5873 	693682.06
151.29098 	676938.7
151.99465 	660197.97
152.69833 	643459.43
153.05017 	635090.81
153.40201 	626722.54
153.75385 	618354.55
154.45753 	601619.2
154.80937 	593251.73
155.16121 	584884.34
155.51305 	576517.01
155.86489 	568149.72
156.21673 	559782.45
156.56857 	551415.21
157.62409 	526313.74
157.97593 	517946.73
158.32777 	509579.84
158.67961 	501213.08
159.03144 	492846.47
159.38328 	484480.05
159.73512 	476113.83
160.08696 	467747.83
160.4388 	459382.06
160.79064 	451016.53
161.14248 	442651.24
161.49432 	434286.21
161.84616 	425921.44
162.90168 	400828.72
163.25352 	392465.02
163.9572 	375738.49
164.30904 	367375.67
164.66088 	359013.17
165.01272 	350651.02
165.71639 	333927.79
166.06823 	325566.77
167.12375 	300486.33
167.47559 	292127.14
167.82743 	283768.47
168.17927 	275410.31
168.53111 	267052.7
169.23479 	250339.14
169.58663 	241983.2
169.93847 	233627.82
170.64215 	216918.69
170.99399 	208564.91
171.34583 	200211.64
171.69767 	191858.85
172.04951 	183506.51
172.40134 	175154.59
172.75318 	166803.06
173.10502 	158451.88
174.16054 	133400.04
174.51238 	125049.86
174.86422 	116699.82
