0 	7268306.7
6.4128257 	7203795.4
34.468938 	6539263.6
37.675351 	6464864.1
40.881764 	6402220.1
50.501002 	6251187.4
53.707415 	6237051.5
62.52505 	6048353
65.731463 	5976283.5
68.937876 	5916554.6
69.739479 	5897185.5
96.993988 	5432442
103.40681 	5332252.2
106.61323 	5317677
116.23246 	5084338.9
123.44689 	4998928.6
125.05 	4965426.7
125.8517 	4957340.2
128.25651 	4949592.1
131.46293 	4946951.6
151.50301 	4501932.5
153.90782 	4432654.8
156.31263 	4392177.4
159.51904 	4321340.3
166.73347 	4159110.9
169.13828 	4147242
175.5511 	4008940.1
176.35271 	3990894.2
187.57515 	3696397.9
190.78156 	3608106.1
200.4008 	3378279.9
201.2024 	3359938.5
202.00401 	3340508.9
202.80561 	3320683.9
203.60721 	3304779.1
204.40882 	3295761.2
205.21042 	3291580.4
206.01202 	3289698.7
206.81363 	3288815.6
207.61523 	3288296.8
208.41683 	3287911.8
209.21844 	3287598.5
210.02004 	3287302.9
210.82164 	3287003.7
211.62325 	3286664.8
212.42485 	3286331.6
213.22645 	3285994.8
214.02806 	3285590.9
214.82966 	3285140.1
215.63126 	3284716.7
216.43287 	3284332.2
217.23447 	3283997.9
218.03607 	3283646.2
219.63928 	3282662.8
220.44088 	3282152.4
221.24248 	3281665
222.04409 	3281249.6
222.84569 	3280953.7
223.64729 	3280765.2
224.4489 	3280658.4
225.2505 	3280572.2
226.0521 	3280477.5
227.65531 	3280281.7
228.45691 	3280234.3
229.25852 	3280227.2
230.86172 	3280224.3
231.66333 	3280266
232.46493 	3280307.5
234.06814 	3280373.2
234.86974 	3280431.3
235.67134 	3280601.6
236.47295 	3281067.7
237.27455 	3281760
238.07615 	3282264.5
238.87776 	3282536.8
239.67936 	3282711.8
240.48096 	3282861.4
241.28257 	3282983.5
242.08417 	3283085.5
242.88577 	3283196.7
243.68737 	3283305.1
244.48898 	3283346
245.29058 	3283303.2
246.09218 	3283170.6
246.89379 	3282983.7
247.69539 	3282785.7
248.49699 	3282602.9
249.2986 	3282435.9
250.1002 	3282275.2
250.9018 	3282137.8
251.70341 	3282046.3
252.50501 	3281991.6
253.30661 	3281965.2
254.10822 	3281984.1
254.90982 	3282020.1
255.71142 	3282072.5
256.51303 	3282179.8
257.31463 	3282297.6
258.11623 	3282432.5
258.91784 	3282595.3
259.71944 	3282747.8
260.52104 	3282869.5
261.32265 	3282989.5
262.12425 	3283106.2
262.92585 	3283226.6
263.72745 	3283359.6
264.52906 	3283488.1
265.33066 	3283601.2
266.13226 	3283699.1
266.93387 	3283776.4
267.73547 	3283848.7
268.53707 	3283916.4
269.33868 	3283979.7
270.14028 	3284017.4
270.94188 	3284002.7
271.74349 	3283918.9
272.54509 	3283777.5
273.34669 	3283665.2
274.1483 	3283778.6
274.9499 	3284162
274.95 	3284162
275.7515 	3284403.2
276.55311 	3284326.3
277.35471 	3284097.9
278.95792 	3283490.1
279.75952 	3283125.8
280.56112 	3282746.6
281.36273 	3282363.5
282.16433 	3281995.9
282.96593 	3281655.6
283.76754 	3281336.6
284.56914 	3281031.1
285.37074 	3280746.6
286.17234 	3280477.5
286.97395 	3280222.4
288.57715 	3279802.1
289.37876 	3279627.1
290.18036 	3279474.2
290.98196 	3279349.2
291.78357 	3279251.7
292.58517 	3279155.1
293.38677 	3279036
294.18838 	3278862.5
294.98998 	3278581.6
295.79158 	3278262.2
296.59319 	3278018.2
297.39479 	3277838.6
298.19639 	3277729.6
298.998 	3277655
299.7996 	3277520.5
300.6012 	3277425.9
301.40281 	3277304.2
302.20441 	3277115.9
303.00601 	3276937
303.80762 	3276762.9
304.60922 	3276618.4
306.21242 	3276291.7
307.01403 	3276159.1
307.81563 	3276015.2
308.61723 	3275887.5
309.41884 	3275756
310.22044 	3275553.5
311.02204 	3275294.5
311.82365 	3275077.3
312.62525 	3274891.6
313.42685 	3274708.1
314.22846 	3274468.8
315.03006 	3274224.6
315.83166 	3274088.8
316.63327 	3273997.3
317.43487 	3273808.7
318.23647 	3273482.9
319.03808 	3273061.8
319.83968 	3272402.3
320.64128 	3271079.3
321.44289 	3268367.1
322.24449 	3262653.1
323.04609 	3251060.1
323.8477 	3230201.4
324.6493 	3200868.6
325.4509 	3168135.4
326.25251 	3135022.3
327.05411 	3101975.5
327.85571 	3068960.1
328.65731 	3035953.9
329.45892 	3002953.3
330.26052 	2969957.8
331.06212 	2936965.9
331.86373 	2903975.9
332.66533 	2870987.4
333.46693 	2838000.4
334.26854 	2805014.7
335.07014 	2772029.2
335.87174 	2739043.6
336.67335 	2706059.1
337.47495 	2673077.8
338.27655 	2640102
339.07816 	2607134
339.87976 	2574174.6
340.68136 	2541224.1
341.48297 	2508281.4
342.28457 	2475344.9
343.08617 	2442412.4
343.88778 	2409481.6
344.68938 	2376550.1
345.49098 	2343615.8
346.29259 	2310676.7
347.09419 	2277731.4
347.89579 	2244779
348.69739 	2211819.4
349.499 	2178853.3
350.3006 	2145881.7
351.1022 	2112905.9
351.90381 	2079927.3
352.70541 	2046946.9
353.50701 	2013965.2
354.30862 	1980982.2
355.11022 	1947997.6
355.91182 	1915010.4
356.71343 	1882019.8
357.51503 	1849025.1
358.31663 	1816025.5
359.11824 	1783021
359.91984 	1750011.6
360.72144 	1716997.5
361.52305 	1683978.9
362.32465 	1650956.2
363.12625 	1617929.5
363.92786 	1584899.1
364.72946 	1551865.5
365.53106 	1518828.9
366.33267 	1485790
367.13427 	1452749.2
367.93587 	1419707.3
368.73747 	1386665
369.53908 	1353623.4
370.34068 	1320583.3
371.14228 	1287545.7
371.94389 	1254511.6
372.74549 	1221481.5
373.54709 	1188455.7
374.3487 	1155434.4
375.1503 	1122417
375.9519 	1089403.1
376.75351 	1056391.8
377.55511 	1023382.4
379.15832 	957366.73
379.95992 	924359.76
381.56313 	858347.75
382.36473 	825343.56
383.16633 	792341.46
383.96794 	759342.21
384.76954 	726346.56
385.57114 	693355.13
386.37275 	660368.36
387.17435 	627386.45
387.97595 	594409.37
388.77756 	561436.86
389.57916 	528468.46
390.38076 	495503.58
391.18236 	462541.58
391.98397 	429581.74
392.78557 	396623.41
393.58717 	363665.99
394.38878 	330708.94
395.19038 	297751.87
395.99198 	264794.46
396.79359 	231836.55
397.59519 	198878.07
399.1984 	132959.67
400 	100802.79
