0 	9061974.2
6.4128257 	8958928.1
34.468938 	8392892
37.675351 	8317562.1
40.881764 	8246908.6
50.501002 	8023019.3
53.707415 	7952344.8
62.52505 	7758702.2
65.731463 	7743328.6
68.937876 	7693213.4
69.739479 	7674504.4
96.993988 	7338929.7
103.40681 	7337620
106.61323 	7338771.1
116.23246 	7337443.9
123.44689 	7224802.9
125.05 	7183455.6
125.8517 	7162769.2
128.25651 	7100685
131.46293 	7017870.7
151.50301 	6500526.2
153.90782 	6438564.6
156.31263 	6376619.2
159.51904 	6294035.5
166.73347 	6108216.2
169.13828 	6046270.3
175.5511 	5881075.5
176.35271 	5860426.7
187.57515 	5571417.8
190.78156 	5488889.4
200.4008 	5241409.9
201.2024 	5220789.2
202.00401 	5200168.2
202.80561 	5179546.8
203.60721 	5158924.9
204.40882 	5138302.5
205.21042 	5117679.4
206.01202 	5097055.5
206.81363 	5076430.9
207.61523 	5055805.4
208.41683 	5035178.9
209.21844 	5014551.5
210.02004 	4993923
210.82164 	4973293.5
211.62325 	4952662.8
212.42485 	4932030.9
213.22645 	4911397.8
214.02806 	4890763.4
214.82966 	4870127.7
215.63126 	4849490.6
216.43287 	4828852.2
217.23447 	4808212.4
218.03607 	4787571.2
219.63928 	4746284.7
220.44088 	4725639.4
221.24248 	4704992.7
222.04409 	4684344.7
222.84569 	4663695.4
223.64729 	4643044.8
224.4489 	4622392.9
225.2505 	4601739.9
226.0521 	4581085.8
227.65531 	4539774.5
228.45691 	4519117.6
229.25852 	4498460
230.86172 	4457143.3
231.66333 	4436484.6
232.46493 	4415825.8
234.06814 	4374508.8
234.86974 	4353851
235.67134 	4333193.8
236.47295 	4312537.4
237.27455 	4291882
238.07615 	4271227.6
238.87776 	4250574.4
239.67936 	4229922.5
240.48096 	4209271.8
241.28257 	4188622.5
242.08417 	4167974.4
242.88577 	4147327.7
243.68737 	4126682.3
244.48898 	4106038
245.29058 	4085394.8
246.09218 	4064752.6
246.89379 	4044111.3
247.69539 	4023470.7
248.49699 	4002830.6
249.2986 	3982190.9
250.1002 	3961551.5
250.9018 	3940912
251.70341 	3920272.4
252.50501 	3899632.5
253.30661 	3878992.1
254.10822 	3858351
254.90982 	3837709.1
255.71142 	3817066.3
256.51303 	3796422.3
257.31463 	3775777.2
258.11623 	3755130.9
258.91784 	3734483.2
259.71944 	3713834.3
260.52104 	3693184.1
261.32265 	3672532.7
262.12425 	3651880.2
262.92585 	3631226.6
263.72745 	3610572
264.52906 	3589916.7
265.33066 	3569260.7
266.13226 	3548604.2
266.93387 	3527947.3
267.73547 	3507290.3
268.53707 	3486633.1
269.33868 	3465976
270.14028 	3445319.1
270.94188 	3424662.5
271.74349 	3404006.2
272.54509 	3383350.3
273.34669 	3362694.8
274.1483 	3342039.7
274.9499 	3321385.2
274.95 	3321382.6
275.7515 	3300731.1
276.55311 	3280077.4
277.35471 	3259424.2
278.95792 	3218118.8
279.75952 	3197466.6
280.56112 	3176814.8
281.36273 	3156163.2
282.16433 	3135511.9
282.96593 	3114860.9
283.76754 	3094210
284.56914 	3073559.4
285.37074 	3052909.1
286.17234 	3032259
286.97395 	3011609.1
288.57715 	2970310.2
289.37876 	2949661.2
290.18036 	2929012.5
290.98196 	2908364.1
291.78357 	2887716
292.58517 	2867068.4
293.38677 	2846421.1
294.18838 	2825774.1
294.98998 	2805127.6
295.79158 	2784481.5
296.59319 	2763835.8
297.39479 	2743190.6
298.19639 	2722545.8
298.998 	2701901.5
299.7996 	2681257.7
300.6012 	2660614.4
301.40281 	2639971.6
302.20441 	2619329.5
303.00601 	2598687.9
303.80762 	2578047
304.60922 	2557406.8
306.21242 	2516128.7
307.01403 	2495490.8
307.81563 	2474853.9
308.61723 	2454217.8
309.41884 	2433582.8
310.22044 	2412948.8
311.02204 	2392315.8
311.82365 	2371683.9
312.62525 	2351053.1
313.42685 	2330423.4
314.22846 	2309794.8
315.03006 	2289167.2
315.83166 	2268540.6
316.63327 	2247915
317.43487 	2227290.3
318.23647 	2206666.3
319.03808 	2186043
319.83968 	2165420.2
320.64128 	2144797.8
321.44289 	2124175.6
322.24449 	2103553.4
323.04609 	2082931
323.8477 	2062308.3
324.6493 	2041685
325.4509 	2021060.8
326.25251 	2000435.7
327.05411 	1979809.3
327.85571 	1959181.5
328.65731 	1938552
329.45892 	1917920.6
330.26052 	1897287.2
331.06212 	1876651.6
331.86373 	1856013.5
332.66533 	1835373
333.46693 	1814729.8
334.26854 	1794083.9
335.07014 	1773435.2
335.87174 	1752783.6
336.67335 	1732129.1
337.47495 	1711471.7
338.27655 	1690811.4
339.07816 	1670148.2
339.87976 	1649482.3
340.68136 	1628813.8
341.48297 	1608142.6
342.28457 	1587469.1
343.08617 	1566793.3
343.88778 	1546115.4
344.68938 	1525435.7
345.49098 	1504754.2
346.29259 	1484071.3
347.09419 	1463387.1
347.89579 	1442701.9
348.69739 	1422016
349.499 	1401329.5
350.3006 	1380642.7
351.1022 	1359955.8
351.90381 	1339269
352.70541 	1318582.5
353.50701 	1297896.6
354.30862 	1277211.4
355.11022 	1256527.1
355.91182 	1235843.8
356.71343 	1215161.6
357.51503 	1194480.8
358.31663 	1173801.4
359.11824 	1153123.4
359.91984 	1132447
360.72144 	1111772.2
361.52305 	1091099
362.32465 	1070427.4
363.12625 	1049757.6
363.92786 	1029089.4
364.72946 	1008422.8
365.53106 	987757.92
366.33267 	967094.59
367.13427 	946432.81
367.93587 	925772.53
368.73747 	905113.7
369.53908 	884456.27
370.34068 	863800.17
371.14228 	843145.34
371.94389 	822491.72
372.74549 	801839.25
373.54709 	781187.85
374.3487 	760537.47
375.1503 	739888.05
375.9519 	719239.51
376.75351 	698591.81
377.55511 	677944.89
379.15832 	636653.17
379.95992 	616008.28
381.56313 	574720.18
382.36473 	554076.9
383.16633 	533434.08
383.96794 	512791.69
384.76954 	492149.71
385.57114 	471508.09
386.37275 	450866.82
387.17435 	430225.87
387.97595 	409585.22
388.77756 	388944.86
389.57916 	368304.75
390.38076 	347664.9
391.18236 	327025.27
391.98397 	306385.85
392.78557 	285746.63
393.58717 	265107.59
394.38878 	244468.72
395.19038 	223830.01
395.99198 	203191.42
396.79359 	182552.96
397.59519 	161914.61
399.1984 	120638.15
400 	100502.67
