0 	7617012.7
6.4128257 	7493915.2
34.468938 	7007633.2
37.675351 	6928816.4
40.881764 	6849375.4
50.501002 	6621224.4
53.707415 	6588517.6
62.52505 	6500150.5
65.731463 	6474768
68.937876 	6398126.4
69.739479 	6377163.9
96.993988 	5923193.4
103.40681 	5821146.4
106.61323 	5800004.9
116.23246 	5573478.3
123.44689 	5388594.8
125.05 	5346050.9
125.8517 	5324820.2
128.25651 	5261242.3
131.46293 	5181408
151.50301 	4787421.8
153.90782 	4713922.3
156.31263 	4619585.1
159.51904 	4523542.9
166.73347 	4374453.3
169.13828 	4321109
175.5511 	4181044
176.35271 	4171726.3
187.57515 	3931639.4
190.78156 	3926403.9
200.4008 	3922739.3
201.2024 	3922514.1
202.00401 	3922292.7
202.80561 	3922059.9
203.60721 	3921844
204.40882 	3921659.4
205.21042 	3921495.5
206.01202 	3921370.8
206.81363 	3921274.8
207.61523 	3921201.2
208.41683 	3921138.5
209.21844 	3921054.6
210.02004 	3920937.4
210.82164 	3920860.8
211.62325 	3920797.1
212.42485 	3920689.3
213.22645 	3920610.7
214.02806 	3920541.2
214.82966 	3920409.2
215.63126 	3920345
216.43287 	3920358.4
217.23447 	3920372.1
218.03607 	3920374.9
219.63928 	3920285.5
220.44088 	3920229.7
221.24248 	3920180.4
222.04409 	3920428.4
222.84569 	3920983.5
223.64729 	3921339.4
224.4489 	3921438.3
225.2505 	3921382.2
226.0521 	3921209.9
227.65531 	3920824.5
228.45691 	3920656.5
229.25852 	3920536.9
230.86172 	3920304
231.66333 	3920066.6
232.46493 	3919747.9
234.06814 	3918904.5
234.86974 	3918480.3
235.67134 	3918055.5
236.47295 	3917604.6
237.27455 	3917114.6
238.07615 	3916642.4
238.87776 	3916166.4
239.67936 	3915676.5
240.48096 	3915217.4
241.28257 	3914790.7
242.08417 	3914401.6
242.88577 	3914067.6
243.68737 	3913781.3
244.48898 	3913508.5
245.29058 	3913235.4
246.09218 	3912948.2
246.89379 	3912659.4
247.69539 	3912350.8
248.49699 	3912076.8
249.2986 	3911899.6
250.1002 	3911818.3
250.9018 	3911783.5
251.70341 	3911780.2
252.50501 	3911808.9
253.30661 	3911898.7
254.10822 	3912051.1
254.90982 	3912243.9
255.71142 	3912455
256.51303 	3912660
257.31463 	3912850.9
258.11623 	3913053.3
258.91784 	3913257.8
259.71944 	3913441.4
260.52104 	3913602.7
261.32265 	3913732
262.12425 	3913818.1
262.92585 	3913894.5
263.72745 	3913953.1
264.52906 	3913985.1
265.33066 	3914011.3
266.13226 	3914007.7
266.93387 	3913932.6
267.73547 	3913818.7
268.53707 	3913627.6
269.33868 	3913369.4
270.14028 	3913134.3
270.94188 	3912916.7
271.74349 	3912550.8
272.54509 	3912019.4
273.34669 	3911404.1
274.1483 	3910781.7
274.9499 	3910216.4
274.95 	3910216.3
275.7515 	3909702.3
276.55311 	3909251.5
277.35471 	3908825.8
278.95792 	3908140.8
279.75952 	3907888.5
280.56112 	3907649.7
281.36273 	3907398.7
282.16433 	3907064.7
282.96593 	3906655.6
283.76754 	3905997.3
284.56914 	3904649.5
285.37074 	3901694.8
286.17234 	3895329
286.97395 	3882475.4
288.57715 	3835312
289.37876 	3808292.4
290.18036 	3781307.3
290.98196 	3754368.3
291.78357 	3727441.4
292.58517 	3700517.2
293.38677 	3673594.3
294.18838 	3646672.1
294.98998 	3619750
295.79158 	3592827.2
296.59319 	3565903.3
297.39479 	3538978.9
298.19639 	3512055.4
298.998 	3485134.5
299.7996 	3458217.2
300.6012 	3431304.2
301.40281 	3404396.2
302.20441 	3377493.7
303.00601 	3350597.5
303.80762 	3323707.9
304.60922 	3296824.6
306.21242 	3243074.6
307.01403 	3216206.4
307.81563 	3189342.2
308.61723 	3162481.7
309.41884 	3135625
310.22044 	3108772.3
311.02204 	3081923.8
311.82365 	3055079.9
312.62525 	3028241.2
313.42685 	3001408.4
314.22846 	2974582.3
315.03006 	2947763.7
315.83166 	2920953.3
316.63327 	2894151.8
317.43487 	2867359.6
318.23647 	2840577
319.03808 	2813804.1
319.83968 	2787040.7
320.64128 	2760286.5
321.44289 	2733540.8
322.24449 	2706802.7
323.04609 	2680071.6
323.8477 	2653346.6
324.6493 	2626627.3
325.4509 	2599913.4
326.25251 	2573205.2
327.05411 	2546503.1
327.85571 	2519807.3
328.65731 	2493118.3
329.45892 	2466435.7
330.26052 	2439759
331.06212 	2413087
331.86373 	2386418.2
332.66533 	2359750.7
333.46693 	2333082.4
334.26854 	2306411.2
335.07014 	2279735
335.87174 	2253051.8
336.67335 	2226359.9
337.47495 	2199657.6
338.27655 	2172943.5
339.07816 	2146216.5
339.87976 	2119475.6
340.68136 	2092719.9
341.48297 	2065948.9
342.28457 	2039162.2
343.08617 	2012359.7
343.88778 	1985541.5
344.68938 	1958707.9
345.49098 	1931859.7
346.29259 	1904997.7
347.09419 	1878123.1
347.89579 	1851237.1
348.69739 	1824341.2
349.499 	1797436.9
350.3006 	1770525.7
351.1022 	1743609.1
351.90381 	1716688.3
352.70541 	1689764.8
353.50701 	1662839.6
354.30862 	1635913.5
355.11022 	1608987.5
355.91182 	1582061.9
356.71343 	1555137.4
357.51503 	1528214.2
358.31663 	1501292.5
359.11824 	1474372.4
359.91984 	1447453.9
360.72144 	1420536.9
361.52305 	1393621.3
362.32465 	1366706.9
363.12625 	1339793.5
363.92786 	1312880.7
364.72946 	1285968.3
365.53106 	1259056
366.33267 	1232143.2
367.13427 	1205229.8
367.93587 	1178315.2
368.73747 	1151399.1
369.53908 	1124481.1
370.34068 	1097560.8
371.14228 	1070638
371.94389 	1043712.4
372.74549 	1016783.7
373.54709 	989851.96
374.3487 	962916.96
375.1503 	935978.78
375.9519 	909037.47
376.75351 	882093.14
377.55511 	855145.94
379.15832 	801243.61
379.95992 	774288.83
381.56313 	720372.9
382.36473 	693412.06
383.16633 	666449.5
383.96794 	639485.34
384.76954 	612519.72
385.57114 	585552.75
386.37275 	558584.53
387.17435 	531615.16
387.97595 	504644.73
388.77756 	477673.31
389.57916 	450700.96
390.38076 	423727.75
391.18236 	396753.73
391.98397 	369778.93
392.78557 	342803.4
393.58717 	315827.18
394.38878 	288850.32
395.19038 	261872.88
395.99198 	234894.91
396.79359 	207916.49
397.59519 	180937.69
399.1984 	126979.36
400 	100657.13
