0 	9278864.8
6.4128257 	9172539.2
34.468938 	8620456.2
37.675351 	8547245.1
40.881764 	8478624.1
50.501002 	8239794.2
53.707415 	8167693.3
62.52505 	7953961.5
65.731463 	7915881.6
68.937876 	7909451.3
69.739479 	7909011
96.993988 	7761698.5
103.40681 	7599359
106.61323 	7518261
116.23246 	7275115.6
123.44689 	7092786.5
125.05 	7052263.2
125.8517 	7031997.3
128.25651 	6971206.7
131.46293 	6890156.7
151.50301 	6384023.4
153.90782 	6323307.1
156.31263 	6262586.6
159.51904 	6181619.7
166.73347 	5999422
169.13828 	5938681.7
175.5511 	5776672.4
176.35271 	5756416.2
187.57515 	5472658.3
190.78156 	5391520.3
200.4008 	5147981.8
201.2024 	5127682.3
202.00401 	5107382.7
202.80561 	5087082.9
203.60721 	5066783.1
204.40882 	5046483.4
205.21042 	5026183.7
206.01202 	5005884.2
206.81363 	4985584.9
207.61523 	4965285.9
208.41683 	4944987.1
209.21844 	4924688.5
210.02004 	4904390.2
210.82164 	4884092.2
211.62325 	4863794.4
212.42485 	4843496.9
213.22645 	4823199.6
214.02806 	4802902.5
214.82966 	4782605.5
215.63126 	4762308.7
216.43287 	4742012
217.23447 	4721715.5
218.03607 	4701419
219.63928 	4660826.2
220.44088 	4640529.8
221.24248 	4620233.5
222.04409 	4599937.3
222.84569 	4579641.1
223.64729 	4559344.9
224.4489 	4539048.7
225.2505 	4518752.6
226.0521 	4498456.6
227.65531 	4457864.5
228.45691 	4437568.6
229.25852 	4417272.6
230.86172 	4376680.6
231.66333 	4356384.6
232.46493 	4336088.5
234.06814 	4295496
234.86974 	4275199.5
235.67134 	4254902.9
236.47295 	4234606
237.27455 	4214308.9
238.07615 	4194011.6
238.87776 	4173714
239.67936 	4153416.2
240.48096 	4133118.1
241.28257 	4112819.7
242.08417 	4092521
242.88577 	4072222.2
243.68737 	4051923.1
244.48898 	4031623.8
245.29058 	4011324.3
246.09218 	3991024.8
246.89379 	3970725.1
247.69539 	3950425.5
248.49699 	3930125.9
249.2986 	3909826.4
250.1002 	3889527.1
250.9018 	3869228
251.70341 	3848929.3
252.50501 	3828630.9
253.30661 	3808333.1
254.10822 	3788035.8
254.90982 	3767739.1
255.71142 	3747443.2
256.51303 	3727148
257.31463 	3706853.8
258.11623 	3686560.5
258.91784 	3666268.2
259.71944 	3645977
260.52104 	3625687
261.32265 	3605398.2
262.12425 	3585110.6
262.92585 	3564824.3
263.72745 	3544539.4
264.52906 	3524255.8
265.33066 	3503973.6
266.13226 	3483692.8
266.93387 	3463413.4
267.73547 	3443135.3
268.53707 	3422858.6
269.33868 	3402583.3
270.14028 	3382309.3
270.94188 	3362036.6
271.74349 	3341765.1
272.54509 	3321494.8
273.34669 	3301225.7
274.1483 	3280957.6
274.9499 	3260690.6
274.95 	3260688.1
275.7515 	3240424.6
276.55311 	3220159.4
277.35471 	3199895.1
278.95792 	3159368.7
279.75952 	3139106.5
280.56112 	3118844.8
281.36273 	3098583.7
282.16433 	3078322.9
282.96593 	3058062.6
283.76754 	3037802.5
284.56914 	3017542.7
285.37074 	2997283.1
286.17234 	2977023.7
286.97395 	2956764.4
288.57715 	2916246
289.37876 	2895986.8
290.18036 	2875727.7
290.98196 	2855468.6
291.78357 	2835209.6
292.58517 	2814950.5
293.38677 	2794691.5
294.18838 	2774432.6
294.98998 	2754173.7
295.79158 	2733915
296.59319 	2713656.4
297.39479 	2693398.1
298.19639 	2673140
298.998 	2652882.2
299.7996 	2632624.8
300.6012 	2612367.7
301.40281 	2592111.2
302.20441 	2571855.2
303.00601 	2551599.8
303.80762 	2531345
304.60922 	2511090.9
306.21242 	2470585
307.01403 	2450333.2
307.81563 	2430082.3
308.61723 	2409832.3
309.41884 	2389583.1
310.22044 	2369334.9
311.02204 	2349087.5
311.82365 	2328841
312.62525 	2308595.5
313.42685 	2288350.7
314.22846 	2268106.9
315.03006 	2247863.8
315.83166 	2227621.5
316.63327 	2207380
317.43487 	2187139.2
318.23647 	2166899
319.03808 	2146659.4
319.83968 	2126420.3
320.64128 	2106181.7
321.44289 	2085943.6
322.24449 	2065705.8
323.04609 	2045468.4
323.8477 	2025231.2
324.6493 	2004994.2
325.4509 	1984757.4
326.25251 	1964520.8
327.05411 	1944284.1
327.85571 	1924047.5
328.65731 	1903810.8
329.45892 	1883574
330.26052 	1863337
331.06212 	1843099.9
331.86373 	1822862.5
332.66533 	1802624.8
333.46693 	1782386.8
334.26854 	1762148.4
335.07014 	1741909.5
335.87174 	1721670.1
336.67335 	1701430.1
337.47495 	1681189.6
338.27655 	1660948.3
339.07816 	1640706.4
339.87976 	1620463.7
340.68136 	1600220.1
341.48297 	1579975.7
342.28457 	1559730.4
343.08617 	1539484
343.88778 	1519236.7
344.68938 	1498988.3
345.49098 	1478738.8
346.29259 	1458488.1
347.09419 	1438236.3
347.89579 	1417983.3
348.69739 	1397729.1
349.499 	1377473.6
350.3006 	1357216.9
351.1022 	1336958.9
351.90381 	1316699.7
352.70541 	1296439.2
353.50701 	1276177.4
354.30862 	1255914.5
355.11022 	1235650.3
355.91182 	1215384.9
356.71343 	1195118.4
357.51503 	1174850.7
358.31663 	1154581.9
359.11824 	1134312
359.91984 	1114041.1
360.72144 	1093769.2
361.52305 	1073496.4
362.32465 	1053222.6
363.12625 	1032948
363.92786 	1012672.6
364.72946 	992396.39
365.53106 	972119.46
366.33267 	951841.84
367.13427 	931563.59
367.93587 	911284.75
368.73747 	891005.37
369.53908 	870725.48
370.34068 	850445.14
371.14228 	830164.38
371.94389 	809883.25
372.74549 	789601.78
373.54709 	769320.01
374.3487 	749037.97
375.1503 	728755.71
375.9519 	708473.25
376.75351 	688190.63
377.55511 	667907.87
379.15832 	627342.06
379.95992 	607059.05
381.56313 	566492.94
382.36473 	546209.88
383.16633 	525926.84
383.96794 	505643.83
384.76954 	485360.87
385.57114 	465077.97
386.37275 	444795.13
387.17435 	424512.37
387.97595 	404229.69
388.77756 	383947.1
389.57916 	363664.6
390.38076 	343382.19
391.18236 	323099.88
391.98397 	302817.66
392.78557 	282535.54
393.58717 	262253.51
394.38878 	241971.56
395.19038 	221689.7
395.99198 	201407.93
396.79359 	181126.22
397.59519 	160844.58
399.1984 	120281.48
400 	100493.98
