0 	9846665.9
6.4128257 	9742492.6
34.468938 	9109380.4
37.675351 	9030300.5
40.881764 	8951220.8
50.501002 	8713992.2
53.707415 	8634916.7
62.52505 	8417452
65.731463 	8338371.3
68.937876 	8259288.5
69.739479 	8239517.4
96.993988 	7567255.8
103.40681 	7409111.5
106.61323 	7330046.6
116.23246 	7092871.2
123.44689 	6915001.6
125.05 	6875478.3
125.8517 	6855713
128.25651 	6796425
131.46293 	6717375.1
151.50301 	6223337.3
153.90782 	6164056.5
156.31263 	6104776.5
159.51904 	6025737.9
166.73347 	5847906
169.13828 	5788630.2
175.5511 	5630564.4
176.35271 	5610806.5
187.57515 	5334201.5
190.78156 	5255173.3
200.4008 	5018092.8
201.2024 	4998336.3
202.00401 	4978579.9
202.80561 	4958823.6
203.60721 	4939067.2
204.40882 	4919311
205.21042 	4899554.7
206.01202 	4879798.5
206.81363 	4860042.4
207.61523 	4840286.3
208.41683 	4820530.2
209.21844 	4800774.2
210.02004 	4781018.2
210.82164 	4761262.3
211.62325 	4741506.4
212.42485 	4721750.6
213.22645 	4701994.8
214.02806 	4682239
214.82966 	4662483.3
215.63126 	4642727.7
216.43287 	4622972.1
217.23447 	4603216.5
218.03607 	4583461
219.63928 	4543950.2
220.44088 	4524194.8
221.24248 	4504439.5
222.04409 	4484684.3
222.84569 	4464929
223.64729 	4445173.9
224.4489 	4425418.8
225.2505 	4405663.7
226.0521 	4385908.7
227.65531 	4346398.8
228.45691 	4326644
229.25852 	4306889.1
230.86172 	4267379.6
231.66333 	4247624.9
232.46493 	4227870.3
234.06814 	4188361.1
234.86974 	4168606.6
235.67134 	4148852.1
236.47295 	4129097.7
237.27455 	4109343.3
238.07615 	4089588.9
238.87776 	4069834.6
239.67936 	4050080.3
240.48096 	4030326.1
241.28257 	4010571.9
242.08417 	3990817.7
242.88577 	3971063.5
243.68737 	3951309.4
244.48898 	3931555.4
245.29058 	3911801.3
246.09218 	3892047.3
246.89379 	3872293.3
247.69539 	3852539.4
248.49699 	3832785.4
249.2986 	3813031.5
250.1002 	3793277.7
250.9018 	3773523.8
251.70341 	3753770
252.50501 	3734016.3
253.30661 	3714262.5
254.10822 	3694508.8
254.90982 	3674755.1
255.71142 	3655001.4
256.51303 	3635247.8
257.31463 	3615494.1
258.11623 	3595740.5
258.91784 	3575987
259.71944 	3556233.4
260.52104 	3536479.9
261.32265 	3516726.4
262.12425 	3496973
262.92585 	3477219.5
263.72745 	3457466.1
264.52906 	3437712.7
265.33066 	3417959.4
266.13226 	3398206.1
266.93387 	3378452.7
267.73547 	3358699.5
268.53707 	3338946.2
269.33868 	3319193
270.14028 	3299439.8
270.94188 	3279686.6
271.74349 	3259933.5
272.54509 	3240180.4
273.34669 	3220427.3
274.1483 	3200674.2
274.9499 	3180921.2
274.95 	3180918.7
275.7515 	3161168.2
276.55311 	3141415.3
277.35471 	3121662.3
278.95792 	3082156.5
279.75952 	3062403.7
280.56112 	3042650.9
281.36273 	3022898.1
282.16433 	3003145.4
282.96593 	2983392.7
283.76754 	2963640
284.56914 	2943887.4
285.37074 	2924134.8
286.17234 	2904382.2
286.97395 	2884629.7
288.57715 	2845124.7
289.37876 	2825372.3
290.18036 	2805619.9
290.98196 	2785867.6
291.78357 	2766115.3
292.58517 	2746363
293.38677 	2726610.8
294.18838 	2706858.6
294.98998 	2687106.5
295.79158 	2667354.4
296.59319 	2647602.3
297.39479 	2627850.3
298.19639 	2608098.4
298.998 	2588346.5
299.7996 	2568594.6
300.6012 	2548842.8
301.40281 	2529091
302.20441 	2509339.2
303.00601 	2489587.6
303.80762 	2469835.9
304.60922 	2450084.3
306.21242 	2410581.3
307.01403 	2390829.8
307.81563 	2371078.4
308.61723 	2351327.1
309.41884 	2331575.8
310.22044 	2311824.5
311.02204 	2292073.3
311.82365 	2272322.1
312.62525 	2252571
313.42685 	2232820
314.22846 	2213068.9
315.03006 	2193318
315.83166 	2173567.1
316.63327 	2153816.2
317.43487 	2134065.4
318.23647 	2114314.6
319.03808 	2094563.9
319.83968 	2074813.2
320.64128 	2055062.6
321.44289 	2035312.1
322.24449 	2015561.6
323.04609 	1995811.1
323.8477 	1976060.7
324.6493 	1956310.3
325.4509 	1936560
326.25251 	1916809.7
327.05411 	1897059.5
327.85571 	1877309.4
328.65731 	1857559.3
329.45892 	1837809.2
330.26052 	1818059.2
331.06212 	1798309.2
331.86373 	1778559.3
332.66533 	1758809.5
333.46693 	1739059.6
334.26854 	1719309.9
335.07014 	1699560.2
335.87174 	1679810.5
336.67335 	1660060.9
337.47495 	1640311.4
338.27655 	1620561.9
339.07816 	1600812.4
339.87976 	1581063
340.68136 	1561313.7
341.48297 	1541564.4
342.28457 	1521815.1
343.08617 	1502065.9
343.88778 	1482316.8
344.68938 	1462567.7
345.49098 	1442818.6
346.29259 	1423069.6
347.09419 	1403320.7
347.89579 	1383571.8
348.69739 	1363823
349.499 	1344074.2
350.3006 	1324325.5
351.1022 	1304576.8
351.90381 	1284828.1
352.70541 	1265079.6
353.50701 	1245331
354.30862 	1225582.6
355.11022 	1205834.1
355.91182 	1186085.8
356.71343 	1166337.4
357.51503 	1146589.2
358.31663 	1126841
359.11824 	1107092.8
359.91984 	1087344.7
360.72144 	1067596.6
361.52305 	1047848.6
362.32465 	1028100.6
363.12625 	1008352.7
363.92786 	988604.85
364.72946 	968857.04
365.53106 	949109.27
366.33267 	929361.56
367.13427 	909613.9
367.93587 	889866.29
368.73747 	870118.73
369.53908 	850371.21
370.34068 	830623.75
371.14228 	810876.33
371.94389 	791128.97
372.74549 	771381.65
373.54709 	751634.38
374.3487 	731887.16
375.1503 	712139.98
375.9519 	692392.86
376.75351 	672645.78
377.55511 	652898.75
379.15832 	613404.83
379.95992 	593657.94
381.56313 	554164.29
382.36473 	534417.54
383.16633 	514670.83
383.96794 	494924.17
384.76954 	475177.55
385.57114 	455430.98
386.37275 	435684.45
387.17435 	415937.96
387.97595 	396191.52
388.77756 	376445.12
389.57916 	356698.77
390.38076 	336952.46
391.18236 	317206.19
391.98397 	297459.97
392.78557 	277713.78
393.58717 	257967.64
394.38878 	238221.54
395.19038 	218475.49
395.99198 	198729.47
396.79359 	178983.5
397.59519 	159237.56
399.1984 	119745.82
400 	100480.93
