0 	3836462
0.35183948 	3828747.5
0.70367896 	3820664.5
1.0555184 	3812582.4
1.4073579 	3804499.6
1.7591974 	3796458.3
2.1110369 	3788347
2.4628764 	3780265.2
2.8147158 	3772183.5
3.1665553 	3764101.7
3.5183948 	3756020.2
3.8702343 	3747933.2
4.2220737 	3739932
4.9257527 	3723741.4
5.6294317 	3707580.9
5.9812711 	3699500.6
6.3331106 	3691420.7
8.092308 	3651027.2
8.795987 	3635067
9.1478265 	3627128.3
10.203345 	3602958.4
10.907024 	3586811.7
11.258863 	3578734.1
11.610703 	3570656.5
11.962542 	3562573.5
12.666221 	3546437.9
13.018061 	3538354.9
13.3699 	3530285.3
13.72174 	3522227.3
14.777258 	3498285.3
15.480937 	3482120.7
15.832777 	3474038.3
16.536456 	3457873.2
17.591974 	3433655.2
18.647492 	3409404.6
19.351171 	3393237.2
19.703011 	3385153.3
20.05485 	3377069.4
20.40669 	3368985.3
20.758529 	3360901.1
21.462208 	3344732.5
22.165887 	3328563.4
22.869566 	3312393.9
23.573245 	3296224.1
23.925085 	3288139.1
24.276924 	3280054
24.628764 	3271968.9
25.332442 	3255798.6
25.684282 	3247713.5
26.387961 	3231543
26.7398 	3223453.7
27.09164 	3215360.1
27.443479 	3209048.3
27.795319 	3202813.6
28.147158 	3194693
28.850837 	3178353.6
29.202677 	3170736.9
29.554516 	3165124.7
29.906356 	3157162.8
30.258195 	3149081.9
30.610035 	3141000.5
30.961874 	3132919.2
31.665553 	3116757.2
32.017393 	3108676.4
32.369232 	3100595.7
32.721072 	3092515
33.072911 	3084434.4
33.424751 	3076353.8
33.77659 	3068273.2
34.128429 	3060192.5
34.480269 	3052111.8
34.832108 	3044031.1
35.183948 	3035950.2
35.535787 	3027869.2
35.887627 	3019788.1
36.239466 	3011706.8
36.591306 	3003625.3
37.294985 	2987461.6
37.646824 	2979379.4
37.998664 	2971296.9
38.702343 	2955130.9
39.406022 	2938963.5
39.757861 	2930879.3
41.165219 	2898537.9
41.517059 	2890451.4
41.868898 	2882364.3
42.220737 	2874276.8
42.924416 	2858100.1
43.276256 	2850010.9
43.628095 	2841921.1
43.979935 	2833830.8
44.683614 	2817648.4
45.035453 	2809556.3
45.387293 	2801463.6
46.090972 	2785276.5
46.442811 	2777182
47.14649 	2760991.3
47.49833 	2752895
48.202009 	2736700.7
48.553848 	2728602.7
49.257527 	2712404.9
49.609367 	2704305.2
49.961206 	2696204.8
50.313045 	2688104
50.664885 	2680002.5
51.016724 	2671900.6
51.720403 	2655695
52.072243 	2647591.4
52.424082 	2639487.4
52.775922 	2631382.8
53.127761 	2623277.7
54.18328 	2598959.7
54.535119 	2590852.8
54.886959 	2582745.4
55.238798 	2574637.7
55.590638 	2566529.5
55.942477 	2558421
56.997996 	2534093.1
57.349835 	2525983.2
57.701675 	2517872.9
58.053514 	2509762.3
58.405354 	2501651.5
58.757193 	2493540.4
59.109032 	2485429.1
59.460872 	2477317.5
60.164551 	2461093.8
60.51639 	2452981.7
60.86823 	2444869.4
61.220069 	2436757
61.571909 	2428644.4
61.923748 	2420531.7
62.275588 	2412419
62.627427 	2404306.1
62.979267 	2396193.2
63.331106 	2388080.2
63.682946 	2379967.2
64.034785 	2371854.2
64.386625 	2363741.1
64.738464 	2355628
65.442143 	2339401.7
65.793983 	2331288.6
66.497662 	2315062.5
67.55318 	2290723.5
68.256859 	2274497.8
68.608698 	2266385
69.312377 	2250159.7
70.016056 	2233934.9
70.367896 	2225822.7
70.719735 	2217710.6
71.071575 	2209598.7
71.423414 	2201487
72.830772 	2169042.4
73.182612 	2160932
73.534451 	2152821.9
73.886291 	2144712.1
74.941809 	2120385.3
75.293648 	2112277.3
75.645488 	2104169.8
75.997327 	2096062.8
77.052846 	2071745.4
77.404685 	2063640.8
77.756525 	2055536.9
78.460204 	2039331
78.812043 	2031229.1
79.163883 	2023127.8
80.219401 	1998828.1
81.27492 	1974534.1
81.626759 	1966437.2
81.978599 	1958340.8
82.330438 	1950244.9
82.682278 	1942149.4
83.034117 	1934054.2
83.385957 	1925959.4
83.737796 	1917864.8
84.089635 	1909770.4
84.441475 	1901676.2
85.496993 	1877394.1
86.552512 	1853112
86.904351 	1845017.8
89.015388 	1796451.5
89.367228 	1788357.4
90.070907 	1772170.3
90.422746 	1764077.8
90.774586 	1755986.1
91.126425 	1747895.8
91.478265 	1739807
91.830104 	1731720.1
92.533783 	1715553.2
93.237462 	1699397.1
93.589301 	1691323.1
93.941141 	1683251.3
94.29298 	1675180.9
96.052178 	1634779.1
96.404017 	1626663.3
96.755857 	1618515
97.459536 	1603631.3
97.811375 	1596890.2
98.163215 	1591315.3
98.515054 	1587054.5
99.922412 	1581386.3
100.27425 	1581379.6
100.62609 	1581371.2
101.32977 	1581371.9
102.03345 	1581343.2
102.38529 	1581343.1
103.79265 	1581320.5
104.14449 	1581310.4
104.49633 	1581299.8
105.2 	1581262.5
105.90368 	1581217.1
106.25552 	1581191.8
106.60736 	1581164.4
108.01472 	1581069.8
108.36656 	1581047
108.7184 	1581024.5
109.07024 	1581002
109.77392 	1580950.1
110.12576 	1580920.7
110.82944 	1580849.2
111.18128 	1580804
111.53311 	1580740.6
111.88495 	1580668.6
112.58863 	1577012.7
112.94047 	1569471.6
113.29231 	1561272.5
113.64415 	1553027.7
113.99599 	1544777.8
114.34783 	1536526.1
114.69967 	1528273.7
115.05151 	1520020.8
115.40335 	1511767.8
115.75519 	1503514.7
116.45887 	1487008.2
116.81071 	1478754.8
117.16255 	1470501.3
117.51439 	1462247.5
118.21806 	1445739.2
118.5699 	1437484.7
118.92174 	1429229.8
119.27358 	1420974.7
119.62542 	1412719.2
119.97726 	1404463.5
120.3291 	1396207.5
120.68094 	1387951.3
121.03278 	1379694.8
121.38462 	1371438
121.73646 	1363181
122.0883 	1354923.8
122.79198 	1338408.7
123.14382 	1330150.9
123.49566 	1321892.8
123.8475 	1313634.6
124.19934 	1305376.3
124.55118 	1297117.8
124.90302 	1288859.2
125.25485 	1280600.5
125.60669 	1272341.7
126.66221 	1247564.9
127.01405 	1239305.9
127.36589 	1231046.8
127.71773 	1222787.7
128.06957 	1214528.6
128.42141 	1206269.5
128.77325 	1198010.3
129.12509 	1189751.2
129.47693 	1181492.1
130.18061 	1164973.8
130.53245 	1156714.7
130.88429 	1148455.6
131.23613 	1140196.5
132.29164 	1115419.3
132.64348 	1107160.3
132.99532 	1098901.3
133.699 	1082383.5
134.05084 	1074124.7
134.40268 	1065866
134.75452 	1057607.3
135.4582 	1041090.2
135.81004 	1032831.7
136.16188 	1024573.4
136.51372 	1016315.2
136.86556 	1008057.1
137.56924 	991541.26
137.92108 	983283.54
138.27292 	975025.95
138.97659 	958511.19
139.68027 	941997
140.03211 	933740.12
140.38395 	925483.37
140.73579 	917226.77
141.08763 	908970.3
141.43947 	900713.96
141.79131 	892457.75
142.14315 	884201.66
142.49499 	875945.69
142.84683 	867689.84
144.25419 	834667.43
145.3097 	809901.51
145.66154 	801646.34
146.01338 	793391.23
146.36522 	785136.17
146.71706 	776881.15
147.0689 	768626.18
147.42074 	760371.24
148.12442 	743861.43
148.8281 	727351.7
149.17994 	719096.85
149.88362 	702587.16
150.23546 	694332.3
150.5873 	686077.44
151.29098 	669567.68
151.99465 	653057.84
152.69833 	636547.91
153.05017 	628292.9
153.40201 	620037.86
153.75385 	611782.79
154.45753 	595272.54
154.80937 	587017.37
155.16121 	578762.17
155.51305 	570506.93
155.86489 	562251.66
156.21673 	553996.36
156.56857 	545741.02
157.62409 	520974.86
157.97593 	512719.43
158.32777 	504463.98
158.67961 	496208.52
159.03144 	487953.04
159.38328 	479697.56
159.73512 	471442.08
160.08696 	463186.59
160.4388 	454931.12
160.79064 	446675.65
161.14248 	438420.2
161.49432 	430164.78
161.84616 	421909.38
162.90168 	397143.38
163.25352 	388888.13
163.9572 	372377.79
164.30904 	364122.7
164.66088 	355867.68
165.01272 	347612.73
165.71639 	331103.04
166.06823 	322848.31
167.12375 	298084.61
167.47559 	289830.21
167.82743 	281575.9
168.17927 	273321.68
168.53111 	265067.54
169.23479 	248559.54
169.58663 	240305.66
169.93847 	232051.87
170.64215 	215544.54
170.99399 	207290.99
171.34583 	199037.51
171.69767 	190784.11
172.04951 	182530.77
172.40134 	174277.5
172.75318 	166024.28
173.10502 	157771.11
174.16054 	133011.89
174.51238 	124758.89
174.86422 	116505.91
