0 	9533516.6
6.4128257 	9406545.7
34.468938 	8856456.5
37.675351 	8806427.7
40.881764 	8803258.5
50.501002 	8796303
53.707415 	8738637
62.52505 	8518480.1
65.731463 	8438468.8
68.937876 	8358455.3
69.739479 	8338450.1
96.993988 	7658196.9
103.40681 	7498160.7
106.61323 	7418147
116.23246 	7178117
123.44689 	6998106
125.05 	6958108
125.8517 	6938105.5
128.25651 	6878106.8
131.46293 	6798111.1
151.50301 	6298167.5
153.90782 	6238174.5
156.31263 	6178180.9
159.51904 	6098188.1
166.73347 	5918196.1
169.13828 	5858196.1
175.5511 	5698191.5
176.35271 	5678190.7
187.57515 	5398176.8
190.78156 	5318173.9
200.4008 	5078176.5
201.2024 	5058177.7
202.00401 	5038179
202.80561 	5018180.5
203.60721 	4998182.2
204.40882 	4978184
205.21042 	4958186
206.01202 	4938188.1
206.81363 	4918190.4
207.61523 	4898192.8
208.41683 	4878195.3
209.21844 	4858198
210.02004 	4838200.7
210.82164 	4818203.6
211.62325 	4798206.7
212.42485 	4778209.8
213.22645 	4758213
214.02806 	4738216.3
214.82966 	4718219.8
215.63126 	4698223.3
216.43287 	4678226.9
217.23447 	4658230.6
218.03607 	4638234.4
219.63928 	4598242.2
220.44088 	4578246.1
221.24248 	4558250.2
222.04409 	4538254.3
222.84569 	4518258.5
223.64729 	4498262.7
224.4489 	4478267
225.2505 	4458271.4
226.0521 	4438275.8
227.65531 	4398284.7
228.45691 	4378289.2
229.25852 	4358293.7
230.86172 	4318302.9
231.66333 	4298307.5
232.46493 	4278312.1
234.06814 	4238321.5
234.86974 	4218326.2
235.67134 	4198330.9
236.47295 	4178335.6
237.27455 	4158340.4
238.07615 	4138345.1
238.87776 	4118349.8
239.67936 	4098354.6
240.48096 	4078359.4
241.28257 	4058364.1
242.08417 	4038368.9
242.88577 	4018373.6
243.68737 	3998378.4
244.48898 	3978383.1
245.29058 	3958387.8
246.09218 	3938392.5
246.89379 	3918397.2
247.69539 	3898401.9
248.49699 	3878406.6
249.2986 	3858411.2
250.1002 	3838415.8
250.9018 	3818420.4
251.70341 	3798425
252.50501 	3778429.6
253.30661 	3758434.1
254.10822 	3738438.6
254.90982 	3718443
255.71142 	3698447.4
256.51303 	3678451.8
257.31463 	3658456.1
258.11623 	3638460.4
258.91784 	3618464.7
259.71944 	3598468.9
260.52104 	3578473
261.32265 	3558477.2
262.12425 	3538481.3
262.92585 	3518485.3
263.72745 	3498489.3
264.52906 	3478493.3
265.33066 	3458497.2
266.13226 	3438501.2
266.93387 	3418505
267.73547 	3398508.9
268.53707 	3378512.7
269.33868 	3358516.5
270.14028 	3338520.3
270.94188 	3318524.1
271.74349 	3298527.9
272.54509 	3278531.6
273.34669 	3258535.4
274.1483 	3238539.2
274.9499 	3218542.9
274.95 	3218540.4
275.7515 	3198546.7
276.55311 	3178550.5
277.35471 	3158554.4
278.95792 	3118562.2
279.75952 	3098566.1
280.56112 	3078570.1
281.36273 	3058574.1
282.16433 	3038578.2
282.96593 	3018582.3
283.76754 	2998586.6
284.56914 	2978590.8
285.37074 	2958595.2
286.17234 	2938599.6
286.97395 	2918604.1
288.57715 	2878613.4
289.37876 	2858618.1
290.18036 	2838623
290.98196 	2818628
291.78357 	2798633
292.58517 	2778638.2
293.38677 	2758643.4
294.18838 	2738648.8
294.98998 	2718654.2
295.79158 	2698659.7
296.59319 	2678665.4
297.39479 	2658671.2
298.19639 	2638677
298.998 	2618683
299.7996 	2598689
300.6012 	2578695.2
301.40281 	2558701.5
302.20441 	2538707.8
303.00601 	2518714.3
303.80762 	2498720.9
304.60922 	2478727.5
306.21242 	2438741.1
307.01403 	2418748.1
307.81563 	2398755.2
308.61723 	2378762.3
309.41884 	2358769.5
310.22044 	2338776.9
311.02204 	2318784.3
311.82365 	2298791.8
312.62525 	2278799.5
313.42685 	2258807.2
314.22846 	2238815
315.03006 	2218822.9
315.83166 	2198830.9
316.63327 	2178839
317.43487 	2158847.1
318.23647 	2138855.4
319.03808 	2118863.8
319.83968 	2098872.2
320.64128 	2078880.8
321.44289 	2058889.4
322.24449 	2038898.1
323.04609 	2018907
323.8477 	1998915.9
324.6493 	1978924.9
325.4509 	1958933.9
326.25251 	1938943.1
327.05411 	1918952.3
327.85571 	1898961.7
328.65731 	1878971.1
329.45892 	1858980.6
330.26052 	1838990.1
331.06212 	1818999.8
331.86373 	1799009.5
332.66533 	1779019.3
333.46693 	1759029.1
334.26854 	1739039
335.07014 	1719049
335.87174 	1699059
336.67335 	1679069.1
337.47495 	1659079.3
338.27655 	1639089.5
339.07816 	1619099.8
339.87976 	1599110.1
340.68136 	1579120.4
341.48297 	1559130.8
342.28457 	1539141.2
343.08617 	1519151.7
343.88778 	1499162.2
344.68938 	1479172.8
345.49098 	1459183.4
346.29259 	1439194
347.09419 	1419204.7
347.89579 	1399215.4
348.69739 	1379226.1
349.499 	1359236.9
350.3006 	1339247.7
351.1022 	1319258.5
351.90381 	1299269.3
352.70541 	1279280.2
353.50701 	1259291.1
354.30862 	1239302.1
355.11022 	1219313.1
355.91182 	1199324.1
356.71343 	1179335.2
357.51503 	1159346.3
358.31663 	1139357.4
359.11824 	1119368.6
359.91984 	1099379.8
360.72144 	1079391
361.52305 	1059402.3
362.32465 	1039413.7
363.12625 	1019425.1
363.92786 	999436.5
364.72946 	979447.98
365.53106 	959459.51
366.33267 	939471.09
367.13427 	919482.72
367.93587 	899494.4
368.73747 	879506.13
369.53908 	859517.92
370.34068 	839529.75
371.14228 	819541.64
371.94389 	799553.58
372.74549 	779565.57
373.54709 	759577.62
374.3487 	739589.71
375.1503 	719601.86
375.9519 	699614.06
376.75351 	679626.3
377.55511 	659638.6
379.15832 	619663.33
379.95992 	599675.77
381.56313 	559700.78
382.36473 	539713.36
383.16633 	519725.97
383.96794 	499738.63
384.76954 	479751.33
385.57114 	459764.08
386.37275 	439776.86
387.17435 	419789.68
387.97595 	399802.54
388.77756 	379815.44
389.57916 	359828.38
390.38076 	339841.35
391.18236 	319854.37
391.98397 	299867.42
392.78557 	279880.51
393.58717 	259893.63
394.38878 	239906.79
395.19038 	219920
395.99198 	199933.23
396.79359 	179946.51
397.59519 	159959.83
399.1984 	119986.57
400 	100486.8
