0 	8297240.5
6.4128257 	8178938.7
34.468938 	7800303.9
37.675351 	7720329.1
40.881764 	7640717.8
50.501002 	7401841.7
53.707415 	7321668.2
62.52505 	7100805.2
65.731463 	7036803.1
68.937876 	7015094.1
69.739479 	7001748.8
96.993988 	6474304.9
103.40681 	6374979.8
106.61323 	6300918.5
116.23246 	6061873.6
123.44689 	5888367.3
125.05 	5848570.8
125.8517 	5828600.4
128.25651 	5768570
131.46293 	5691367
151.50301 	5407570.3
153.90782 	5407260.7
156.31263 	5407085.4
159.51904 	5407036.9
166.73347 	5407616.6
169.13828 	5407097.8
175.5511 	5404732.8
176.35271 	5404229.5
187.57515 	5401395.8
190.78156 	5400602.7
200.4008 	5397625.6
201.2024 	5397417.2
202.00401 	5397209.8
202.80561 	5397188.7
203.60721 	5397389.3
204.40882 	5397445.8
205.21042 	5397372
206.01202 	5397280.2
206.81363 	5397038.1
207.61523 	5396857.3
208.41683 	5396443.1
209.21844 	5395347.8
210.02004 	5393280.6
210.82164 	5389235.3
211.62325 	5380734.9
212.42485 	5366094.8
213.22645 	5346168.1
214.02806 	5323849.6
214.82966 	5301227.4
215.63126 	5278659.6
216.43287 	5256116.3
217.23447 	5233580.7
218.03607 	5211048.4
219.63928 	5165974.5
220.44088 	5143419.9
221.24248 	5120847
222.04409 	5098257.8
222.84569 	5075663
223.64729 	5053076
224.4489 	5030504.4
225.2505 	5007947.4
226.0521 	4985399.1
227.65531 	4940307.9
228.45691 	4917760.6
229.25852 	4895212.6
230.86172 	4850121
231.66333 	4827580.6
232.46493 	4805045.1
234.06814 	4759991.3
234.86974 	4737473.2
235.67134 	4714960.7
236.47295 	4692453
237.27455 	4669949.3
238.07615 	4647448.7
238.87776 	4624950.4
239.67936 	4602453.9
240.48096 	4579959.3
241.28257 	4557466.7
242.08417 	4534977
242.88577 	4512490.9
243.68737 	4490009.5
244.48898 	4467533.7
245.29058 	4445063.9
246.09218 	4422600.3
246.89379 	4400142.6
247.69539 	4377690.3
248.49699 	4355242.5
249.2986 	4332798.3
250.1002 	4310356.8
250.9018 	4287917.4
251.70341 	4265479.7
252.50501 	4243043.6
253.30661 	4220609.4
254.10822 	4198177.4
254.90982 	4175747.9
255.71142 	4153321.1
256.51303 	4130897.2
257.31463 	4108476
258.11623 	4086057
258.91784 	4063639.4
259.71944 	4041222.1
260.52104 	4018804.1
261.32265 	3996384
262.12425 	3973960.8
262.92585 	3951533.4
263.72745 	3929101.5
264.52906 	3906665
265.33066 	3884224.2
266.13226 	3861779.9
266.93387 	3839332.6
267.73547 	3816883.2
268.53707 	3794432
269.33868 	3771979
270.14028 	3749524.2
270.94188 	3727067
271.74349 	3704606.7
272.54509 	3682142.6
273.34669 	3659674.1
274.1483 	3637200.4
274.9499 	3614721
274.95 	3614718.2
275.7515 	3592235.8
276.55311 	3569744.7
277.35471 	3547247.7
278.95792 	3502237.6
279.75952 	3479725.4
280.56112 	3457209.2
281.36273 	3434689.3
282.16433 	3412166.4
282.96593 	3389640.6
283.76754 	3367112.3
284.56914 	3344581.6
285.37074 	3322048.8
286.17234 	3299513.8
286.97395 	3276976.9
288.57715 	3231897.8
289.37876 	3209356
290.18036 	3186812.9
290.98196 	3164268.9
291.78357 	3141724.3
292.58517 	3119179.3
293.38677 	3096634.2
294.18838 	3074089.3
294.98998 	3051544.8
295.79158 	3029001
296.59319 	3006457.9
297.39479 	2983915.7
298.19639 	2961374.6
298.998 	2938834.7
299.7996 	2916296.1
300.6012 	2893758.9
301.40281 	2871223.2
302.20441 	2848689.2
303.00601 	2826156.9
303.80762 	2803626.7
304.60922 	2781098.8
306.21242 	2736051.5
307.01403 	2713533.1
307.81563 	2691018.9
308.61723 	2668509.5
309.41884 	2646005.5
310.22044 	2623507.5
311.02204 	2601016.1
311.82365 	2578531.7
312.62525 	2556054.6
313.42685 	2533585.2
314.22846 	2511123.7
315.03006 	2488670.2
315.83166 	2466224.6
316.63327 	2443786.8
317.43487 	2421356.5
318.23647 	2398933.1
319.03808 	2376515.9
319.83968 	2354103.8
320.64128 	2331695.5
321.44289 	2309289.7
322.24449 	2286884.6
323.04609 	2264478.3
323.8477 	2242069.1
324.6493 	2219655.2
325.4509 	2197235
326.25251 	2174807
327.05411 	2152370.2
327.85571 	2129923.6
328.65731 	2107466.9
329.45892 	2084999.7
330.26052 	2062522.1
331.06212 	2040034.4
331.86373 	2017537
332.66533 	1995030.4
333.46693 	1972515.1
334.26854 	1949991.7
335.07014 	1927460.9
335.87174 	1904923.3
336.67335 	1882379.4
337.47495 	1859829.9
338.27655 	1837275.2
339.07816 	1814715.9
339.87976 	1792152.5
340.68136 	1769585.5
341.48297 	1747015.5
342.28457 	1724443
343.08617 	1701868.3
343.88778 	1679292.1
344.68938 	1656714.7
345.49098 	1634136.5
346.29259 	1611557.9
347.09419 	1588979.2
347.89579 	1566400.7
348.69739 	1543822.5
349.499 	1521244.9
350.3006 	1498667.9
351.1022 	1476091.7
351.90381 	1453516.3
352.70541 	1430941.7
353.50701 	1408367.8
354.30862 	1385794.6
355.11022 	1363222.2
355.91182 	1340650.4
356.71343 	1318079.1
357.51503 	1295508.3
358.31663 	1272937.9
359.11824 	1250367.9
359.91984 	1227798.2
360.72144 	1205228.6
361.52305 	1182659.3
362.32465 	1160090
363.12625 	1137520.8
363.92786 	1114951.7
364.72946 	1092382.6
365.53106 	1069813.6
366.33267 	1047244.7
367.13427 	1024676
367.93587 	1002107.4
368.73747 	979539.22
369.53908 	956971.39
370.34068 	934404.05
371.14228 	911837.31
371.94389 	889271.27
372.74549 	866706.04
373.54709 	844141.72
374.3487 	821578.4
375.1503 	799016.14
375.9519 	776455.01
376.75351 	753895.05
377.55511 	731336.29
379.15832 	686222.38
379.95992 	663667.2
381.56313 	618560.22
382.36473 	596008.32
383.16633 	573457.4
383.96794 	550907.38
384.76954 	528358.2
385.57114 	505809.78
386.37275 	483262.05
387.17435 	460714.93
387.97595 	438168.34
388.77756 	415622.24
389.57916 	393076.54
390.38076 	370531.19
391.18236 	347986.14
391.98397 	325441.34
392.78557 	302896.74
393.58717 	280352.31
394.38878 	257808.01
395.19038 	235263.81
395.99198 	212719.7
396.79359 	190175.67
397.59519 	167631.69
399.1984 	122543.86
400 	100549.09
