0 	3836443.2
0.35183948 	3828615.9
0.70367896 	3820476.4
1.0555184 	3812341
1.4073579 	3804205.6
1.7591974 	3796070.2
2.1110369 	3787928.3
2.4628764 	3779816.6
2.8147158 	3771672.1
3.1665553 	3763534.7
3.5183948 	3755397.1
3.8702343 	3747259.3
4.2220737 	3739121.6
4.9257527 	3722898.2
5.6294317 	3706579.2
5.9812711 	3698432.3
6.3331106 	3690285
8.092308 	3649552.4
8.795987 	3633260.7
9.1478265 	3625110.1
10.203345 	3600655
10.907024 	3584358.8
11.258863 	3576373.8
11.610703 	3568192.4
11.962542 	3560014.2
12.666221 	3543857.2
13.018061 	3535648.7
13.3699 	3527444.1
13.72174 	3519234.8
14.777258 	3494615.2
15.480937 	3478236
15.832777 	3470021
16.536456 	3453587.8
17.591974 	3429227.5
18.647492 	3404464.5
19.351171 	3387955.1
19.703011 	3379700.4
20.05485 	3371445.6
20.40669 	3363191
20.758529 	3354936.6
21.462208 	3338428.3
22.165887 	3321921.3
22.869566 	3305415.8
23.573245 	3288911.6
23.925085 	3280696.5
24.276924 	3272450.1
24.628764 	3264203.8
25.332442 	3247712.4
25.684282 	3239467.2
26.387961 	3222977.5
26.7398 	3214733
27.09164 	3206488.7
27.443479 	3198244.6
27.795319 	3190000.8
28.147158 	3181757.3
28.850837 	3165271.1
29.202677 	3157028.5
29.554516 	3148786.4
29.906356 	3140544.6
30.258195 	3132303.3
30.610035 	3124062.6
30.961874 	3115822.3
31.665553 	3099343.1
32.017393 	3091099.2
32.369232 	3082834.2
32.721072 	3075213
33.072911 	3070305.3
33.424751 	3062759.3
33.77659 	3054861.8
34.128429 	3046937.6
34.480269 	3039460.6
34.832108 	3034210.3
35.183948 	3026599.9
35.535787 	3018644.5
35.887627 	3010680.5
36.239466 	3002715.9
36.591306 	2994751
37.294985 	2978820.1
37.646824 	2970853.9
37.998664 	2962887.1
38.702343 	2946951.8
39.406022 	2931013.6
39.757861 	2923043.3
41.165219 	2891153.3
41.517059 	2883178.4
41.868898 	2875202.4
42.220737 	2867225.2
42.924416 	2851267.4
43.276256 	2843286.5
43.628095 	2835304.4
43.979935 	2827320.8
44.683614 	2811349
45.035453 	2803360.8
45.387293 	2795370.8
46.090972 	2779385.4
46.442811 	2771389.8
47.14649 	2755392.4
47.49833 	2747390.4
48.202009 	2731379.6
48.553848 	2723370.6
49.257527 	2707344.9
49.609367 	2699328
49.961206 	2691308.4
50.313045 	2683286
50.664885 	2675260.7
51.016724 	2667232.3
51.720403 	2651166.5
52.072243 	2643128.8
52.424082 	2635087.8
52.775922 	2627043.5
53.127761 	2618995.8
54.18328 	2594831.6
54.535119 	2586769.6
54.886959 	2578703.8
55.238798 	2570634.2
55.590638 	2562560.8
55.942477 	2554483.4
56.997996 	2530227
57.349835 	2522133.2
57.701675 	2514035.2
58.053514 	2505932.9
58.405354 	2497826.2
58.757193 	2489715.1
59.109032 	2481599.5
59.460872 	2473479.3
60.164551 	2457225.2
60.51639 	2449091.2
60.86823 	2440952.4
61.220069 	2432808.8
61.571909 	2424660.4
61.923748 	2416507.1
62.275588 	2408348.8
62.627427 	2400185.6
62.979267 	2392017.4
63.331106 	2383844.1
63.682946 	2375665.7
64.034785 	2367482.1
64.386625 	2359293.4
64.738464 	2351099.4
65.442143 	2334695.7
65.793983 	2326485.8
66.497662 	2310049.9
67.55318 	2285355.1
68.256859 	2268864.4
68.608698 	2260610.7
69.312377 	2244086.5
70.016056 	2227540
70.367896 	2219258.4
70.719735 	2210971.2
71.071575 	2202678.4
71.423414 	2194380
72.830772 	2161131.9
73.182612 	2152806.3
73.534451 	2144475.5
73.886291 	2136139.5
74.941809 	2111101
75.293648 	2102744.9
75.645488 	2094384.1
75.997327 	2086018.6
77.052846 	2060894.9
77.404685 	2052511.5
77.756525 	2044124
78.460204 	2027336.4
78.812043 	2018936.5
79.163883 	2010532.7
80.219401 	1985297.2
81.27492 	1960025.7
81.626759 	1951593.6
81.978599 	1943157.3
82.330438 	1934716.5
82.682278 	1926271.3
83.034117 	1917821.4
83.385957 	1909366.7
83.737796 	1900907.1
84.089635 	1892442.4
84.441475 	1883972.5
85.496993 	1858530
86.552512 	1833035.6
86.904351 	1824525.5
89.015388 	1773337.3
89.367228 	1764785.3
90.070907 	1747664.7
90.422746 	1739096.7
90.774586 	1730524
91.126425 	1721946.9
91.478265 	1713365.9
91.830104 	1704781.4
92.533783 	1687604.4
93.237462 	1670421.2
93.589301 	1661829.1
93.941141 	1653237.9
94.29298 	1644648.5
96.052178 	1601761.6
96.404017 	1593202.9
96.755857 	1584652.6
97.459536 	1567579.2
97.811375 	1559057.1
98.163215 	1550544.9
98.515054 	1542042.7
99.922412 	1508127.1
100.27425 	1499668.9
100.62609 	1491217.7
101.32977 	1474333.2
102.03345 	1457468.7
102.38529 	1449042.4
103.79265 	1415352.1
104.14449 	1406904.5
104.49633 	1399174.3
105.2 	1386734.6
105.90368 	1371931.1
106.25552 	1364525.8
106.60736 	1357120.1
108.01472 	1328000.2
108.36656 	1321743.5
108.7184 	1314459.1
109.07024 	1309344.4
109.77392 	1297112.7
110.12576 	1295661.3
110.82944 	1295279.1
111.18128 	1295097.9
111.53311 	1295102.7
111.88495 	1295057.1
112.58863 	1294946.5
112.94047 	1294897.8
113.29231 	1294840.8
113.64415 	1294783.3
113.99599 	1294730.9
114.34783 	1294685.1
114.69967 	1294642
115.05151 	1294591.3
115.40335 	1294545.4
115.75519 	1294514
116.45887 	1294428.6
116.81071 	1294376
117.16255 	1294322.7
117.51439 	1294274
118.21806 	1294156.7
118.5699 	1294095.8
118.92174 	1294037.4
119.27358 	1293978.1
119.62542 	1293922.5
119.97726 	1293879.3
120.3291 	1293849.2
120.68094 	1293824.2
121.03278 	1293798.2
121.38462 	1293768.4
121.73646 	1293731.5
122.0883 	1293685.3
122.79198 	1293567.5
123.14382 	1293512.5
123.49566 	1293462.2
123.8475 	1293423.2
124.19934 	1293401.7
124.55118 	1293385
124.90302 	1293346.7
125.25485 	1293268.3
125.60669 	1293199.7
126.66221 	1280526.1
127.01405 	1272062.8
127.36589 	1263568
127.71773 	1255072.8
128.06957 	1246578.5
128.42141 	1238085
128.77325 	1229591.5
129.12509 	1221097.3
129.47693 	1212601.7
130.18061 	1195603.6
130.53245 	1187100.3
130.88429 	1178593.9
131.23613 	1170084.4
132.29164 	1144541.2
132.64348 	1136023.5
132.99532 	1127505.2
133.699 	1110468.5
134.05084 	1101951.3
134.40268 	1093435.2
134.75452 	1084920.6
135.4582 	1067896.8
135.81004 	1059387.7
136.16188 	1050880.5
136.51372 	1042375.1
136.86556 	1033871.6
137.56924 	1016869.3
137.92108 	1008370.2
138.27292 	999872.23
138.97659 	982878.94
139.68027 	965887.82
140.03211 	957392.59
140.38395 	948897.34
140.73579 	940401.92
141.08763 	931906.2
141.43947 	923410.06
141.79131 	914913.4
142.14315 	906416.17
142.49499 	897918.33
142.84683 	889419.86
144.25419 	855420.27
145.3097 	829916.56
145.66154 	821415.09
146.01338 	812913.69
146.36522 	804412.49
146.71706 	795911.58
147.0689 	787411.08
147.42074 	778911.08
148.12442 	761912.91
148.8281 	744917.63
149.17994 	736421.19
149.88362 	719430.87
150.23546 	710937
150.5873 	702443.99
151.29098 	685460.47
151.99465 	668480.1
152.69833 	651502.55
153.05017 	643014.72
153.40201 	634527.44
153.75385 	626040.65
154.45753 	609068.31
154.80937 	600582.64
155.16121 	592097.22
155.51305 	583611.99
155.86489 	575126.89
156.21673 	566641.87
156.56857 	558156.86
157.62409 	532701.45
157.97593 	524216.04
158.32777 	515730.43
158.67961 	507244.6
159.03144 	498758.52
159.38328 	490272.18
159.73512 	481785.58
160.08696 	473298.7
160.4388 	464811.54
160.79064 	456324.13
161.14248 	447836.48
161.49432 	439348.6
161.84616 	430860.53
162.90168 	405395.48
163.25352 	396906.97
163.9572 	379930
164.30904 	371441.62
164.66088 	362953.37
165.01272 	354465.3
165.71639 	337489.87
166.06823 	329002.59
167.12375 	303542.9
167.47559 	295057.15
167.82743 	286571.85
168.17927 	278087.01
168.53111 	269602.65
169.23479 	252635.37
169.58663 	244152.46
169.93847 	235670.03
170.64215 	218706.55
170.99399 	210225.49
171.34583 	201744.85
171.69767 	193264.6
172.04951 	184784.73
172.40134 	176305.21
172.75318 	167826.01
173.10502 	159347.1
174.16054 	133911.78
174.51238 	125433.7
174.86422 	116955.73
