0 	8697885.3
6.4128257 	8652497.9
34.468938 	8128298.5
37.675351 	8073555.7
40.881764 	7995078
50.501002 	7817867.4
53.707415 	7775490.6
62.52505 	7559969.4
65.731463 	7483270.6
68.937876 	7404821.4
69.739479 	7392877
96.993988 	6761171.2
103.40681 	6614283.2
106.61323 	6549182.4
116.23246 	6493408.5
123.44689 	6495335.9
125.05 	6495140.2
125.8517 	6494949.6
128.25651 	6494739.9
131.46293 	6494954.9
151.50301 	6500990.1
153.90782 	6500183.7
156.31263 	6498395.6
159.51904 	6476994.7
166.73347 	6289097.7
169.13828 	6225452.4
175.5511 	6055721.1
176.35271 	6034504.3
187.57515 	5737283
190.78156 	5652266.5
200.4008 	5397290.2
201.2024 	5376040.7
202.00401 	5354788
202.80561 	5333531.2
203.60721 	5312269.8
204.40882 	5291003
205.21042 	5269730.4
206.01202 	5248451.4
206.81363 	5227165.7
207.61523 	5205873
208.41683 	5184573.3
209.21844 	5163266.7
210.02004 	5141953.1
210.82164 	5120633
211.62325 	5099306.5
212.42485 	5077973.8
213.22645 	5056635.3
214.02806 	5035291.3
214.82966 	5013941.8
215.63126 	4992587.2
216.43287 	4971227.7
217.23447 	4949863.3
218.03607 	4928494.2
219.63928 	4885742.3
220.44088 	4864359.7
221.24248 	4842972.8
222.04409 	4821581.7
222.84569 	4800186.6
223.64729 	4778787.7
224.4489 	4757385.1
225.2505 	4735979.4
226.0521 	4714570.7
227.65531 	4671746.5
228.45691 	4650331.7
229.25852 	4628915.7
230.86172 	4586081.2
231.66333 	4564663.2
232.46493 	4543244.7
234.06814 	4500406.7
234.86974 	4478987
235.67134 	4457566.9
236.47295 	4436146.1
237.27455 	4414724.7
238.07615 	4393302.7
238.87776 	4371880.1
239.67936 	4350456.9
240.48096 	4329033.3
241.28257 	4307609.4
242.08417 	4286185.3
242.88577 	4264761.4
243.68737 	4243337.8
244.48898 	4221914.7
245.29058 	4200492.5
246.09218 	4179071.4
246.89379 	4157651.7
247.69539 	4136233.8
248.49699 	4114817.8
249.2986 	4093404.2
250.1002 	4071993.2
250.9018 	4050585.2
251.70341 	4029180.4
252.50501 	4007779.2
253.30661 	3986381.7
254.10822 	3964988.3
254.90982 	3943599.1
255.71142 	3922214.2
256.51303 	3900833.8
257.31463 	3879457.9
258.11623 	3858086.4
258.91784 	3836719.4
259.71944 	3815356.8
260.52104 	3793998.4
261.32265 	3772644.2
262.12425 	3751293.9
262.92585 	3729947.4
263.72745 	3708604.6
264.52906 	3687265.1
265.33066 	3665928.9
266.13226 	3644595.6
266.93387 	3623265
267.73547 	3601937
268.53707 	3580611.1
269.33868 	3559287.2
270.14028 	3537965.1
270.94188 	3516644.3
271.74349 	3495324.8
272.54509 	3474006.2
273.34669 	3452688.5
274.1483 	3431371.4
274.9499 	3410054.9
274.95 	3410052.2
275.7515 	3388738.7
276.55311 	3367423
277.35471 	3346107.7
278.95792 	3303478.5
279.75952 	3282164.6
280.56112 	3260851.4
281.36273 	3239539
282.16433 	3218227.4
282.96593 	3196916.8
283.76754 	3175607.2
284.56914 	3154298.7
285.37074 	3132991.5
286.17234 	3111685.6
286.97395 	3090381
288.57715 	3047776
289.37876 	3026475.7
290.18036 	3005176.8
290.98196 	2983879.4
291.78357 	2962583.5
292.58517 	2941289.1
293.38677 	2919996.2
294.18838 	2898704.7
294.98998 	2877414.7
295.79158 	2856126.2
296.59319 	2834839.1
297.39479 	2813553.5
298.19639 	2792269.3
298.998 	2770986.5
299.7996 	2749705.1
300.6012 	2728425.1
301.40281 	2707146.5
302.20441 	2685869.2
303.00601 	2664593.2
303.80762 	2643318.5
304.60922 	2622045
306.21242 	2579501.6
307.01403 	2558231.6
307.81563 	2536962.6
308.61723 	2515694.7
309.41884 	2494427.8
310.22044 	2473161.8
311.02204 	2451896.9
311.82365 	2430633
312.62525 	2409370.2
313.42685 	2388108.4
314.22846 	2366847.8
315.03006 	2345588.4
315.83166 	2324330.4
316.63327 	2303073.8
317.43487 	2281818.8
318.23647 	2260565.5
319.03808 	2239314
319.83968 	2218064.6
320.64128 	2196817.2
321.44289 	2175572
322.24449 	2154329.2
323.04609 	2133088.8
323.8477 	2111851
324.6493 	2090615.7
325.4509 	2069383.1
326.25251 	2048153
327.05411 	2026925.7
327.85571 	2005700.9
328.65731 	1984478.6
329.45892 	1963258.9
330.26052 	1942041.5
331.06212 	1920826.3
331.86373 	1899613.4
332.66533 	1878402.4
333.46693 	1857193.3
334.26854 	1835985.8
335.07014 	1814779.9
335.87174 	1793575.3
336.67335 	1772371.8
337.47495 	1751169.4
338.27655 	1729967.7
339.07816 	1708766.7
339.87976 	1687566.2
340.68136 	1666366.1
341.48297 	1645166.2
342.28457 	1623966.5
343.08617 	1602766.8
343.88778 	1581567.2
344.68938 	1560367.4
345.49098 	1539167.6
346.29259 	1517967.7
347.09419 	1496767.7
347.89579 	1475567.6
348.69739 	1454367.5
349.499 	1433167.3
350.3006 	1411967.3
351.1022 	1390767.3
351.90381 	1369567.5
352.70541 	1348367.9
353.50701 	1327168.5
354.30862 	1305969.6
355.11022 	1284771
355.91182 	1263572.9
356.71343 	1242375.3
357.51503 	1221178.3
358.31663 	1199982
359.11824 	1178786.4
359.91984 	1157591.5
360.72144 	1136397.5
361.52305 	1115204.5
362.32465 	1094012.5
363.12625 	1072821.6
363.92786 	1051631.8
364.72946 	1030443.4
365.53106 	1009256.4
366.33267 	988070.94
367.13427 	966887.07
367.93587 	945704.95
368.73747 	924524.66
369.53908 	903346.33
370.34068 	882170.04
371.14228 	860995.9
371.94389 	839823.98
372.74549 	818654.36
373.54709 	797487.08
374.3487 	776322.21
375.1503 	755159.75
375.9519 	733999.73
376.75351 	712842.14
377.55511 	691686.95
379.15832 	649383.67
379.95992 	628235.45
381.56313 	585945.53
382.36473 	564803.65
383.16633 	543663.7
383.96794 	522525.58
384.76954 	501389.18
385.57114 	480254.42
386.37275 	459121.18
387.17435 	437989.36
387.97595 	416858.87
388.77756 	395729.59
389.57916 	374601.45
390.38076 	353474.34
391.18236 	332348.18
391.98397 	311222.88
392.78557 	290098.36
393.58717 	268974.54
394.38878 	247851.33
395.19038 	226728.67
395.99198 	205606.48
396.79359 	184484.68
397.59519 	163363.21
399.1984 	121120.94
400 	100514.43
