0 	3836484.7
0.35183948 	3829170.4
0.70367896 	3821472.7
1.0555184 	3813627.1
1.4073579 	3805817.9
1.7591974 	3797987.2
2.1110369 	3790153.3
2.4628764 	3782344.5
2.8147158 	3774565.8
3.1665553 	3766735.5
3.5183948 	3758907.4
3.8702343 	3751097.7
4.2220737 	3743245.2
4.9257527 	3727731.4
5.6294317 	3712142.6
5.9812711 	3704308
6.3331106 	3696473
8.092308 	3657301.4
8.795987 	3641634.4
9.1478265 	3633797.9
10.203345 	3611821.7
10.907024 	3597406.5
11.258863 	3589569.7
11.610703 	3581731.3
11.962542 	3573882.2
12.666221 	3560524.7
13.018061 	3552931.8
13.3699 	3545097.8
13.72174 	3537266.1
14.777258 	3513770.6
15.480937 	3498106.6
15.832777 	3490274.4
16.536456 	3474609.8
17.591974 	3451111.9
18.647492 	3427612.6
19.351171 	3411945.6
19.703011 	3404111.8
20.05485 	3396277.8
20.40669 	3388443.6
20.758529 	3380609.2
21.462208 	3364939.9
22.165887 	3349269.8
22.869566 	3333599
23.573245 	3317927.5
23.925085 	3310091.5
24.276924 	3302255.4
24.628764 	3294419
25.332442 	3278746
25.684282 	3270909.3
26.387961 	3255235.6
26.7398 	3247398.5
27.09164 	3239561.4
27.443479 	3231724.2
27.795319 	3223886.8
28.147158 	3216049.4
28.850837 	3200374.4
29.202677 	3192536.9
29.554516 	3184699.2
29.906356 	3176861.5
30.258195 	3169023.8
30.610035 	3161186
30.961874 	3153348.3
31.665553 	3137672.8
32.017393 	3129835.1
32.369232 	3121997.4
32.721072 	3114159.8
33.072911 	3106322.2
33.424751 	3098484.7
33.77659 	3090647.3
34.128429 	3082810
34.480269 	3074972.8
34.832108 	3067135.7
35.183948 	3059298.7
35.535787 	3051461.8
35.887627 	3043625
36.239466 	3035788.2
36.591306 	3027951.5
37.294985 	3012278.4
37.646824 	3004441.9
37.998664 	2996605.4
38.702343 	2980932.7
39.406022 	2965260
39.757861 	2957423.8
41.165219 	2926080.1
41.517059 	2918244.6
41.868898 	2910407.9
42.220737 	2902554.5
42.924416 	2888131
43.276256 	2886474.1
43.628095 	2886357.6
43.979935 	2886323.9
44.683614 	2886264.9
45.035453 	2886236.4
45.387293 	2886207.8
46.090972 	2886152.4
46.442811 	2886125.4
47.14649 	2886070.8
47.49833 	2886042.9
48.202009 	2885987
48.553848 	2885957
49.257527 	2885894.1
49.609367 	2885859.6
49.961206 	2885822.1
50.313045 	2885778.6
50.664885 	2885631.5
51.016724 	2882329.7
51.720403 	2867120.6
52.072243 	2859252.9
52.424082 	2851384.2
52.775922 	2843515.4
53.127761 	2835646.8
54.18328 	2812041.4
54.535119 	2804173.2
54.886959 	2796305.1
55.238798 	2788437
55.590638 	2780569.1
55.942477 	2772701.3
56.997996 	2749098.7
57.349835 	2741231.4
57.701675 	2733364.2
58.053514 	2725497.2
58.405354 	2717630.4
58.757193 	2709763.6
59.109032 	2701897.1
59.460872 	2694030.7
60.164551 	2678298.4
60.51639 	2670432.4
60.86823 	2662566.6
61.220069 	2654701
61.571909 	2646835.5
61.923748 	2638970.1
62.275588 	2631104.8
62.627427 	2623239.6
62.979267 	2615374.5
63.331106 	2607509.5
63.682946 	2599644.5
64.034785 	2591779.6
64.386625 	2583914.7
64.738464 	2576049.9
65.442143 	2560320.6
65.793983 	2552456.1
66.497662 	2536727.4
67.55318 	2513135.6
68.256859 	2497408.7
68.608698 	2489545.5
69.312377 	2473819.9
70.016056 	2458095.1
70.367896 	2450233.1
70.719735 	2442371.2
71.071575 	2434509.6
71.423414 	2426648.2
72.830772 	2395204.5
73.182612 	2387344
73.534451 	2379483.6
73.886291 	2371623.4
74.941809 	2348043.4
75.293648 	2340183.6
75.645488 	2332323.9
75.997327 	2324464.2
77.052846 	2300885.8
77.404685 	2293026.5
77.756525 	2285167.2
78.460204 	2269448.9
78.812043 	2261589.8
79.163883 	2253730.8
80.219401 	2230154.2
81.27492 	2206578.2
81.626759 	2198719.6
81.978599 	2190861.1
82.330438 	2183002.7
82.682278 	2175144.3
83.034117 	2167286
83.385957 	2159427.8
83.737796 	2151569.6
84.089635 	2143711.4
84.441475 	2135853.3
85.496993 	2112279.2
86.552512 	2088705.5
86.904351 	2080847.6
89.015388 	2033700.7
89.367228 	2025843
90.070907 	2010127.3
90.422746 	2002269.5
90.774586 	1994411.7
91.126425 	1986553.8
91.478265 	1978695.9
91.830104 	1970838
92.533783 	1955122.1
93.237462 	1939406
93.589301 	1931547.8
93.941141 	1923689.6
94.29298 	1915831.4
96.052178 	1876539
96.404017 	1868680.2
96.755857 	1860821.4
97.459536 	1845103.4
97.811375 	1837244.2
98.163215 	1829385
98.515054 	1821525.6
99.922412 	1790086.6
100.27425 	1782226.6
100.62609 	1774366.3
101.32977 	1758645.4
102.03345 	1742923.9
102.38529 	1735063
103.79265 	1703617.5
104.14449 	1695755.8
104.49633 	1687893.9
105.2 	1672169.8
105.90368 	1656445.1
106.25552 	1648582.6
106.60736 	1640720
108.01472 	1609268.5
108.36656 	1601405.4
108.7184 	1593542.2
109.07024 	1585679
109.77392 	1569952.5
110.12576 	1562089.1
110.82944 	1546362.4
111.18128 	1538499
111.53311 	1530635.6
111.88495 	1522772.2
112.58863 	1507045.4
112.94047 	1499182.1
113.29231 	1491318.7
113.64415 	1483455.4
113.99599 	1475592.2
114.34783 	1467729
114.69967 	1459865.9
115.05151 	1452002.8
115.40335 	1444139.7
115.75519 	1436276.8
116.45887 	1420551.1
116.81071 	1412688.3
117.16255 	1404825.7
117.51439 	1396963.1
118.21806 	1381238.2
118.5699 	1373375.9
118.92174 	1365513.7
119.27358 	1357651.6
119.62542 	1349789.6
119.97726 	1341927.7
120.3291 	1334065.9
120.68094 	1326204.2
121.03278 	1318342.6
121.38462 	1310481.1
121.73646 	1302619.7
122.0883 	1294758.4
122.79198 	1279036.1
123.14382 	1271175.1
123.49566 	1263314.2
123.8475 	1255453.4
124.19934 	1247592.7
124.55118 	1239732.2
124.90302 	1231871.7
125.25485 	1224011.3
125.60669 	1216151
126.66221 	1192570.6
127.01405 	1184710.7
127.36589 	1176850.8
127.71773 	1168991.1
128.06957 	1161131.4
128.42141 	1153271.7
128.77325 	1145412.2
129.12509 	1137552.7
129.47693 	1129693.3
130.18061 	1113974.6
130.53245 	1106115.4
130.88429 	1098256.3
131.23613 	1090397.1
132.29164 	1066820.1
132.64348 	1058961.2
132.99532 	1051102.3
133.699 	1035384.7
134.05084 	1027526
134.40268 	1019667.3
134.75452 	1011808.6
135.4582 	996091.45
135.81004 	988232.92
136.16188 	980374.44
136.51372 	972515.99
136.86556 	964657.58
137.56924 	948940.9
137.92108 	941082.63
138.27292 	933224.39
138.97659 	917508.07
139.68027 	901791.92
140.03211 	893933.92
140.38395 	886075.97
140.73579 	878218.06
141.08763 	870360.19
141.43947 	862502.38
141.79131 	854644.61
142.14315 	846786.88
142.49499 	838929.19
142.84683 	831071.55
144.25419 	799641.36
145.3097 	776069.05
145.66154 	768211.66
146.01338 	760354.28
146.36522 	752496.92
146.71706 	744639.57
147.0689 	736782.22
147.42074 	728924.87
148.12442 	713210.14
148.8281 	697495.35
149.17994 	689637.92
149.88362 	673922.94
150.23546 	666065.39
150.5873 	658207.79
151.29098 	642492.41
151.99465 	626776.75
152.69833 	611060.76
153.05017 	603202.63
153.40201 	595344.4
153.75385 	587486.07
154.45753 	571769.07
154.80937 	563910.39
155.16121 	556051.58
155.51305 	548192.64
155.86489 	540333.57
156.21673 	532474.36
156.56857 	524615
157.62409 	501036.03
157.97593 	493176.06
158.32777 	485315.93
158.67961 	477455.63
159.03144 	469595.17
159.38328 	461734.54
159.73512 	453873.74
160.08696 	446012.77
160.4388 	438151.63
160.79064 	430290.31
161.14248 	422428.82
161.49432 	414567.15
161.84616 	406705.32
162.90168 	383118.77
163.25352 	375256.24
163.9572 	359530.68
164.30904 	351667.66
164.66088 	343804.47
165.01272 	335941.12
165.71639 	320213.96
166.06823 	312350.15
167.12375 	288757.85
167.47559 	280893.48
167.82743 	273028.97
168.17927 	265164.34
168.53111 	257299.59
169.23479 	241569.75
169.58663 	233704.66
169.93847 	225839.48
170.64215 	210108.83
170.99399 	202243.37
171.34583 	194377.84
171.69767 	186512.24
172.04951 	178646.58
172.40134 	170780.85
172.75318 	162915.07
173.10502 	155049.25
174.16054 	131451.57
174.51238 	123585.63
174.86422 	115719.66
