0 	3836483.6
0.35183948 	3829076.9
0.70367896 	3821288
1.0555184 	3813503.3
1.4073579 	3805731.8
1.7591974 	3798101.8
2.1110369 	3790443.8
2.4628764 	3782662.3
2.8147158 	3774888.9
3.1665553 	3767074.5
3.5183948 	3759428.2
3.8702343 	3751825
4.2220737 	3744121.4
4.9257527 	3728593.8
5.6294317 	3713066.1
5.9812711 	3705225.9
6.3331106 	3699136.8
8.092308 	3663314.8
8.795987 	3648402.5
9.1478265 	3640613.4
10.203345 	3617245.3
10.907024 	3601666.6
11.258863 	3593877.3
11.610703 	3586087.9
11.962542 	3578298.6
12.666221 	3562720
13.018061 	3554930.7
13.3699 	3547141.4
13.72174 	3539352.1
14.777258 	3515984.2
15.480937 	3500405.7
15.832777 	3492616.5
16.536456 	3477038
17.591974 	3453670.3
18.647492 	3430302.7
19.351171 	3414724.6
19.703011 	3406933.6
20.05485 	3399120.5
20.40669 	3391393.2
20.758529 	3386385.6
21.462208 	3385630.3
22.165887 	3385560.1
22.869566 	3385489.5
23.573245 	3385416.8
23.925085 	3385379.7
24.276924 	3385342.1
24.628764 	3385304.1
25.332442 	3385227.2
25.684282 	3385187.8
26.387961 	3385122.3
26.7398 	3385069.9
27.09164 	3385004.9
27.443479 	3383785.2
27.795319 	3377489.9
28.147158 	3369764.8
28.850837 	3354157.3
29.202677 	3346351.7
29.554516 	3338546.1
29.906356 	3330740.5
30.258195 	3322935
30.610035 	3315129.5
30.961874 	3307324
31.665553 	3291713.1
32.017393 	3283907.8
32.369232 	3276102.5
32.721072 	3268297.2
33.072911 	3260492
33.424751 	3252686.8
33.77659 	3244881.6
34.128429 	3237076.5
34.480269 	3229271.4
34.832108 	3221466.3
35.183948 	3213661.3
35.535787 	3205856.3
35.887627 	3198051.4
36.239466 	3190246.5
36.591306 	3182441.6
37.294985 	3166831.8
37.646824 	3159027
37.998664 	3151222.2
38.702343 	3135612.6
39.406022 	3120003.1
39.757861 	3112198.3
41.165219 	3080979.4
41.517059 	3073174.8
41.868898 	3065370.1
42.220737 	3057565.4
42.924416 	3041956
43.276256 	3034151.4
43.628095 	3026346.7
43.979935 	3018542
44.683614 	3002932.7
45.035453 	2995128.1
45.387293 	2987323.5
46.090972 	2971714.2
46.442811 	2963909.6
47.14649 	2948300.4
47.49833 	2940495.7
48.202009 	2924886.6
48.553848 	2917082
49.257527 	2901472.8
49.609367 	2893668.3
49.961206 	2885863.7
50.313045 	2878059.2
50.664885 	2870254.6
51.016724 	2862450.1
51.720403 	2846841
52.072243 	2839036.5
52.424082 	2831232
52.775922 	2823427.5
53.127761 	2815623
54.18328 	2792209.7
54.535119 	2784405.2
54.886959 	2776600.8
55.238798 	2768796.3
55.590638 	2760991.9
55.942477 	2753187.5
56.997996 	2729774.3
57.349835 	2721969.9
57.701675 	2714165.5
58.053514 	2706361.2
58.405354 	2698556.8
58.757193 	2690752.5
59.109032 	2682948.1
59.460872 	2675143.8
60.164551 	2659535.1
60.51639 	2651730.8
60.86823 	2643926.4
61.220069 	2636122.1
61.571909 	2628317.8
61.923748 	2620513.5
62.275588 	2612709.2
62.627427 	2604904.9
62.979267 	2597100.6
63.331106 	2589296.3
63.682946 	2581492
64.034785 	2573687.7
64.386625 	2565883.4
64.738464 	2558079.1
65.442143 	2542470.5
65.793983 	2534666.2
66.497662 	2519057.6
67.55318 	2495644.7
68.256859 	2480036.1
68.608698 	2472231.7
69.312377 	2456623.1
70.016056 	2441014.5
70.367896 	2433210.1
70.719735 	2425405.8
71.071575 	2417601.5
71.423414 	2409797.1
72.830772 	2378579.7
73.182612 	2370775.4
73.534451 	2362971
73.886291 	2355166.7
74.941809 	2331753.5
75.293648 	2323949.1
75.645488 	2316144.8
75.997327 	2308340.4
77.052846 	2284927.2
77.404685 	2277122.7
77.756525 	2269318.3
78.460204 	2253709.5
78.812043 	2245905.1
79.163883 	2238100.6
80.219401 	2214687.3
81.27492 	2191274
81.626759 	2183469.6
81.978599 	2175665.1
82.330438 	2167860.7
82.682278 	2160056.2
83.034117 	2152251.8
83.385957 	2144447.3
83.737796 	2136642.8
84.089635 	2128838.4
84.441475 	2121033.9
85.496993 	2097620.5
86.552512 	2074207.1
86.904351 	2066402.7
89.015388 	2019575.9
89.367228 	2011771.4
90.070907 	1996162.5
90.422746 	1988358
90.774586 	1980553.6
91.126425 	1972749.1
91.478265 	1964944.7
91.830104 	1957140.2
92.533783 	1941531.4
93.237462 	1925922.5
93.589301 	1918118.1
93.941141 	1910313.6
94.29298 	1902509.2
96.052178 	1863487.2
96.404017 	1855682.8
96.755857 	1847878.4
97.459536 	1832269.7
97.811375 	1824465.3
98.163215 	1816660.9
98.515054 	1808856.6
99.922412 	1777639.2
100.27425 	1769834.9
100.62609 	1762030.6
101.32977 	1746422
102.03345 	1730813.4
102.38529 	1723009.2
103.79265 	1691792.2
104.14449 	1683988
104.49633 	1676183.8
105.2 	1660575.4
105.90368 	1644967
106.25552 	1637162.8
106.60736 	1629358.7
108.01472 	1598142.2
108.36656 	1590338.1
108.7184 	1582534
109.07024 	1574730
109.77392 	1559121.9
110.12576 	1551317.8
110.82944 	1535709.8
111.18128 	1527905.8
111.53311 	1520101.8
111.88495 	1512297.8
112.58863 	1496689.9
112.94047 	1488886
113.29231 	1481082.1
113.64415 	1473278.2
113.99599 	1465474.3
114.34783 	1457670.4
114.69967 	1449866.5
115.05151 	1442062.7
115.40335 	1434258.8
115.75519 	1426455
116.45887 	1410847.4
116.81071 	1403043.6
117.16255 	1395239.8
117.51439 	1387436
118.21806 	1371828.6
118.5699 	1364024.8
118.92174 	1356221.1
119.27358 	1348417.4
119.62542 	1340613.7
119.97726 	1332810.1
120.3291 	1325006.4
120.68094 	1317202.8
121.03278 	1309399.1
121.38462 	1301595.5
121.73646 	1293791.9
122.0883 	1285988.3
122.79198 	1270381.2
123.14382 	1262577.7
123.49566 	1254774.1
123.8475 	1246970.6
124.19934 	1239167.1
124.55118 	1231363.6
124.90302 	1223560.1
125.25485 	1215756.7
125.60669 	1207953.2
126.66221 	1184542.9
127.01405 	1176739.5
127.36589 	1168936.1
127.71773 	1161132.8
128.06957 	1153329.4
128.42141 	1145526.1
128.77325 	1137722.7
129.12509 	1129919.4
129.47693 	1122116.1
130.18061 	1106509.5
130.53245 	1098706.3
130.88429 	1090903
131.23613 	1083099.8
132.29164 	1059690.1
132.64348 	1051886.9
132.99532 	1044083.7
133.699 	1028477.4
134.05084 	1020674.3
134.40268 	1012871.2
134.75452 	1005068
135.4582 	989461.85
135.81004 	981658.78
136.16188 	973855.71
136.51372 	966052.66
136.86556 	958249.61
137.56924 	942643.56
137.92108 	934840.56
138.27292 	927037.56
138.97659 	911431.6
139.68027 	895825.69
140.03211 	888022.75
140.38395 	880219.82
140.73579 	872416.9
141.08763 	864613.99
141.43947 	856811.1
141.79131 	849008.21
142.14315 	841205.33
142.49499 	833402.47
142.84683 	825599.61
144.25419 	794388.29
145.3097 	770979.89
145.66154 	763177.11
146.01338 	755374.34
146.36522 	747571.57
146.71706 	739768.82
147.0689 	731966.07
147.42074 	724163.34
148.12442 	708557.89
148.8281 	692952.47
149.17994 	685149.77
149.88362 	669544.4
150.23546 	661741.72
150.5873 	653939.06
151.29098 	638333.74
151.99465 	622728.45
152.69833 	607123.19
153.05017 	599320.57
153.40201 	591517.96
153.75385 	583715.35
154.45753 	568110.15
154.80937 	560307.56
155.16121 	552504.98
155.51305 	544702.4
155.86489 	536899.82
156.21673 	529097.26
156.56857 	521294.69
157.62409 	497887.04
157.97593 	490084.5
158.32777 	482281.96
158.67961 	474479.43
159.03144 	466676.91
159.38328 	458874.39
159.73512 	451071.87
160.08696 	443269.36
160.4388 	435466.86
160.79064 	427664.36
161.14248 	419861.86
161.49432 	412059.37
161.84616 	404256.89
162.90168 	380849.46
163.25352 	373047
163.9572 	357442.08
164.30904 	349639.63
164.66088 	341837.18
165.01272 	334034.74
165.71639 	318429.88
166.06823 	310627.45
167.12375 	287220.21
167.47559 	279417.81
167.82743 	271615.41
168.17927 	263813.02
168.53111 	256010.63
169.23479 	240405.88
169.58663 	232603.51
169.93847 	224801.14
170.64215 	209196.44
170.99399 	201394.09
171.34583 	193591.75
171.69767 	185789.42
172.04951 	177987.1
172.40134 	170184.78
172.75318 	162382.47
173.10502 	154580.16
174.16054 	131173.29
174.51238 	123371.01
174.86422 	115568.7
