0 	8236222.8
6.4128257 	8158269.6
34.468938 	7526747.4
37.675351 	7518638.5
40.881764 	7516529.4
50.501002 	7376095.7
53.707415 	7295844.6
62.52505 	7073888.9
65.731463 	6992698.6
68.937876 	6911767.7
69.739479 	6891414.4
96.993988 	6339450.8
103.40681 	6230704.5
106.61323 	6207421.4
116.23246 	6000551.3
123.44689 	5844470.8
125.05 	5805779.7
125.8517 	5785007.1
128.25651 	5719380.2
131.46293 	5631047.5
151.50301 	5179098.6
153.90782 	5175923.2
156.31263 	5175690.1
159.51904 	5176163.1
166.73347 	5175157.4
169.13828 	5177574.1
175.5511 	5177002.2
176.35271 	5176695.8
187.57515 	5172135.6
190.78156 	5170963.8
200.4008 	5167669.6
201.2024 	5167447.8
202.00401 	5167364.4
202.80561 	5167363.2
203.60721 	5167411.4
204.40882 	5167657.6
205.21042 	5168115.7
206.01202 	5168801.7
206.81363 	5169768.5
207.61523 	5170674.6
208.41683 	5171309.2
209.21844 	5171559.9
210.02004 	5171628.8
210.82164 	5171539.1
211.62325 	5171208.3
212.42485 	5170788.5
213.22645 	5170452.6
214.02806 	5170355.8
214.82966 	5170173.9
215.63126 	5169810.8
216.43287 	5169663.8
217.23447 	5169648.9
218.03607 	5169472.5
219.63928 	5168974.4
220.44088 	5168645.6
221.24248 	5168189.7
222.04409 	5167343.8
222.84569 	5165762.2
223.64729 	5162411.3
224.4489 	5155538.2
225.2505 	5142793.5
226.0521 	5123232.2
227.65531 	5076941.7
228.45691 	5053637.1
229.25852 	5030373.3
230.86172 	4983870.3
231.66333 	4960622.5
232.46493 	4937375.6
234.06814 	4890876.2
234.86974 	4867620.8
235.67134 	4844361.2
236.47295 	4821098.1
237.27455 	4797833.2
238.07615 	4774569
238.87776 	4751308
239.67936 	4728052.1
240.48096 	4704802.1
241.28257 	4681557.5
242.08417 	4658317.2
242.88577 	4635080
243.68737 	4611845
244.48898 	4588612
245.29058 	4565381.2
246.09218 	4542152.9
246.89379 	4518926.9
247.69539 	4495702.5
248.49699 	4472478
249.2986 	4449252
250.1002 	4426022.7
250.9018 	4402789
251.70341 	4379550.6
252.50501 	4356308.4
253.30661 	4333064.2
254.10822 	4309820.3
254.90982 	4286578.6
255.71142 	4263340.3
256.51303 	4240105.5
257.31463 	4216874.2
258.11623 	4193645.9
258.91784 	4170420.6
259.71944 	4147198.9
260.52104 	4123981.6
261.32265 	4100769.9
262.12425 	4077564.4
262.92585 	4054365.7
263.72745 	4031173.6
264.52906 	4007987.2
265.33066 	3984805.2
266.13226 	3961626.5
266.93387 	3938449.9
267.73547 	3915275
268.53707 	3892102.2
269.33868 	3868932.5
270.14028 	3845767.2
270.94188 	3822607.5
271.74349 	3799454
272.54509 	3776306.7
273.34669 	3753164.9
274.1483 	3730027.1
274.9499 	3706891.8
274.95 	3706888.9
275.7515 	3683757.6
276.55311 	3660623.1
277.35471 	3637487.8
278.95792 	3591213.5
279.75952 	3568075
280.56112 	3544936.2
281.36273 	3521797.5
282.16433 	3498659.5
282.96593 	3475522.6
283.76754 	3452387
284.56914 	3429253.1
285.37074 	3406120.9
286.17234 	3382990.7
286.97395 	3359862.2
288.57715 	3313610.3
289.37876 	3290486.4
290.18036 	3267363.5
290.98196 	3244241.3
291.78357 	3221119.5
292.58517 	3197998.1
293.38677 	3174877
294.18838 	3151756.1
294.98998 	3128635.5
295.79158 	3105515.5
296.59319 	3082396.2
297.39479 	3059277.8
298.19639 	3036160.3
298.998 	3013043.9
299.7996 	2989928.3
300.6012 	2966813.4
301.40281 	2943699
302.20441 	2920584.8
303.00601 	2897470.3
303.80762 	2874355.2
304.60922 	2851239.1
306.21242 	2805002.4
307.01403 	2781881.1
307.81563 	2758757.6
308.61723 	2735631.6
309.41884 	2712503.2
310.22044 	2689372.2
311.02204 	2666238.8
311.82365 	2643103.1
312.62525 	2619965.3
313.42685 	2596825.5
314.22846 	2573684
315.03006 	2550541
315.83166 	2527396.8
316.63327 	2504251.7
317.43487 	2481106
318.23647 	2457960
319.03808 	2434814.1
319.83968 	2411668.5
320.64128 	2388523.5
321.44289 	2365379.3
322.24449 	2342235.8
323.04609 	2319093.2
323.8477 	2295951.3
324.6493 	2272809.9
325.4509 	2249668.9
326.25251 	2226528.1
327.05411 	2203387.3
327.85571 	2180246.2
328.65731 	2157104.9
329.45892 	2133963.1
330.26052 	2110820.8
331.06212 	2087678.2
331.86373 	2064535.1
332.66533 	2041391.7
333.46693 	2018248.3
334.26854 	1995104.8
335.07014 	1971961.5
335.87174 	1948818.6
336.67335 	1925676.2
337.47495 	1902534.6
338.27655 	1879393.9
339.07816 	1856254.1
339.87976 	1833115.5
340.68136 	1809978.2
341.48297 	1786842.2
342.28457 	1763707.6
343.08617 	1740574.3
343.88778 	1717442.6
344.68938 	1694312.3
345.49098 	1671183.4
346.29259 	1648056.1
347.09419 	1624930.2
347.89579 	1601805.9
348.69739 	1578683.1
349.499 	1555561.9
350.3006 	1532442.3
351.1022 	1509324.4
351.90381 	1486208.3
352.70541 	1463093.9
353.50701 	1439981.4
354.30862 	1416870.6
355.11022 	1393761.6
355.91182 	1370654.3
356.71343 	1347548.6
357.51503 	1324444.3
358.31663 	1301341.4
359.11824 	1278239.7
359.91984 	1255138.9
360.72144 	1232039
361.52305 	1208939.6
362.32465 	1185840.7
363.12625 	1162742.2
363.92786 	1139643.8
364.72946 	1116545.6
365.53106 	1093447.3
366.33267 	1070349.1
367.13427 	1047250.8
367.93587 	1024152.4
368.73747 	1001054
369.53908 	977955.46
370.34068 	954856.9
371.14228 	931758.29
371.94389 	908659.63
372.74549 	885560.93
373.54709 	862462.18
374.3487 	839363.37
375.1503 	816264.47
375.9519 	793165.45
376.75351 	770066.27
377.55511 	746966.89
379.15832 	700767.32
379.95992 	677667.03
381.56313 	631465.17
382.36473 	608363.52
383.16633 	585261.36
383.96794 	562158.66
384.76954 	539055.41
385.57114 	515951.61
386.37275 	492847.25
387.17435 	469742.34
387.97595 	446636.88
388.77756 	423530.88
389.57916 	400424.35
390.38076 	377317.28
391.18236 	354209.7
391.98397 	331101.62
392.78557 	307993.05
393.58717 	284884.01
394.38878 	261774.54
395.19038 	238664.66
395.99198 	215554.44
396.79359 	192443.91
397.59519 	169333.13
399.1984 	123111.12
400 	100562.9
