0 	3836468.2
0.35183948 	3828806.5
0.70367896 	3820761
1.0555184 	3812715.6
1.4073579 	3804691.1
1.7591974 	3796635.6
2.1110369 	3788593.7
2.4628764 	3780554.8
2.8147158 	3772514.7
3.1665553 	3764471.9
3.5183948 	3756413.5
3.8702343 	3748432.4
4.2220737 	3740365.5
4.9257527 	3724277.3
5.6294317 	3708188.9
5.9812711 	3700153.1
6.3331106 	3692135.7
8.092308 	3652278.1
8.795987 	3636197.6
9.1478265 	3628157
10.203345 	3604053.2
10.907024 	3587974
11.258863 	3579934.6
11.610703 	3571878.9
11.962542 	3563870.3
12.666221 	3548077.4
13.018061 	3540052.3
13.3699 	3532018.7
13.72174 	3523985.7
14.777258 	3499915
15.480937 	3483850
15.832777 	3475817.6
16.536456 	3459752.9
17.591974 	3435656.1
18.647492 	3411559.5
19.351171 	3395495.2
19.703011 	3387463
20.05485 	3379430.9
20.40669 	3371398.7
20.758529 	3363366.6
21.462208 	3347302.3
22.165887 	3331238
22.869566 	3315173.9
23.573245 	3299110.3
23.925085 	3291072
24.276924 	3283043.1
24.628764 	3277550
25.332442 	3262436.2
25.684282 	3254396
26.387961 	3238911.3
26.7398 	3233210.9
27.09164 	3225243.7
27.443479 	3217206.7
27.795319 	3209169.6
28.147158 	3201132.5
28.850837 	3185058.5
29.202677 	3177021.5
29.554516 	3168984.5
29.906356 	3160947.5
30.258195 	3152910.6
30.610035 	3144873.6
30.961874 	3136836.7
31.665553 	3120762.8
32.017393 	3112725.9
32.369232 	3104689
32.721072 	3096652
33.072911 	3088615.1
33.424751 	3080578.1
33.77659 	3072541.2
34.128429 	3064504.2
34.480269 	3056467.2
34.832108 	3048430.1
35.183948 	3040393.1
35.535787 	3032356
35.887627 	3024318.9
36.239466 	3016281.8
36.591306 	3008244.7
37.294985 	2992170.3
37.646824 	2984133.1
37.998664 	2976095.8
38.702343 	2960021.2
39.406022 	2943946.4
39.757861 	2935909
41.165219 	2903758.8
41.517059 	2895721.2
41.868898 	2887683.5
42.220737 	2879645.7
42.924416 	2863570
43.276256 	2855532.1
43.628095 	2847494.1
43.979935 	2839456
44.683614 	2823379.7
45.035453 	2815341.4
45.387293 	2807303.1
46.090972 	2791226.2
46.442811 	2783187.6
47.14649 	2767110.2
47.49833 	2759071.4
48.202009 	2742993.5
48.553848 	2734954.4
49.257527 	2718876
49.609367 	2710836.6
49.961206 	2702797.2
50.313045 	2694757.6
50.664885 	2686718
51.016724 	2678678.3
51.720403 	2662598.5
52.072243 	2654558.4
52.424082 	2646518.3
52.775922 	2638478.1
53.127761 	2630437.8
54.18328 	2606316.2
54.535119 	2598275.4
54.886959 	2590234.6
55.238798 	2582193.6
55.590638 	2574152.6
55.942477 	2566111.4
56.997996 	2541987.3
57.349835 	2533945.7
57.701675 	2525904
58.053514 	2517862.2
58.405354 	2509820.3
58.757193 	2501778.2
59.109032 	2493736.1
59.460872 	2485693.8
60.164551 	2469608.9
60.51639 	2461566.3
60.86823 	2453523.6
61.220069 	2445480.7
61.571909 	2437437.8
61.923748 	2429394.7
62.275588 	2421351.4
62.627427 	2413308.1
62.979267 	2405264.7
63.331106 	2397221.1
63.682946 	2389177.4
64.034785 	2381133.6
64.386625 	2373089.7
64.738464 	2365045.7
65.442143 	2348957.3
65.793983 	2340912.9
66.497662 	2324823.9
67.55318 	2300689.6
68.256859 	2284599.7
68.608698 	2276554.6
69.312377 	2260464.2
70.016056 	2244373.5
70.367896 	2236328.1
70.719735 	2228282.7
71.071575 	2220237.2
71.423414 	2212191.7
72.830772 	2180009.4
73.182612 	2171963.8
73.534451 	2163918.2
73.886291 	2155872.6
74.941809 	2131736.1
75.293648 	2123690.7
75.645488 	2115645.3
75.997327 	2107600
77.052846 	2083464.4
77.404685 	2075419.4
77.756525 	2067374.4
78.460204 	2051284.8
78.812043 	2043240.2
79.163883 	2035195.6
80.219401 	2011062.7
81.27492 	1986930.8
81.626759 	1978887.2
81.978599 	1970843.6
82.330438 	1962800.1
82.682278 	1954756.8
83.034117 	1946713.7
83.385957 	1938670.6
83.737796 	1930627.6
84.089635 	1922584.8
84.441475 	1914542.1
85.496993 	1890414.5
86.552512 	1866287.8
86.904351 	1858245.8
89.015388 	1809996.1
89.367228 	1801955.1
90.070907 	1785870
90.422746 	1777771.9
90.774586 	1769644.1
91.126425 	1763751.7
91.478265 	1759753.9
91.830104 	1757939.5
92.533783 	1757771.2
93.237462 	1757729.6
93.589301 	1757710.8
93.941141 	1757690.8
94.29298 	1757673.4
96.052178 	1757590.5
96.404017 	1757576.8
96.755857 	1757562.6
97.459536 	1757526.8
97.811375 	1757507.3
98.163215 	1757490.1
98.515054 	1757475.9
99.922412 	1757403.2
100.27425 	1757381.5
100.62609 	1757359.2
101.32977 	1757319.9
102.03345 	1757282.3
102.38529 	1757259.5
103.79265 	1757024.9
104.14449 	1754379.9
104.49633 	1747151.9
105.2 	1730909.3
105.90368 	1714610.5
106.25552 	1706462
106.60736 	1698313.7
108.01472 	1665720
108.36656 	1657571.2
108.7184 	1649422.2
109.07024 	1641273
109.77392 	1624973.7
110.12576 	1616823.8
110.82944 	1600523.1
111.18128 	1592372.4
111.53311 	1584221.5
111.88495 	1576070.4
112.58863 	1559767.7
112.94047 	1551616.2
113.29231 	1543464.5
113.64415 	1535312.8
113.99599 	1527160.9
114.34783 	1519008.9
114.69967 	1510856.8
115.05151 	1502704.7
115.40335 	1494552.4
115.75519 	1486400
116.45887 	1470094.8
116.81071 	1461942
117.16255 	1453789
117.51439 	1445635.9
118.21806 	1429329.1
118.5699 	1421175.4
118.92174 	1413021.5
119.27358 	1404867.3
119.62542 	1396713
119.97726 	1388558.4
120.3291 	1380403.5
120.68094 	1372248.4
121.03278 	1364093.1
121.38462 	1355937.5
121.73646 	1347781.7
122.0883 	1339625.6
122.79198 	1323312.6
123.14382 	1315155.8
123.49566 	1306998.8
123.8475 	1298841.5
124.19934 	1290684
124.55118 	1282526.3
124.90302 	1274368.4
125.25485 	1266210.3
125.60669 	1258052.1
126.66221 	1233576.4
127.01405 	1225417.6
127.36589 	1217258.6
127.71773 	1209099.6
128.06957 	1200940.4
128.42141 	1192781.2
128.77325 	1184622
129.12509 	1176462.7
129.47693 	1168303.4
130.18061 	1151984.7
130.53245 	1143825.3
130.88429 	1135665.9
131.23613 	1127506.6
132.29164 	1103028.9
132.64348 	1094869.8
132.99532 	1086710.7
133.699 	1070392.8
134.05084 	1062233.9
134.40268 	1054075.1
134.75452 	1045916.5
135.4582 	1029599.4
135.81004 	1021441
136.16188 	1013282.7
136.51372 	1005124.4
136.86556 	996966.31
137.56924 	980650.29
137.92108 	972492.4
138.27292 	964334.59
138.97659 	948019.19
139.68027 	931704.04
140.03211 	923546.55
140.38395 	915389.1
140.73579 	907231.71
141.08763 	899074.35
141.43947 	890917.03
141.79131 	882759.74
142.14315 	874602.47
142.49499 	866445.23
142.84683 	858288
144.25419 	825659.19
145.3097 	801187.61
145.66154 	793030.42
146.01338 	784873.22
146.36522 	776716.02
146.71706 	768558.82
147.0689 	760401.62
147.42074 	752244.43
148.12442 	735930.04
148.8281 	719615.69
149.17994 	711458.53
149.88362 	695144.29
150.23546 	686987.21
150.5873 	678830.16
151.29098 	662516.19
151.99465 	646202.42
152.69833 	629888.9
153.05017 	621732.26
153.40201 	613575.69
153.75385 	605419.21
154.45753 	589106.55
154.80937 	580950.37
155.16121 	572794.31
155.51305 	564638.37
155.86489 	556482.55
156.21673 	548326.86
156.56857 	540171.31
157.62409 	515705.51
157.97593 	507550.55
158.32777 	499395.75
158.67961 	491241.11
159.03144 	483086.64
159.38328 	474932.33
159.73512 	466778.2
160.08696 	458624.24
160.4388 	450470.45
160.79064 	442316.85
161.14248 	434163.41
161.49432 	426010.16
161.84616 	417857.09
162.90168 	393398.95
163.25352 	385246.6
163.9572 	368942.41
164.30904 	360790.58
164.66088 	352638.92
165.01272 	344487.43
165.71639 	328184.94
166.06823 	320033.93
167.12375 	295581.84
167.47559 	287431.43
167.82743 	279281.17
168.17927 	271131.04
168.53111 	262981.04
169.23479 	246681.41
169.58663 	238531.77
169.93847 	230382.24
170.64215 	214083.49
170.99399 	205934.26
171.34583 	197785.12
171.69767 	189636.05
172.04951 	181487.06
172.40134 	173338.15
172.75318 	165189.29
173.10502 	157040.49
174.16054 	132594.38
174.51238 	124445.75
174.86422 	116297.15
