0 	7028551.9
6.4128257 	6980746.6
34.468938 	6321296.7
37.675351 	6258255.8
40.881764 	6180126.5
50.501002 	5964065.2
53.707415 	5896502.1
62.52505 	5846382
65.731463 	5795109.8
68.937876 	5722090.6
69.739479 	5703019.4
96.993988 	5264942.5
103.40681 	5118248.1
106.61323 	5034375.2
116.23246 	4798276.3
123.44689 	4662191.6
125.05 	4650724.5
125.8517 	4649151.3
128.25651 	4643550.6
131.46293 	4611468.4
151.50301 	4427404.9
153.90782 	4359015.2
156.31263 	4290952.9
159.51904 	4209299.2
166.73347 	4029996.3
169.13828 	3952573.7
175.5511 	3860818.8
176.35271 	3855640.4
187.57515 	3650242.6
190.78156 	3555567.5
200.4008 	3319429.4
201.2024 	3299229.5
202.00401 	3278484.7
202.80561 	3256280.2
203.60721 	3233063
204.40882 	3209532.7
205.21042 	3184214.5
206.01202 	3156800.8
206.81363 	3129625.3
207.61523 	3102489.2
208.41683 	3072957
209.21844 	3043072.5
210.02004 	3019888.7
210.82164 	3007599.3
211.62325 	3002687.5
212.42485 	3000850.7
213.22645 	3000144.9
214.02806 	2999812.5
214.82966 	2999561.4
215.63126 	2999340.8
216.43287 	2999114.3
217.23447 	2998942.2
218.03607 	2998900.9
219.63928 	2998965.2
220.44088 	2999059.7
221.24248 	2999136.4
222.04409 	2999199.3
222.84569 	2999208.4
223.64729 	2999172.8
224.4489 	2999122.7
225.2505 	2999085.3
226.0521 	2999082.6
227.65531 	2998999.2
228.45691 	2999048.2
229.25852 	2999157.5
230.86172 	2999675.8
231.66333 	3000114.2
232.46493 	3000608
234.06814 	3001715.4
234.86974 	3002309.1
235.67134 	3002867.2
236.47295 	3003332.3
237.27455 	3003663.1
238.07615 	3003855.4
238.87776 	3003966.9
239.67936 	3004051.9
240.48096 	3004072.7
241.28257 	3003951.5
242.08417 	3003657
242.88577 	3003219.4
243.68737 	3002748.4
244.48898 	3002334.4
245.29058 	3002025.3
246.09218 	3001827.7
246.89379 	3001712.7
247.69539 	3001621.1
248.49699 	3001508.7
249.2986 	3001399.7
250.1002 	3001334.5
250.9018 	3001323.4
251.70341 	3001415.2
252.50501 	3001703
253.30661 	3002263.5
254.10822 	3003041.3
254.90982 	3003890
255.71142 	3004666.3
256.51303 	3005257.8
257.31463 	3005658.8
258.11623 	3005987
258.91784 	3006333.2
259.71944 	3006698.8
260.52104 	3007065.9
261.32265 	3007359.3
262.12425 	3007574.5
262.92585 	3007787.6
263.72745 	3008077.8
264.52906 	3008494.4
265.33066 	3009018.7
266.13226 	3009571.8
266.93387 	3010071.7
267.73547 	3010484.6
268.53707 	3010819.9
269.33868 	3011120.3
270.14028 	3011422.6
270.94188 	3011735.5
271.74349 	3012028.4
272.54509 	3012264.4
273.34669 	3012430.3
274.1483 	3012509.7
274.9499 	3012492.5
274.95 	3012492.5
275.7515 	3012410
276.55311 	3012343.4
277.35471 	3012318.6
278.95792 	3012365.6
279.75952 	3012514.2
280.56112 	3012757.6
281.36273 	3013042.8
282.16433 	3013299.4
282.96593 	3013465.8
283.76754 	3013511.1
284.56914 	3013478
285.37074 	3013428.1
286.17234 	3013395.1
286.97395 	3013391.1
288.57715 	3013293.1
289.37876 	3013117
290.18036 	3012839.2
290.98196 	3012495.4
291.78357 	3012116.6
292.58517 	3011820.1
293.38677 	3011660
294.18838 	3011568.7
294.98998 	3011516.4
295.79158 	3011479.5
296.59319 	3011398.9
297.39479 	3011348.3
298.19639 	3011269.1
298.998 	3011097.6
299.7996 	3010914.8
300.6012 	3010727.5
301.40281 	3010557.8
302.20441 	3010375.7
303.00601 	3010186.9
303.80762 	3010005.2
304.60922 	3009760.4
306.21242 	3009047.5
307.01403 	3008574.1
307.81563 	3008115.1
308.61723 	3007793.9
309.41884 	3007611.1
310.22044 	3007506.2
311.02204 	3007414.9
311.82365 	3007355.9
312.62525 	3007311.5
313.42685 	3007243.3
314.22846 	3007111.4
315.03006 	3006886.9
315.83166 	3006581.6
316.63327 	3006187.7
317.43487 	3005700.6
318.23647 	3005173.3
319.03808 	3004678.8
319.83968 	3004246.2
320.64128 	3003881.4
321.44289 	3003594.8
322.24449 	3003359.4
323.04609 	3003105.6
323.8477 	3002800.7
324.6493 	3002466.6
325.4509 	3002155.2
326.25251 	3001888.9
327.05411 	3001709.8
327.85571 	3001657.4
328.65731 	3001702.3
329.45892 	3001823
330.26052 	3001967.2
331.06212 	3002220.3
331.86373 	3002343.2
332.66533 	3002174
333.46693 	3001788.5
334.26854 	3001230.3
335.07014 	3000836.9
335.87174 	3000731.2
336.67335 	3000660.5
337.47495 	3000299
338.27655 	2999559.5
339.07816 	2998318
339.87976 	2996264.3
340.68136 	2992098.1
341.48297 	2984370.6
342.28457 	2970635.3
343.08617 	2947678.4
343.88778 	2914007.4
344.68938 	2874579.5
345.49098 	2834066.6
346.29259 	2793631.6
347.09419 	2753299.5
347.89579 	2713039.4
348.69739 	2672829.6
349.499 	2632640.2
350.3006 	2592439.4
351.1022 	2552189.9
351.90381 	2511859.1
352.70541 	2471457.8
353.50701 	2431036.5
354.30862 	2390633.2
355.11022 	2350251.1
355.91182 	2309877.1
356.71343 	2269502.3
357.51503 	2229124.8
358.31663 	2188746.3
359.11824 	2148369
359.91984 	2107994.9
360.72144 	2067626.6
361.52305 	2027267.2
362.32465 	1986920.3
363.12625 	1946590.9
363.92786 	1906285.7
364.72946 	1866012.3
365.53106 	1825776.7
366.33267 	1785581.1
367.13427 	1745422
367.93587 	1705290.7
368.73747 	1665174.8
369.53908 	1625062
370.34068 	1584942.5
371.14228 	1544812
371.94389 	1504671.4
372.74549 	1464524.3
373.54709 	1424373.9
374.3487 	1384220.6
375.1503 	1344062.6
375.9519 	1303897.8
376.75351 	1263725.3
377.55511 	1223545.5
379.15832 	1143172.8
379.95992 	1102986.5
381.56313 	1022634.1
382.36473 	982476.92
383.16633 	942337.18
383.96794 	902216.48
384.76954 	862113.92
385.57114 	822026
386.37275 	781947.19
387.17435 	741871.05
387.97595 	701791.64
388.77756 	661704.87
389.57916 	621609.19
390.38076 	581505.58
391.18236 	541396.73
391.98397 	501285.76
392.78557 	461174.89
393.58717 	421064.68
394.38878 	380953.89
395.19038 	340840.05
395.99198 	300720.31
396.79359 	260592.38
397.59519 	220455.22
399.1984 	140156.58
400 	100978.13
