0 	8540056.2
6.4128257 	8492804.3
34.468938 	7842404.2
37.675351 	7762472.3
40.881764 	7726282.1
50.501002 	7530602.3
53.707415 	7517515
62.52505 	7384214.1
65.731463 	7319756.9
68.937876 	7242819
69.739479 	7223520.8
96.993988 	6639704.6
103.40681 	6481962.1
106.61323 	6384537.4
116.23246 	6112237.5
123.44689 	5947830
125.05 	5916850.7
125.8517 	5901928.3
128.25651 	5859878.5
131.46293 	5837727.7
151.50301 	5833420.4
153.90782 	5833389
156.31263 	5833186
159.51904 	5832624.2
166.73347 	5829859.5
169.13828 	5829334.1
175.5511 	5829335.1
176.35271 	5829186.7
187.57515 	5797847.6
190.78156 	5713106.6
200.4008 	5455529.6
201.2024 	5433961.9
202.00401 	5412380.3
202.80561 	5390787.5
203.60721 	5369185.9
204.40882 	5347577.8
205.21042 	5325965.1
206.01202 	5304349.3
206.81363 	5282730.8
207.61523 	5261109.2
208.41683 	5239483.8
209.21844 	5217854.3
210.02004 	5196221.7
210.82164 	5174587.6
211.62325 	5152954
212.42485 	5131322.7
213.22645 	5109695.1
214.02806 	5088072.9
214.82966 	5066457.5
215.63126 	5044849.6
216.43287 	5023249.6
217.23447 	5001657.2
218.03607 	4980071.8
219.63928 	4936918.9
220.44088 	4915350.2
221.24248 	4893786.3
222.04409 	4872226.8
222.84569 	4850671.6
223.64729 	4829120.3
224.4489 	4807572.6
225.2505 	4786028.1
226.0521 	4764486.3
227.65531 	4721408.7
228.45691 	4699872
229.25852 	4678336.1
230.86172 	4635265.5
231.66333 	4613730.6
232.46493 	4592196.2
234.06814 	4549130
234.86974 	4527599.5
235.67134 	4506071.6
236.47295 	4484546.9
237.27455 	4463026.2
238.07615 	4441509.9
238.87776 	4419998.6
239.67936 	4398492.7
240.48096 	4376992.2
241.28257 	4355497.2
242.08417 	4334007.6
242.88577 	4312523.3
243.68737 	4291044
244.48898 	4269569.4
245.29058 	4248099.2
246.09218 	4226633
246.89379 	4205170.3
247.69539 	4183710.7
248.49699 	4162253.7
249.2986 	4140798.6
250.1002 	4119344.9
250.9018 	4097892
251.70341 	4076439.4
252.50501 	4054986.9
253.30661 	4033534
254.10822 	4012080.7
254.90982 	3990626.7
255.71142 	3969172.1
256.51303 	3947716.7
257.31463 	3926260.6
258.11623 	3904803.8
258.91784 	3883346.1
259.71944 	3861887.4
260.52104 	3840427.6
261.32265 	3818966.5
262.12425 	3797503.8
262.92585 	3776039.3
263.72745 	3754572.8
264.52906 	3733104
265.33066 	3711632.9
266.13226 	3690159.3
266.93387 	3668683.2
267.73547 	3647204.6
268.53707 	3625723.4
269.33868 	3604239.7
270.14028 	3582753.4
270.94188 	3561264.3
271.74349 	3539772.3
272.54509 	3518277.4
273.34669 	3496779.4
274.1483 	3475278.2
274.9499 	3453773.7
274.95 	3453771
275.7515 	3432265.9
276.55311 	3410754.8
277.35471 	3389240.3
278.95792 	3346201.4
279.75952 	3324677
280.56112 	3303149.2
281.36273 	3281618.1
282.16433 	3260083.6
282.96593 	3238545.8
283.76754 	3217004.6
284.56914 	3195460.2
285.37074 	3173912.6
286.17234 	3152362.2
286.97395 	3130809
288.57715 	3087695.9
289.37876 	3066136.8
290.18036 	3044576.4
290.98196 	3023015.1
291.78357 	3001453.4
292.58517 	2979891.7
293.38677 	2958330.4
294.18838 	2936769.7
294.98998 	2915209.9
295.79158 	2893651.4
296.59319 	2872094.4
297.39479 	2850539
298.19639 	2828985.5
298.998 	2807434
299.7996 	2785884.6
300.6012 	2764337.5
301.40281 	2742792.8
302.20441 	2721250.4
303.00601 	2699710.6
303.80762 	2678173.3
304.60922 	2656638.5
306.21242 	2613576.8
307.01403 	2592049.6
307.81563 	2570524.9
308.61723 	2549002.5
309.41884 	2527482.3
310.22044 	2505964.1
311.02204 	2484447.9
311.82365 	2462933.4
312.62525 	2441420.6
313.42685 	2419909.2
314.22846 	2398399.3
315.03006 	2376890.7
315.83166 	2355383.3
316.63327 	2333877.1
317.43487 	2312372
318.23647 	2290868
319.03808 	2269365.1
319.83968 	2247863.3
320.64128 	2226362.6
321.44289 	2204863
322.24449 	2183364.4
323.04609 	2161866.8
323.8477 	2140370.3
324.6493 	2118874.6
325.4509 	2097379.9
326.25251 	2075885.9
327.05411 	2054392.6
327.85571 	2032899.9
328.65731 	2011407.7
329.45892 	1989915.9
330.26052 	1968424.3
331.06212 	1946933
331.86373 	1925441.8
332.66533 	1903950.6
333.46693 	1882459.5
334.26854 	1860968.4
335.07014 	1839477.4
335.87174 	1817986.5
336.67335 	1796495.7
337.47495 	1775005.3
338.27655 	1753515.2
339.07816 	1732025.7
339.87976 	1710536.8
340.68136 	1689048.7
341.48297 	1667561.6
342.28457 	1646075.5
343.08617 	1624590.6
343.88778 	1603106.9
344.68938 	1581624.4
345.49098 	1560143.3
346.29259 	1538663.4
347.09419 	1517184.9
347.89579 	1495707.5
348.69739 	1474231.4
349.499 	1452756.3
350.3006 	1431282.3
351.1022 	1409809.2
351.90381 	1388337
352.70541 	1366865.5
353.50701 	1345394.7
354.30862 	1323924.5
355.11022 	1302454.8
355.91182 	1280985.4
356.71343 	1259516.4
357.51503 	1238047.4
358.31663 	1216578.6
359.11824 	1195109.7
359.91984 	1173640.6
360.72144 	1152171.4
361.52305 	1130701.7
362.32465 	1109231.7
363.12625 	1087761.2
363.92786 	1066290.1
364.72946 	1044818.5
365.53106 	1023346.1
366.33267 	1001873.2
367.13427 	980399.56
367.93587 	958925.32
368.73747 	937450.48
369.53908 	915975.12
370.34068 	894499.31
371.14228 	873023.14
371.94389 	851546.72
372.74549 	830070.17
373.54709 	808593.58
374.3487 	787117.09
375.1503 	765640.8
375.9519 	744164.82
376.75351 	722689.23
377.55511 	701214.12
379.15832 	658265.56
379.95992 	636792.18
381.56313 	593847.26
382.36473 	572375.67
383.16633 	550904.61
383.96794 	529434
384.76954 	507963.78
385.57114 	486493.85
386.37275 	465024.12
387.17435 	443554.49
387.97595 	422084.85
388.77756 	400615.11
389.57916 	379145.17
390.38076 	357674.94
391.18236 	336204.36
391.98397 	314733.37
392.78557 	293261.91
393.58717 	271789.96
394.38878 	250317.53
395.19038 	228844.61
395.99198 	207371.25
396.79359 	185897.49
397.59519 	164423.41
399.1984 	121474.57
400 	100523.04
