0 	9506089.8
6.4128257 	9367057.9
34.468938 	8836276.4
37.675351 	8762314.3
40.881764 	8686520.2
50.501002 	8634650.9
53.707415 	8633632.1
62.52505 	8532224.5
65.731463 	8452195.8
68.937876 	8372193.6
69.739479 	8352193
96.993988 	7670876.8
103.40681 	7510449.5
106.61323 	7430267.9
116.23246 	7189884.7
123.44689 	7009700.4
125.05 	6969663.4
125.8517 	6949640.6
128.25651 	6889576.6
131.46293 	6809482.1
151.50301 	6308763.8
153.90782 	6248679.8
156.31263 	6188596.5
159.51904 	6108484.4
166.73347 	5928214.1
169.13828 	5868113.8
175.5511 	5707809.8
176.35271 	5687767.6
187.57515 	5407082.4
190.78156 	5326863.3
200.4008 	5086224.6
201.2024 	5066176.5
202.00401 	5046129.6
202.80561 	5026083.9
203.60721 	5006039.6
204.40882 	4985996.6
205.21042 	4965955.1
206.01202 	4945914.9
206.81363 	4925876.2
207.61523 	4905838.9
208.41683 	4885803.1
209.21844 	4865768.6
210.02004 	4845735.5
210.82164 	4825703.8
211.62325 	4805673.4
212.42485 	4785644.2
213.22645 	4765616.3
214.02806 	4745589.5
214.82966 	4725563.8
215.63126 	4705539.1
216.43287 	4685515.4
217.23447 	4665492.6
218.03607 	4645470.6
219.63928 	4605428.9
220.44088 	4585409
221.24248 	4565389.7
222.04409 	4545370.9
222.84569 	4525352.5
223.64729 	4505334.6
224.4489 	4485317
225.2505 	4465299.7
226.0521 	4445282.7
227.65531 	4405249.3
228.45691 	4385232.8
229.25852 	4365216.4
230.86172 	4325184
231.66333 	4305167.8
232.46493 	4285151.7
234.06814 	4245119.5
234.86974 	4225103.3
235.67134 	4205087.2
236.47295 	4185071
237.27455 	4165054.8
238.07615 	4145038.5
238.87776 	4125022.2
239.67936 	4105005.9
240.48096 	4084989.5
241.28257 	4064973
242.08417 	4044956.5
242.88577 	4024939.9
243.68737 	4004923.3
244.48898 	3984906.6
245.29058 	3964889.9
246.09218 	3944873.1
246.89379 	3924856.2
247.69539 	3904839.2
248.49699 	3884822.1
249.2986 	3864804.9
250.1002 	3844787.6
250.9018 	3824770.2
251.70341 	3804752.6
252.50501 	3784734.8
253.30661 	3764716.9
254.10822 	3744698.7
254.90982 	3724680.4
255.71142 	3704661.8
256.51303 	3684642.9
257.31463 	3664623.7
258.11623 	3644604.3
258.91784 	3624584.5
259.71944 	3604564.3
260.52104 	3584543.8
261.32265 	3564522.8
262.12425 	3544501.4
262.92585 	3524479.6
263.72745 	3504457.4
264.52906 	3484434.6
265.33066 	3464411.3
266.13226 	3444387.6
266.93387 	3424363.3
267.73547 	3404338.5
268.53707 	3384313.1
269.33868 	3364287.2
270.14028 	3344260.8
270.94188 	3324233.8
271.74349 	3304206.2
272.54509 	3284178.1
273.34669 	3264149.4
274.1483 	3244120.3
274.9499 	3224090.6
274.95 	3224088.1
275.7515 	3204060.3
276.55311 	3184029.6
277.35471 	3163998.4
278.95792 	3123934.6
279.75952 	3103902.1
280.56112 	3083869.1
281.36273 	3063835.8
282.16433 	3043802.1
282.96593 	3023768.1
283.76754 	3003733.8
284.56914 	2983699.2
285.37074 	2963664.4
286.17234 	2943629.3
286.97395 	2923594.1
288.57715 	2883523.1
289.37876 	2863487.4
290.18036 	2843451.6
290.98196 	2823415.8
291.78357 	2803379.9
292.58517 	2783344.1
293.38677 	2763308.2
294.18838 	2743272.4
294.98998 	2723236.6
295.79158 	2703200.9
296.59319 	2683165.4
297.39479 	2663129.9
298.19639 	2643094.6
298.998 	2623059.5
299.7996 	2603024.5
300.6012 	2582989.7
301.40281 	2562955.1
302.20441 	2542920.7
303.00601 	2522886.6
303.80762 	2502852.7
304.60922 	2482819.1
306.21242 	2442752.5
307.01403 	2422719.6
307.81563 	2402687
308.61723 	2382654.7
309.41884 	2362622.6
310.22044 	2342590.8
311.02204 	2322559.3
311.82365 	2302528.1
312.62525 	2282497.1
313.42685 	2262466.4
314.22846 	2242435.9
315.03006 	2222405.8
315.83166 	2202375.8
316.63327 	2182346.2
317.43487 	2162316.7
318.23647 	2142287.6
319.03808 	2122258.6
319.83968 	2102229.9
320.64128 	2082201.5
321.44289 	2062173.2
322.24449 	2042145.2
323.04609 	2022117.4
323.8477 	2002089.8
324.6493 	1982062.4
325.4509 	1962035.2
326.25251 	1942008.2
327.05411 	1921981.4
327.85571 	1901954.9
328.65731 	1881928.5
329.45892 	1861902.3
330.26052 	1841876.3
331.06212 	1821850.5
331.86373 	1801825
332.66533 	1781799.6
333.46693 	1761774.4
334.26854 	1741749.4
335.07014 	1721724.7
335.87174 	1701700.1
336.67335 	1681675.8
337.47495 	1661651.7
338.27655 	1641627.8
339.07816 	1621604.1
339.87976 	1601580.6
340.68136 	1581557.4
341.48297 	1561534.4
342.28457 	1541511.6
343.08617 	1521489
343.88778 	1501466.7
344.68938 	1481444.6
345.49098 	1461422.7
346.29259 	1441401.1
347.09419 	1421379.6
347.89579 	1401358.4
348.69739 	1381337.4
349.499 	1361316.6
350.3006 	1341295.9
351.1022 	1321275.5
351.90381 	1301255.2
352.70541 	1281235.1
353.50701 	1261215.2
354.30862 	1241195.4
355.11022 	1221175.8
355.91182 	1201156.3
356.71343 	1181136.9
357.51503 	1161117.6
358.31663 	1141098.3
359.11824 	1121079.2
359.91984 	1101060.1
360.72144 	1081041.1
361.52305 	1061022.1
362.32465 	1041003.1
363.12625 	1020984.1
363.92786 	1000965.1
364.72946 	980946.14
365.53106 	960927.1
366.33267 	940908.01
367.13427 	920888.87
367.93587 	900869.65
368.73747 	880850.36
369.53908 	860830.97
370.34068 	840811.48
371.14228 	820791.88
371.94389 	800772.16
372.74549 	780752.32
373.54709 	760732.34
374.3487 	740712.23
375.1503 	720691.97
375.9519 	700671.56
376.75351 	680651
377.55511 	660630.29
379.15832 	620588.39
379.95992 	600567.2
381.56313 	560524.37
382.36473 	540502.72
383.16633 	520480.92
383.96794 	500458.97
384.76954 	480436.88
385.57114 	460414.66
386.37275 	440392.3
387.17435 	420369.82
387.97595 	400347.22
388.77756 	380324.51
389.57916 	360301.69
390.38076 	340278.79
391.18236 	320255.79
391.98397 	300232.72
392.78557 	280209.58
393.58717 	260186.39
394.38878 	240163.14
395.19038 	220139.86
395.99198 	200116.56
396.79359 	180093.23
397.59519 	160069.9
399.1984 	120023.28
400 	100487.69
