0 	7424409.1
6.4128257 	7318249.7
34.468938 	6719242.2
37.675351 	6715581.3
40.881764 	6704291.4
50.501002 	6528177.9
53.707415 	6452103.1
62.52505 	6244720.3
65.731463 	6166788.3
68.937876 	6121537.3
69.739479 	6117645.5
96.993988 	5683953.7
103.40681 	5522126.8
106.61323 	5500059.3
116.23246 	5445609.7
123.44689 	5325877.1
125.05 	5285041.2
125.8517 	5262363.7
128.25651 	5165997.6
131.46293 	5054220
151.50301 	4623754.4
153.90782 	4593315.5
156.31263 	4582302.5
159.51904 	4543574.3
166.73347 	4361565.2
169.13828 	4300660
175.5511 	4138827.2
176.35271 	4120021.4
187.57515 	3851391.4
190.78156 	3775994
200.4008 	3620442.2
201.2024 	3620143.9
202.00401 	3619963.1
202.80561 	3619860.2
203.60721 	3619823.2
204.40882 	3619844.6
205.21042 	3619899.3
206.01202 	3619984.2
206.81363 	3620062.7
207.61523 	3620090.6
208.41683 	3620108.1
209.21844 	3620132
210.02004 	3620142.8
210.82164 	3620249.1
211.62325 	3620458.6
212.42485 	3620658.5
213.22645 	3620843.2
214.02806 	3621022.4
214.82966 	3621208.8
215.63126 	3621425.4
216.43287 	3621647.3
217.23447 	3621943.8
218.03607 	3622319.1
219.63928 	3622973.4
220.44088 	3623179
221.24248 	3623385.7
222.04409 	3623638.5
222.84569 	3623893.5
223.64729 	3624107.5
224.4489 	3624253
225.2505 	3624299.2
226.0521 	3624202.6
227.65531 	3623710.2
228.45691 	3623508.2
229.25852 	3623973.8
230.86172 	3626961.6
231.66333 	3627192.7
232.46493 	3626909.1
234.06814 	3626126.9
234.86974 	3625761.1
235.67134 	3625466.2
236.47295 	3625215
237.27455 	3624948.5
238.07615 	3624616.7
238.87776 	3624181.5
239.67936 	3623629.5
240.48096 	3623001.5
241.28257 	3622344.3
242.08417 	3621706.6
242.88577 	3621124.3
243.68737 	3620624.6
244.48898 	3620213.4
245.29058 	3619860.2
246.09218 	3619504.5
246.89379 	3619154.3
247.69539 	3618855.4
248.49699 	3618617.4
249.2986 	3618428.2
250.1002 	3618260.8
250.9018 	3618091.3
251.70341 	3617937.7
252.50501 	3617810.2
253.30661 	3617738.6
254.10822 	3617725.8
254.90982 	3617737.1
255.71142 	3617774.7
256.51303 	3617839.5
257.31463 	3617927.7
258.11623 	3618044.4
258.91784 	3618192.8
259.71944 	3618342.9
260.52104 	3618517.4
261.32265 	3618718.8
262.12425 	3618927.7
262.92585 	3619183.8
263.72745 	3619510.6
264.52906 	3619870.6
265.33066 	3620265.3
266.13226 	3620694.2
266.93387 	3621156.8
267.73547 	3621669.9
268.53707 	3622241.4
269.33868 	3622859.5
270.14028 	3623515.2
270.94188 	3624168.2
271.74349 	3624781
272.54509 	3625304
273.34669 	3625683.9
274.1483 	3625845.7
274.9499 	3625695.6
274.95 	3625695.6
275.7515 	3625161.6
276.55311 	3624242.1
277.35471 	3623029.1
278.95792 	3620430.4
279.75952 	3619286.8
280.56112 	3618313.1
281.36273 	3617497
282.16433 	3616818.2
282.96593 	3616242.8
283.76754 	3615718.2
284.56914 	3615225.8
285.37074 	3614756.5
286.17234 	3614287.6
286.97395 	3613823.7
288.57715 	3612966.2
289.37876 	3612577.8
290.18036 	3612221.3
290.98196 	3611881.8
291.78357 	3611579.2
292.58517 	3611310.8
293.38677 	3611090.6
294.18838 	3610890
294.98998 	3610706.2
295.79158 	3610543.3
296.59319 	3610445.3
297.39479 	3610373.2
298.19639 	3610228.4
298.998 	3609942.1
299.7996 	3609123.3
300.6012 	3607401.6
301.40281 	3604081.2
302.20441 	3597433.8
303.00601 	3584749.5
303.80762 	3563740.7
304.60922 	3536654.4
306.21242 	3479169.5
307.01403 	3450504.8
307.81563 	3421872.7
308.61723 	3393250.2
309.41884 	3364623.5
310.22044 	3335982.7
311.02204 	3307325.8
311.82365 	3278657.1
312.62525 	3249981.3
313.42685 	3221299.6
314.22846 	3192611.4
315.03006 	3163915.5
315.83166 	3135210.7
316.63327 	3106495.2
317.43487 	3077766.1
318.23647 	3049021.6
319.03808 	3020261.2
319.83968 	2991486.2
320.64128 	2962700.1
321.44289 	2933907
322.24449 	2905110.4
323.04609 	2876310.4
323.8477 	2847504.3
324.6493 	2818688.5
325.4509 	2789861.1
326.25251 	2761022.5
327.05411 	2732175.1
327.85571 	2703322.4
328.65731 	2674468.6
329.45892 	2645617
330.26052 	2616770
331.06212 	2587929.1
331.86373 	2559094.6
332.66533 	2530266.2
333.46693 	2501442.8
334.26854 	2472622.9
335.07014 	2443805.2
335.87174 	2414988.8
336.67335 	2386173.5
337.47495 	2357359.7
338.27655 	2328548.1
339.07816 	2299739.5
339.87976 	2270934.3
340.68136 	2242132.6
341.48297 	2213333.9
342.28457 	2184538
343.08617 	2155744.5
343.88778 	2126953.2
344.68938 	2098164
345.49098 	2069376.4
346.29259 	2040589.6
347.09419 	2011802.6
347.89579 	1983014.1
348.69739 	1954222.5
349.499 	1925426.1
350.3006 	1896623.4
351.1022 	1867812.8
351.90381 	1838992.9
352.70541 	1810162.4
353.50701 	1781320.5
354.30862 	1752466.7
355.11022 	1723600.9
355.91182 	1694723.3
356.71343 	1665834.6
357.51503 	1636935.5
358.31663 	1608026.6
359.11824 	1579108.7
359.91984 	1550182
360.72144 	1521247.3
361.52305 	1492305
362.32465 	1463356.1
363.12625 	1434401.8
363.92786 	1405443.7
364.72946 	1376483.6
365.53106 	1347523.2
366.33267 	1318564.1
367.13427 	1289607.6
367.93587 	1260654.6
368.73747 	1231705.7
369.53908 	1202761.1
370.34068 	1173820.7
371.14228 	1144884.3
371.94389 	1115951.4
372.74549 	1087021.8
373.54709 	1058095
374.3487 	1029170.4
375.1503 	1000247.5
375.9519 	971325.58
376.75351 	942403.75
377.55511 	913481.06
379.15832 	855629.04
379.95992 	826697.76
381.56313 	768820.46
382.36473 	739872.99
383.16633 	710918.68
383.96794 	681956.68
384.76954 	652985.97
385.57114 	624005.39
386.37275 	595013.61
387.17435 	566009.25
387.97595 	536991.03
388.77756 	507957.82
389.57916 	478908.81
390.38076 	449843.5
391.18236 	420761.77
391.98397 	391663.85
392.78557 	362550.22
393.58717 	333421.61
394.38878 	304278.92
395.19038 	275123.22
395.99198 	245955.74
396.79359 	216777.94
397.59519 	187591.45
399.1984 	129200.3
400 	100711.23
