0 	8235336.4
6.4128257 	8104614.5
34.468938 	7742109.2
37.675351 	7662466.8
40.881764 	7582836.5
50.501002 	7344482.8
53.707415 	7264912.9
62.52505 	7122969.6
65.731463 	7049653.4
68.937876 	6982304
69.739479 	6969221.2
96.993988 	6565667.4
103.40681 	6404267.6
106.61323 	6325530.8
116.23246 	6109687.7
123.44689 	5924949
125.05 	5884136.8
125.8517 	5864095
128.25651 	5805993
131.46293 	5731650.4
151.50301 	5506760.4
153.90782 	5506564.2
156.31263 	5506115.4
159.51904 	5505544
166.73347 	5505063.5
169.13828 	5505411.6
175.5511 	5505286.5
176.35271 	5505162.4
187.57515 	5502008.5
190.78156 	5500566.8
200.4008 	5497794.5
201.2024 	5497562.9
202.00401 	5497060.6
202.80561 	5496219
203.60721 	5494896.5
204.40882 	5492264.9
205.21042 	5486910.5
206.01202 	5476869.6
206.81363 	5460484.2
207.61523 	5439562.8
208.41683 	5417285.3
209.21844 	5394968.9
210.02004 	5372709.4
210.82164 	5350467.8
211.62325 	5328230
212.42485 	5305992.6
213.22645 	5283754.6
214.02806 	5261516.2
214.82966 	5239279.1
215.63126 	5217045.3
216.43287 	5194816.3
217.23447 	5172592.3
218.03607 	5150372.5
219.63928 	5105940.1
220.44088 	5083725
221.24248 	5061509.5
222.04409 	5039293.1
222.84569 	5017075.4
223.64729 	4994856.2
224.4489 	4972635.6
225.2505 	4950413.4
226.0521 	4928189.8
227.65531 	4883738
228.45691 	4861509.4
229.25852 	4839278.3
230.86172 	4794806.2
231.66333 	4772565.2
232.46493 	4750321.9
234.06814 	4705833.7
234.86974 	4683590.9
235.67134 	4661350
236.47295 	4639110.8
237.27455 	4616873.2
238.07615 	4594637.1
238.87776 	4572402.3
239.67936 	4550168.8
240.48096 	4527936.2
241.28257 	4505704.1
242.08417 	4483471.2
242.88577 	4461236.4
243.68737 	4438998.1
244.48898 	4416755.5
245.29058 	4394508
246.09218 	4372256.2
246.89379 	4350000.9
247.69539 	4327743.4
248.49699 	4305485.1
249.2986 	4283227.2
250.1002 	4260970.3
250.9018 	4238715
251.70341 	4216461.5
252.50501 	4194209.8
253.30661 	4171959.9
254.10822 	4149711.6
254.90982 	4127464.8
255.71142 	4105219.7
256.51303 	4082976
257.31463 	4060734.1
258.11623 	4038494
258.91784 	4016255.8
259.71944 	3994019.5
260.52104 	3971785.2
261.32265 	3949552.6
262.12425 	3927321.4
262.92585 	3905091.2
263.72745 	3882861.5
264.52906 	3860631.7
265.33066 	3838401.3
266.13226 	3816169.9
266.93387 	3793937.1
267.73547 	3771702.8
268.53707 	3749466.8
269.33868 	3727228.9
270.14028 	3704989.3
270.94188 	3682747.7
271.74349 	3660504.3
272.54509 	3638259.1
273.34669 	3616012
274.1483 	3593763.2
274.9499 	3571512.6
274.95 	3571509.8
275.7515 	3549260.5
276.55311 	3527006.9
277.35471 	3504752.1
278.95792 	3460239.8
279.75952 	3437982.8
280.56112 	3415725.7
281.36273 	3393468.5
282.16433 	3371211.6
282.96593 	3348954.8
283.76754 	3326698.2
284.56914 	3304441.7
285.37074 	3282184.9
286.17234 	3259927.5
286.97395 	3237669.2
288.57715 	3193148.1
289.37876 	3170884.5
290.18036 	3148618.7
290.98196 	3126350.4
291.78357 	3104079.9
292.58517 	3081807.2
293.38677 	3059532.7
294.18838 	3037257
294.98998 	3014980.6
295.79158 	2992704.2
296.59319 	2970428.2
297.39479 	2948153.4
298.19639 	2925880.1
298.998 	2903608.8
299.7996 	2881339.7
300.6012 	2859072.9
301.40281 	2836808.5
302.20441 	2814546.3
303.00601 	2792286.2
303.80762 	2770027.8
304.60922 	2747770.9
306.21242 	2703259.9
307.01403 	2681005.1
307.81563 	2658750.5
308.61723 	2636495.7
309.41884 	2614240.6
310.22044 	2591985.1
311.02204 	2569729.1
311.82365 	2547472.6
312.62525 	2525215.7
313.42685 	2502958.4
314.22846 	2480700.8
315.03006 	2458443
315.83166 	2436184.9
316.63327 	2413926.8
317.43487 	2391668.5
318.23647 	2369410.2
319.03808 	2347151.7
319.83968 	2324893.2
320.64128 	2302634.5
321.44289 	2280375.5
322.24449 	2258116.4
323.04609 	2235856.9
323.8477 	2213597.2
324.6493 	2191337.1
325.4509 	2169076.6
326.25251 	2146815.6
327.05411 	2124554.2
327.85571 	2102292.3
328.65731 	2080029.9
329.45892 	2057766.8
330.26052 	2035503
331.06212 	2013238.4
331.86373 	1990972.7
332.66533 	1968706
333.46693 	1946438
334.26854 	1924168.6
335.07014 	1901897.7
335.87174 	1879625.2
336.67335 	1857351
337.47495 	1835075.1
338.27655 	1812797.6
339.07816 	1790518.4
339.87976 	1768237.7
340.68136 	1745955.6
341.48297 	1723672.3
342.28457 	1701388
343.08617 	1679102.8
343.88778 	1656816.9
344.68938 	1634530.6
345.49098 	1612244
346.29259 	1589957.3
347.09419 	1567670.7
347.89579 	1545384.4
348.69739 	1523098.5
349.499 	1500813.4
350.3006 	1478529.1
351.1022 	1456245.8
351.90381 	1433963.8
352.70541 	1411683.3
353.50701 	1389404.3
354.30862 	1367127.2
355.11022 	1344852.1
355.91182 	1322579.2
356.71343 	1300308.6
357.51503 	1278040.6
358.31663 	1255775.2
359.11824 	1233512.5
359.91984 	1211252.8
360.72144 	1188996.1
361.52305 	1166742.4
362.32465 	1144491.8
363.12625 	1122244.2
363.92786 	1099999.8
364.72946 	1077758.4
365.53106 	1055519.9
366.33267 	1033284.3
367.13427 	1011051.4
367.93587 	988821.12
368.73747 	966593.23
369.53908 	944367.55
370.34068 	922143.88
371.14228 	899922
371.94389 	877701.69
372.74549 	855482.71
373.54709 	833264.83
374.3487 	811047.83
375.1503 	788831.47
375.9519 	766615.54
376.75351 	744399.84
377.55511 	722184.17
379.15832 	677752.29
379.95992 	655535.81
381.56313 	611101.25
382.36473 	588883.07
383.16633 	566664.24
383.96794 	544444.76
384.76954 	522224.67
385.57114 	500003.99
386.37275 	477782.79
387.17435 	455561.13
387.97595 	433339.08
388.77756 	411116.71
389.57916 	388894.1
390.38076 	366671.32
391.18236 	344448.43
391.98397 	322225.49
392.78557 	300002.56
393.58717 	277779.68
394.38878 	255556.87
395.19038 	233334.15
395.99198 	211111.55
396.79359 	188889.05
397.59519 	166666.67
399.1984 	122222.16
400 	100541.25
