0 	3836404
0.35183948 	3828047.4
0.70367896 	3819403.6
1.0555184 	3810767.4
1.4073579 	3802131.7
1.7591974 	3793496
2.1110369 	3784860.7
2.4628764 	3776210.2
2.8147158 	3767611.1
3.1665553 	3758975.8
3.5183948 	3750345
3.8702343 	3741714.7
4.2220737 	3733084.8
4.9257527 	3715801
5.6294317 	3698638.1
5.9812711 	3690029.7
6.3331106 	3681422.1
8.092308 	3638396.5
8.795987 	3621193.1
9.1478265 	3612593.1
10.203345 	3586810
10.907024 	3569632.9
11.258863 	3561054
11.610703 	3552470.6
11.962542 	3543889.3
12.666221 	3526950.5
13.018061 	3518510.7
13.3699 	3510010
13.72174 	3501539.3
14.777258 	3476430.6
15.480937 	3459712.7
15.832777 	3451342.3
16.536456 	3434606.8
17.591974 	3409573
18.647492 	3384713.1
19.351171 	3368634.9
19.703011 	3360504
20.05485 	3352375.8
20.40669 	3344249.9
20.758529 	3336126.4
21.462208 	3319886.4
22.165887 	3303655.3
22.869566 	3287433.2
23.573245 	3271219.7
23.925085 	3263116.2
24.276924 	3255014.7
24.628764 	3246915.3
25.332442 	3230722.4
25.684282 	3222628.8
26.387961 	3206447.3
26.7398 	3198359.3
27.09164 	3190271.9
27.443479 	3182211
27.795319 	3174155.9
28.147158 	3166089.7
28.850837 	3149962.5
29.202677 	3141901.3
29.554516 	3133841.4
29.906356 	3125783.1
30.258195 	3117726
30.610035 	3109670.3
30.961874 	3101615.9
31.665553 	3085510.5
32.017393 	3077459.4
32.369232 	3069409.4
32.721072 	3061360.3
33.072911 	3053312.2
33.424751 	3045264.9
33.77659 	3037218.4
34.128429 	3029172.4
34.480269 	3021122.2
34.832108 	3013043.1
35.183948 	3005291.7
35.535787 	3000473.2
35.887627 	2993678
36.239466 	2986143.8
36.591306 	2978558.3
37.294985 	2965969.8
37.646824 	2958081.7
37.998664 	2949700
38.702343 	2932902.3
39.406022 	2916102.3
39.757861 	2907702.1
41.165219 	2874103.1
41.517059 	2865704.2
41.868898 	2857305.7
42.220737 	2848907.7
42.924416 	2832112.7
43.276256 	2823715.5
43.628095 	2815318.3
43.979935 	2806921
44.683614 	2790124.7
45.035453 	2781725.2
45.387293 	2773324.3
46.090972 	2756516.8
46.442811 	2748109.3
47.14649 	2731284.4
47.49833 	2722865.8
48.202009 	2706013.5
48.553848 	2697578.6
49.257527 	2680687.8
49.609367 	2672230.7
49.961206 	2663764.7
50.313045 	2655289.3
50.664885 	2646803.6
51.016724 	2638307.2
51.720403 	2621278.8
52.072243 	2612745.6
52.424082 	2604198.8
52.775922 	2595637.9
53.127761 	2587062.2
54.18328 	2561241.3
54.535119 	2552601.5
54.886959 	2543944.5
55.238798 	2535270.1
55.590638 	2526577.9
55.942477 	2517867.7
56.997996 	2491627.2
57.349835 	2482843.7
57.701675 	2474041.9
58.053514 	2465222.1
58.405354 	2456384.3
58.757193 	2447528.8
59.109032 	2438656.2
59.460872 	2429766.6
60.164551 	2411938.7
60.51639 	2403001.5
60.86823 	2394049.8
61.220069 	2385084.2
61.571909 	2376105.5
61.923748 	2367114.6
62.275588 	2358112.4
62.627427 	2349099.9
62.979267 	2340078.2
63.331106 	2331048.2
63.682946 	2322011.2
64.034785 	2312968.4
64.386625 	2303921.1
64.738464 	2294870.7
65.442143 	2276766
65.793983 	2267714.8
66.497662 	2249622.3
67.55318 	2222533.8
68.256859 	2204529.1
68.608698 	2195548.8
69.312377 	2177641.5
70.016056 	2159819.2
70.367896 	2150945.1
70.719735 	2142098.3
71.071575 	2133281
71.423414 	2124495.2
72.830772 	2089705.7
73.182612 	2081106.2
73.534451 	2072548.9
73.886291 	2064035.7
74.941809 	2038771.3
75.293648 	2030444.9
75.645488 	2022168.3
75.997327 	2013941.4
77.052846 	1989552.8
77.404685 	1981519
77.756525 	1973531.5
78.460204 	1957690
78.812043 	1949832.7
79.163883 	1942015.1
80.219401 	1918779.7
81.27492 	1895816.9
81.626759 	1888210.9
81.978599 	1880624.4
82.330438 	1873055
82.682278 	1865499.9
83.034117 	1857956.9
83.385957 	1850423.7
83.737796 	1842898.1
84.089635 	1835378.2
84.441475 	1827862.1
85.496993 	1805322
86.552512 	1782771.1
86.904351 	1775248.4
89.015388 	1730033.1
89.367228 	1722484.2
90.070907 	1707376.3
90.422746 	1699817.5
90.774586 	1692255.7
91.126425 	1684690.9
91.478265 	1677122.9
91.830104 	1669551.8
92.533783 	1654399.1
93.237462 	1639230
93.589301 	1631637.9
93.941141 	1624039.9
94.29298 	1616435
96.052178 	1578271.7
96.404017 	1570602.5
96.755857 	1562917.7
97.459536 	1547496.3
97.811375 	1539756.5
98.163215 	1531995.7
98.515054 	1524212.4
99.922412 	1492834.5
100.27425 	1484924.5
100.62609 	1476988
101.32977 	1461035.3
102.03345 	1444977.4
102.38529 	1436909.2
103.79265 	1404365.5
104.14449 	1396155.8
104.49633 	1387912.9
105.2 	1371317.6
105.90368 	1354562.1
106.25552 	1346119.4
106.60736 	1337621.7
108.01472 	1307622.5
108.36656 	1299933
108.7184 	1292221
109.07024 	1284496.5
109.77392 	1269028.3
110.12576 	1261289.7
110.82944 	1245874.6
111.18128 	1239915.6
111.53311 	1232654.3
111.88495 	1224101.1
112.58863 	1206885.3
112.94047 	1198245.4
113.29231 	1189594.7
113.64415 	1181171.3
113.99599 	1171805.2
114.34783 	1167466.2
114.69967 	1165727
115.05151 	1165630.3
115.40335 	1165557.5
115.75519 	1165393.1
116.45887 	1165303.7
116.81071 	1165390.1
117.16255 	1165197.9
117.51439 	1164720.3
118.21806 	1164628.8
118.5699 	1164536.1
118.92174 	1164429.6
119.27358 	1164356.2
119.62542 	1164284.8
119.97726 	1164209.2
120.3291 	1164133.4
120.68094 	1164060.5
121.03278 	1163990.2
121.38462 	1163929.7
121.73646 	1163873.5
122.0883 	1163805.3
122.79198 	1163671.3
123.14382 	1163610.6
123.49566 	1163553.5
123.8475 	1163494.1
124.19934 	1163446.4
124.55118 	1163409.6
124.90302 	1163374.7
125.25485 	1163335.3
125.60669 	1163289.9
126.66221 	1163145.5
127.01405 	1163076.4
127.36589 	1162991.5
127.71773 	1162902.6
128.06957 	1162810.1
128.42141 	1162718.1
128.77325 	1162625.1
129.12509 	1162540
129.47693 	1162467.2
130.18061 	1162387.5
130.53245 	1162395.7
130.88429 	1162404.5
131.23613 	1162381.2
132.29164 	1160332.9
132.64348 	1153505.6
132.99532 	1145006.9
133.699 	1127733.8
134.05084 	1119094.5
134.40268 	1110453.9
134.75452 	1101810.5
135.4582 	1084510.9
135.81004 	1075854
136.16188 	1067192.7
136.51372 	1058527.7
136.86556 	1049860.1
137.56924 	1032521.3
137.92108 	1023852.1
138.27292 	1015184.1
138.97659 	997854.2
139.68027 	980533.72
140.03211 	971877.04
140.38395 	963222.56
140.73579 	954570.11
141.08763 	945919.51
141.43947 	937270.62
141.79131 	928623.3
142.14315 	919977.47
142.49499 	911333.06
142.84683 	902690.01
144.25419 	868130.99
145.3097 	842224.71
145.66154 	833591.55
146.01338 	824959.46
146.36522 	816328.36
146.71706 	807698.21
147.0689 	799068.96
147.42074 	790440.57
148.12442 	773186.12
148.8281 	755934.46
149.17994 	747309.54
149.88362 	730061.26
150.23546 	721437.77
150.5873 	712814.63
151.29098 	695569.13
151.99465 	678324.25
152.69833 	661079.48
153.05017 	652457
153.40201 	643834.37
153.75385 	635211.56
154.45753 	617965.22
154.80937 	609341.61
155.16121 	600717.65
155.51305 	592093.33
155.86489 	583468.59
156.21673 	574843.43
156.56857 	566217.81
157.62409 	540337.93
157.97593 	531710.24
158.32777 	523081.99
158.67961 	514453.16
159.03144 	505823.77
159.38328 	497193.8
159.73512 	488563.27
160.08696 	479932.19
160.4388 	471300.59
160.79064 	462668.49
161.14248 	454035.92
161.49432 	445402.93
161.84616 	436769.56
162.90168 	410867.66
163.25352 	402233.27
163.9572 	384964.16
164.30904 	376329.53
164.66088 	367694.92
165.01272 	359060.34
165.71639 	341791.41
166.06823 	333157.1
167.12375 	307254.78
167.47559 	298620.86
167.82743 	289986.98
168.17927 	281353.14
168.53111 	272719.28
169.23479 	255451.41
169.58663 	246817.31
169.93847 	238183.05
170.64215 	220913.92
170.99399 	212278.99
171.34583 	203643.77
171.69767 	195008.25
172.04951 	186372.43
172.40134 	177736.29
172.75318 	169099.85
173.10502 	160463.11
174.16054 	134551.33
174.51238 	125913.65
174.86422 	117275.84
