0 	8986603.7
6.4128257 	8884050.3
34.468938 	8327736.8
37.675351 	8296096.2
40.881764 	8236788
50.501002 	8029585.8
53.707415 	7947307.8
62.52505 	7733519
65.731463 	7655652.2
68.937876 	7575286.4
69.739479 	7556834.5
96.993988 	7108439.8
103.40681 	7107430.6
106.61323 	7106617.2
116.23246 	7103530.9
123.44689 	7104212.4
125.05 	7103851.6
125.8517 	7103394.3
128.25651 	7096510.5
131.46293 	7030468.5
151.50301 	6512377.9
153.90782 	6450180.1
156.31263 	6387976.6
159.51904 	6305014.6
166.73347 	6118267.2
169.13828 	6056017
175.5511 	5890084.7
176.35271 	5869353.2
187.57515 	5579320.1
190.78156 	5496489.9
200.4008 	5248005.3
201.2024 	5227298.7
202.00401 	5206592.2
202.80561 	5185885.9
203.60721 	5165179.8
204.40882 	5144473.8
205.21042 	5123768
206.01202 	5103062.4
206.81363 	5082356.9
207.61523 	5061651.7
208.41683 	5040946.6
209.21844 	5020241.8
210.02004 	4999537.1
210.82164 	4978832.6
211.62325 	4958128.3
212.42485 	4937424.2
213.22645 	4916720.3
214.02806 	4896016.5
214.82966 	4875312.9
215.63126 	4854609.5
216.43287 	4833906.2
217.23447 	4813203.1
218.03607 	4792500.1
219.63928 	4751094.8
220.44088 	4730392.4
221.24248 	4709690.2
222.04409 	4688988.3
222.84569 	4668286.7
223.64729 	4647585.4
224.4489 	4626884.5
225.2505 	4606184
226.0521 	4585484
227.65531 	4544085.7
228.45691 	4523387.5
229.25852 	4502689.9
230.86172 	4461297.2
231.66333 	4440602.2
232.46493 	4419908.1
234.06814 	4378523.1
234.86974 	4357832.3
235.67134 	4337142.7
236.47295 	4316454.4
237.27455 	4295767.4
238.07615 	4275081.8
238.87776 	4254397.6
239.67936 	4233715
240.48096 	4213033.8
241.28257 	4192354.1
242.08417 	4171676
242.88577 	4150999.4
243.68737 	4130324.3
244.48898 	4109650.9
245.29058 	4088978.9
246.09218 	4068308.5
246.89379 	4047639.6
247.69539 	4026972.1
248.49699 	4006306
249.2986 	3985641.3
250.1002 	3964977.9
250.9018 	3944315.7
251.70341 	3923654.7
252.50501 	3902994.8
253.30661 	3882335.9
254.10822 	3861677.8
254.90982 	3841020.6
255.71142 	3820363.9
256.51303 	3799707.8
257.31463 	3779052.2
258.11623 	3758396.8
258.91784 	3737741.6
259.71944 	3717086.4
260.52104 	3696431.1
261.32265 	3675775.7
262.12425 	3655120
262.92585 	3634463.9
263.72745 	3613807.3
264.52906 	3593150.2
265.33066 	3572492.4
266.13226 	3551833.9
266.93387 	3531174.7
267.73547 	3510514.7
268.53707 	3489853.8
269.33868 	3469192.1
270.14028 	3448529.5
270.94188 	3427865.9
271.74349 	3407201.5
272.54509 	3386536.1
273.34669 	3365869.7
274.1483 	3345202.5
274.9499 	3324534.2
274.95 	3324531.6
275.7515 	3303865.1
276.55311 	3283195
277.35471 	3262524
278.95792 	3221179.4
279.75952 	3200505.8
280.56112 	3179831.5
281.36273 	3159156.3
282.16433 	3138480.4
282.96593 	3117803.8
283.76754 	3097126.6
284.56914 	3076448.8
285.37074 	3055770.4
286.17234 	3035091.6
286.97395 	3014412.4
288.57715 	2973053.1
289.37876 	2952373.1
290.18036 	2931693.1
290.98196 	2911013
291.78357 	2890333.1
292.58517 	2869653.2
293.38677 	2848973.7
294.18838 	2828294.4
294.98998 	2807615.6
295.79158 	2786937.2
296.59319 	2766259.4
297.39479 	2745582.2
298.19639 	2724905.7
298.998 	2704229.9
299.7996 	2683554.9
300.6012 	2662880.8
301.40281 	2642207.5
302.20441 	2621535.1
303.00601 	2600863.7
303.80762 	2580193.3
304.60922 	2559523.8
306.21242 	2518187.7
307.01403 	2497521.2
307.81563 	2476855.6
308.61723 	2456190.9
309.41884 	2435527.2
310.22044 	2414864.4
311.02204 	2394202.5
311.82365 	2373541.5
312.62525 	2352881.3
313.42685 	2332221.9
314.22846 	2311563.3
315.03006 	2290905.4
315.83166 	2270248.3
316.63327 	2249591.8
317.43487 	2228935.9
318.23647 	2208280.7
319.03808 	2187626
319.83968 	2166971.9
320.64128 	2146318.3
321.44289 	2125665.2
322.24449 	2105012.5
323.04609 	2084360.3
323.8477 	2063708.5
324.6493 	2043057
325.4509 	2022405.9
326.25251 	2001755.2
327.05411 	1981104.7
327.85571 	1960454.5
328.65731 	1939804.6
329.45892 	1919155
330.26052 	1898505.5
331.06212 	1877856.3
331.86373 	1857207.2
332.66533 	1836558.3
333.46693 	1815909.6
334.26854 	1795261
335.07014 	1774612.4
335.87174 	1753964
336.67335 	1733315.7
337.47495 	1712667.4
338.27655 	1692019.1
339.07816 	1671370.9
339.87976 	1650722.6
340.68136 	1630074.3
341.48297 	1609426
342.28457 	1588777.7
343.08617 	1568129.2
343.88778 	1547480.7
344.68938 	1526832
345.49098 	1506183.2
346.29259 	1485534.2
347.09419 	1464885
347.89579 	1444235.6
348.69739 	1423585.8
349.499 	1402935.8
350.3006 	1382285.5
351.1022 	1361634.7
351.90381 	1340983.5
352.70541 	1320331.9
353.50701 	1299679.7
354.30862 	1279027
355.11022 	1258373.6
355.91182 	1237719.6
356.71343 	1217064.9
357.51503 	1196409.3
358.31663 	1175752.9
359.11824 	1155095.7
359.91984 	1134437.5
360.72144 	1113778.2
361.52305 	1093117.9
362.32465 	1072456.5
363.12625 	1051794
363.92786 	1031130.2
364.72946 	1010465.2
365.53106 	989798.82
366.33267 	969131.13
367.13427 	948462.07
367.93587 	927791.6
368.73747 	907119.68
369.53908 	886446.31
370.34068 	865771.47
371.14228 	845095.13
371.94389 	824417.31
372.74549 	803737.99
373.54709 	783057.17
374.3487 	762374.88
375.1503 	741691.13
375.9519 	721005.92
376.75351 	700319.3
377.55511 	679631.29
379.15832 	638251.23
379.95992 	617559.26
381.56313 	576171.68
382.36473 	555476.17
383.16633 	534779.58
383.96794 	514081.97
384.76954 	493383.38
385.57114 	472683.89
386.37275 	451983.54
387.17435 	431282.39
387.97595 	410580.51
388.77756 	389877.95
389.57916 	369174.76
390.38076 	348471
391.18236 	327766.73
391.98397 	307062
392.78557 	286356.86
393.58717 	265651.36
394.38878 	244945.55
395.19038 	224239.47
395.99198 	203533.18
396.79359 	182826.72
397.59519 	162120.13
399.1984 	120706.73
400 	100504.34
