0 	9516594.9
6.4128257 	9371394.3
34.468938 	8840064.7
37.675351 	8767609.6
40.881764 	8692929.9
50.501002 	8673466.9
53.707415 	8672299.6
62.52505 	8530070
65.731463 	8449935.3
68.937876 	8369799.9
69.739479 	8349766
96.993988 	7668706.4
103.40681 	7508457.7
106.61323 	7428332.8
116.23246 	7187954.3
123.44689 	7007670.3
125.05 	6967610.1
125.8517 	6947576.4
128.25651 	6887483.3
131.46293 	6807360.9
151.50301 	6306660.2
153.90782 	6246583.7
156.31263 	6186508.5
159.51904 	6106409.7
166.73347 	5926190.5
169.13828 	5866117.3
175.5511 	5705919.8
176.35271 	5685894.8
187.57515 	5405530.6
190.78156 	5325421.5
200.4008 	5085083
201.2024 	5065054.3
202.00401 	5045025.5
202.80561 	5024996.7
203.60721 	5004967.9
204.40882 	4984939
205.21042 	4964910.2
206.01202 	4944881.3
206.81363 	4924852.5
207.61523 	4904823.7
208.41683 	4884794.9
209.21844 	4864766.2
210.02004 	4844737.5
210.82164 	4824708.8
211.62325 	4804680.2
212.42485 	4784651.7
213.22645 	4764623.3
214.02806 	4744594.9
214.82966 	4724566.7
215.63126 	4704538.6
216.43287 	4684510.5
217.23447 	4664482.6
218.03607 	4644454.9
219.63928 	4604399.7
220.44088 	4584372.4
221.24248 	4564345.2
222.04409 	4544318.1
222.84569 	4524291.3
223.64729 	4504264.5
224.4489 	4484238
225.2505 	4464211.6
226.0521 	4444185.4
227.65531 	4404133.6
228.45691 	4384107.9
229.25852 	4364082.4
230.86172 	4324032
231.66333 	4304007.1
232.46493 	4283982.4
234.06814 	4243933.4
234.86974 	4223909.2
235.67134 	4203885.2
236.47295 	4183861.4
237.27455 	4163837.7
238.07615 	4143814.2
238.87776 	4123790.9
239.67936 	4103767.7
240.48096 	4083744.8
241.28257 	4063722
242.08417 	4043699.3
242.88577 	4023676.9
243.68737 	4003654.5
244.48898 	3983632.4
245.29058 	3963610.4
246.09218 	3943588.6
246.89379 	3923566.9
247.69539 	3903545.3
248.49699 	3883523.9
249.2986 	3863502.7
250.1002 	3843481.6
250.9018 	3823460.6
251.70341 	3803439.8
252.50501 	3783419.1
253.30661 	3763398.5
254.10822 	3743378
254.90982 	3723357.6
255.71142 	3703337.4
256.51303 	3683317.2
257.31463 	3663297.2
258.11623 	3643277.2
258.91784 	3623257.4
259.71944 	3603237.6
260.52104 	3583217.9
261.32265 	3563198.2
262.12425 	3543178.6
262.92585 	3523159.1
263.72745 	3503139.6
264.52906 	3483120.2
265.33066 	3463100.8
266.13226 	3443081.4
266.93387 	3423062
267.73547 	3403042.7
268.53707 	3383023.3
269.33868 	3363004
270.14028 	3342984.6
270.94188 	3322965.2
271.74349 	3302945.8
272.54509 	3282926.4
273.34669 	3262907
274.1483 	3242887.5
274.9499 	3222868
274.95 	3222865.5
275.7515 	3202848.4
276.55311 	3182828.7
277.35471 	3162809.1
278.95792 	3122769.5
279.75952 	3102749.6
280.56112 	3082729.7
281.36273 	3062709.7
282.16433 	3042689.6
282.96593 	3022669.4
283.76754 	3002649.2
284.56914 	2982628.9
285.37074 	2962608.5
286.17234 	2942588
286.97395 	2922567.5
288.57715 	2882526.2
289.37876 	2862505.5
290.18036 	2842484.7
290.98196 	2822463.9
291.78357 	2802443
292.58517 	2782422
293.38677 	2762401
294.18838 	2742379.9
294.98998 	2722358.8
295.79158 	2702337.7
296.59319 	2682316.5
297.39479 	2662295.4
298.19639 	2642274.2
298.998 	2622253
299.7996 	2602231.7
300.6012 	2582210.5
301.40281 	2562189.3
302.20441 	2542168.1
303.00601 	2522147
303.80762 	2502125.8
304.60922 	2482104.7
306.21242 	2442062.6
307.01403 	2422041.6
307.81563 	2402020.6
308.61723 	2381999.8
309.41884 	2361978.9
310.22044 	2341958.2
311.02204 	2321937.5
311.82365 	2301916.9
312.62525 	2281896.3
313.42685 	2261875.9
314.22846 	2241855.5
315.03006 	2221835.2
315.83166 	2201815
316.63327 	2181794.8
317.43487 	2161774.8
318.23647 	2141754.9
319.03808 	2121735
319.83968 	2101715.2
320.64128 	2081695.5
321.44289 	2061676
322.24449 	2041656.4
323.04609 	2021637
323.8477 	2001617.7
324.6493 	1981598.4
325.4509 	1961579.3
326.25251 	1941560.2
327.05411 	1921541.1
327.85571 	1901522.2
328.65731 	1881503.3
329.45892 	1861484.5
330.26052 	1841465.8
331.06212 	1821447.1
331.86373 	1801428.5
332.66533 	1781410
333.46693 	1761391.5
334.26854 	1741373
335.07014 	1721354.6
335.87174 	1701336.3
336.67335 	1681318
337.47495 	1661299.8
338.27655 	1641281.5
339.07816 	1621263.4
339.87976 	1601245.3
340.68136 	1581227.2
341.48297 	1561209.1
342.28457 	1541191.1
343.08617 	1521173.2
343.88778 	1501155.2
344.68938 	1481137.3
345.49098 	1461119.4
346.29259 	1441101.6
347.09419 	1421083.8
347.89579 	1401066
348.69739 	1381048.3
349.499 	1361030.6
350.3006 	1341012.9
351.1022 	1320995.3
351.90381 	1300977.6
352.70541 	1280960.1
353.50701 	1260942.5
354.30862 	1240925
355.11022 	1220907.5
355.91182 	1200890.1
356.71343 	1180872.7
357.51503 	1160855.3
358.31663 	1140838
359.11824 	1120820.7
359.91984 	1100803.5
360.72144 	1080786.3
361.52305 	1060769.1
362.32465 	1040752
363.12625 	1020734.9
363.92786 	1000717.8
364.72946 	980700.85
365.53106 	960683.89
366.33267 	940666.98
367.13427 	920650.12
367.93587 	900633.3
368.73747 	880616.53
369.53908 	860599.8
370.34068 	840583.12
371.14228 	820566.49
371.94389 	800549.91
372.74549 	780533.37
373.54709 	760516.89
374.3487 	740500.45
375.1503 	720484.06
375.9519 	700467.72
376.75351 	680451.43
377.55511 	660435.19
379.15832 	620402.86
379.95992 	600386.77
381.56313 	560354.74
382.36473 	540338.79
383.16633 	520322.9
383.96794 	500307.06
384.76954 	480291.26
385.57114 	460275.51
386.37275 	440259.82
387.17435 	420244.17
387.97595 	400228.57
388.77756 	380213.01
389.57916 	360197.51
390.38076 	340182.05
391.18236 	320166.63
391.98397 	300151.27
392.78557 	280135.94
393.58717 	260120.67
394.38878 	240105.43
395.19038 	220090.25
395.99198 	200075.1
396.79359 	180060
397.59519 	160044.94
399.1984 	120014.94
400 	100487.49
