0 	9394919.6
6.4128257 	9272654.3
34.468938 	8680979.6
37.675351 	8615697.7
40.881764 	8545417.3
50.501002 	8368135.2
53.707415 	8367510.9
62.52505 	8362653.2
65.731463 	8362078.1
68.937876 	8360965.5
69.739479 	8360400.5
96.993988 	7753007.8
103.40681 	7591076.3
106.61323 	7510151.3
116.23246 	7267434.7
123.44689 	7085377.2
125.05 	7044915.6
125.8517 	7024679.9
128.25651 	6963975.4
131.46293 	6883024.7
151.50301 	6376620.3
153.90782 	6315807.9
156.31263 	6254995.5
159.51904 	6173914.8
166.73347 	5991505.4
169.13828 	5930712.1
175.5511 	5768616.9
176.35271 	5748355.8
187.57515 	5464649.2
190.78156 	5383563.5
200.4008 	5140273.8
201.2024 	5120001.2
202.00401 	5099729.4
202.80561 	5079458.4
203.60721 	5059188.2
204.40882 	5038918.9
205.21042 	5018650.7
206.01202 	4998383.4
206.81363 	4978117.1
207.61523 	4957851.9
208.41683 	4937587.7
209.21844 	4917324.6
210.02004 	4897062.5
210.82164 	4876801.4
211.62325 	4856541.2
212.42485 	4836281.9
213.22645 	4816023.6
214.02806 	4795766
214.82966 	4775509.2
215.63126 	4755253.1
216.43287 	4734997.6
217.23447 	4714742.6
218.03607 	4694488.2
219.63928 	4653980.5
220.44088 	4633727.2
221.24248 	4613474.1
222.04409 	4593221.2
222.84569 	4572968.4
223.64729 	4552715.7
224.4489 	4532463.1
225.2505 	4512210.5
226.0521 	4491957.9
227.65531 	4451452.7
228.45691 	4431200.1
229.25852 	4410947.5
230.86172 	4370442.3
231.66333 	4350189.8
232.46493 	4329937.4
234.06814 	4289433.1
234.86974 	4269181.3
235.67134 	4248929.9
236.47295 	4228678.8
237.27455 	4208428.2
238.07615 	4188178.2
238.87776 	4167928.7
239.67936 	4147680
240.48096 	4127431.9
241.28257 	4107184.8
242.08417 	4086938.5
242.88577 	4066693.2
243.68737 	4046448.9
244.48898 	4026205.6
245.29058 	4005963.5
246.09218 	3985722.5
246.89379 	3965482.7
247.69539 	3945244.1
248.49699 	3925006.6
249.2986 	3904770.3
250.1002 	3884535.1
250.9018 	3864301.1
251.70341 	3844068.1
252.50501 	3823836.1
253.30661 	3803605.1
254.10822 	3783375.1
254.90982 	3763145.8
255.71142 	3742917.3
256.51303 	3722689.4
257.31463 	3702462.2
258.11623 	3682235.4
258.91784 	3662009.1
259.71944 	3641783
260.52104 	3621557.3
261.32265 	3601331.7
262.12425 	3581106.1
262.92585 	3560880.6
263.72745 	3540655
264.52906 	3520429.4
265.33066 	3500203.5
266.13226 	3479977.4
266.93387 	3459751.1
267.73547 	3439524.4
268.53707 	3419297.4
269.33868 	3399070.1
270.14028 	3378842.3
270.94188 	3358614.2
271.74349 	3338385.6
272.54509 	3318156.7
273.34669 	3297927.3
274.1483 	3277697.5
274.9499 	3257467.4
274.95 	3257464.8
275.7515 	3237236.8
276.55311 	3217006
277.35471 	3196774.7
278.95792 	3156311.4
279.75952 	3136079.3
280.56112 	3115846.9
281.36273 	3095614.4
282.16433 	3075381.6
282.96593 	3055148.7
283.76754 	3034915.6
284.56914 	3014682.4
285.37074 	2994449.1
286.17234 	2974215.8
286.97395 	2953982.3
288.57715 	2913515.3
289.37876 	2893281.8
290.18036 	2873048.2
290.98196 	2852814.6
291.78357 	2832581
292.58517 	2812347.4
293.38677 	2792113.8
294.18838 	2771880.3
294.98998 	2751646.7
295.79158 	2731413.1
296.59319 	2711179.6
297.39479 	2690946.1
298.19639 	2670712.6
298.998 	2650479.1
299.7996 	2630245.7
300.6012 	2610012.3
301.40281 	2589778.9
302.20441 	2569545.6
303.00601 	2549312.3
303.80762 	2529079.1
304.60922 	2508845.9
306.21242 	2468379.6
307.01403 	2448146.6
307.81563 	2427913.6
308.61723 	2407680.6
309.41884 	2387447.7
310.22044 	2367214.8
311.02204 	2346982
311.82365 	2326749.2
312.62525 	2306516.4
313.42685 	2286283.7
314.22846 	2266050.9
315.03006 	2245818.2
315.83166 	2225585.4
316.63327 	2205352.6
317.43487 	2185119.8
318.23647 	2164886.9
319.03808 	2144654
319.83968 	2124421
320.64128 	2104187.9
321.44289 	2083954.6
322.24449 	2063721.3
323.04609 	2043487.8
323.8477 	2023254.2
324.6493 	2003020.4
325.4509 	1982786.4
326.25251 	1962552.2
327.05411 	1942317.7
327.85571 	1922082.9
328.65731 	1901847.9
329.45892 	1881612.6
330.26052 	1861376.9
331.06212 	1841140.8
331.86373 	1820904.3
332.66533 	1800667.5
333.46693 	1780430.1
334.26854 	1760192.3
335.07014 	1739953.9
335.87174 	1719715
336.67335 	1699475.5
337.47495 	1679235.4
338.27655 	1658994.7
339.07816 	1638753.3
339.87976 	1618511.3
340.68136 	1598268.5
341.48297 	1578025
342.28457 	1557780.8
343.08617 	1537535.9
343.88778 	1517290.1
344.68938 	1497043.7
345.49098 	1476796.4
346.29259 	1456548.5
347.09419 	1436299.8
347.89579 	1416050.4
348.69739 	1395800.2
349.499 	1375549.5
350.3006 	1355298
351.1022 	1335046
351.90381 	1314793.4
352.70541 	1294540.3
353.50701 	1274286.7
354.30862 	1254032.7
355.11022 	1233778.3
355.91182 	1213523.6
356.71343 	1193268.7
357.51503 	1173013.6
358.31663 	1152758.4
359.11824 	1132503.1
359.91984 	1112247.8
360.72144 	1091992.5
361.52305 	1071737.4
362.32465 	1051482.5
363.12625 	1031227.8
363.92786 	1010973.3
364.72946 	990719.26
365.53106 	970465.56
366.33267 	950212.29
367.13427 	929959.47
367.93587 	909707.16
368.73747 	889455.36
369.53908 	869204.12
370.34068 	848953.45
371.14228 	828703.36
371.94389 	808453.86
372.74549 	788204.97
373.54709 	767956.68
374.3487 	747708.99
375.1503 	727461.9
375.9519 	707215.4
376.75351 	686969.47
377.55511 	666724.11
379.15832 	626235.01
379.95992 	605991.23
381.56313 	565505.12
382.36473 	545262.75
383.16633 	525020.79
383.96794 	504779.23
384.76954 	484538.04
385.57114 	464297.21
386.37275 	444056.7
387.17435 	423816.51
387.97595 	403576.59
388.77756 	383336.94
389.57916 	363097.54
390.38076 	342858.37
391.18236 	322619.4
391.98397 	302380.62
392.78557 	282142.01
393.58717 	261903.57
394.38878 	241665.27
395.19038 	221427.09
395.99198 	201189.03
396.79359 	180951.07
397.59519 	160713.21
399.1984 	120237.68
400 	100492.92
