0 	7315631.5
6.4128257 	7238861.2
34.468938 	6582180.6
37.675351 	6512409.3
40.881764 	6464104.7
50.501002 	6357168.1
53.707415 	6299693.6
62.52505 	6116341.3
65.731463 	6051904.2
68.937876 	5981212
69.739479 	5961985.3
96.993988 	5500731.8
103.40681 	5434307.5
106.61323 	5352299.9
116.23246 	5162224.8
123.44689 	5084839.1
125.05 	5085659.8
125.8517 	5086628.8
128.25651 	5085880.6
131.46293 	5068385.7
151.50301 	4580789.8
153.90782 	4519389.1
156.31263 	4454564.6
159.51904 	4382679
166.73347 	4290415.6
169.13828 	4235679.6
175.5511 	4083638.9
176.35271 	4067740.5
187.57515 	3834580.9
190.78156 	3750244.3
200.4008 	3428622.9
201.2024 	3412947.1
202.00401 	3406323.6
202.80561 	3404001.1
203.60721 	3403166.1
204.40882 	3402819.7
205.21042 	3402668.4
206.01202 	3402676.4
206.81363 	3402755.2
207.61523 	3402924.2
208.41683 	3403137
209.21844 	3403284.8
210.02004 	3403399.7
210.82164 	3403521.5
211.62325 	3403659.2
212.42485 	3403837
213.22645 	3404162.1
214.02806 	3404840.9
214.82966 	3405570
215.63126 	3405955.2
216.43287 	3406174.1
217.23447 	3406360.3
218.03607 	3406613.7
219.63928 	3407333.8
220.44088 	3407643.5
221.24248 	3407897.6
222.04409 	3408108.5
222.84569 	3408302.3
223.64729 	3408507.1
224.4489 	3408772
225.2505 	3409064.3
226.0521 	3409362.9
227.65531 	3409903
228.45691 	3410127.1
229.25852 	3410356.1
230.86172 	3410894.9
231.66333 	3411169.7
232.46493 	3411451.7
234.06814 	3412128.5
234.86974 	3412487.5
235.67134 	3412869.8
236.47295 	3413265.7
237.27455 	3413693
238.07615 	3414147.9
238.87776 	3414631.2
239.67936 	3415106.8
240.48096 	3415489
241.28257 	3415691.7
242.08417 	3415639.7
242.88577 	3415262.1
243.68737 	3414641.6
244.48898 	3413890.1
245.29058 	3413105.6
246.09218 	3412320.7
246.89379 	3411558.5
247.69539 	3410843
248.49699 	3410187.9
249.2986 	3409610.9
250.1002 	3409125.5
250.9018 	3408693.5
251.70341 	3408319
252.50501 	3407974.2
253.30661 	3407668.4
254.10822 	3407431.7
254.90982 	3407246.1
255.71142 	3407117.5
256.51303 	3407033.7
257.31463 	3406998.8
258.11623 	3407030.9
258.91784 	3407116.6
259.71944 	3407255.8
260.52104 	3407469.7
261.32265 	3407714.4
262.12425 	3407967
262.92585 	3408233.4
263.72745 	3408507.9
264.52906 	3408806.1
265.33066 	3409134.1
266.13226 	3409456.6
266.93387 	3409756.1
267.73547 	3410045.1
268.53707 	3410394
269.33868 	3410912.5
270.14028 	3411423
270.94188 	3411693.4
271.74349 	3411779.5
272.54509 	3411768.1
273.34669 	3411684.3
274.1483 	3411527.7
274.9499 	3411306.6
274.95 	3411306.5
275.7515 	3411035.5
276.55311 	3410702
277.35471 	3410316.8
278.95792 	3409505.6
279.75952 	3409113.3
280.56112 	3408722.4
281.36273 	3408333.6
282.16433 	3407969.4
282.96593 	3407637.3
283.76754 	3407357.3
284.56914 	3407133.8
285.37074 	3406949.2
286.17234 	3406790.9
286.97395 	3406668.8
288.57715 	3406523.5
289.37876 	3406516.1
290.18036 	3406540.4
290.98196 	3406581.5
291.78357 	3406633.1
292.58517 	3406704.9
293.38677 	3406805.8
294.18838 	3406923.1
294.98998 	3407031.5
295.79158 	3407084.3
296.59319 	3406979.3
297.39479 	3406727.5
298.19639 	3406444.8
298.998 	3406149.4
299.7996 	3405871.1
300.6012 	3405576.4
301.40281 	3405152.4
302.20441 	3404712.8
303.00601 	3404201.2
303.80762 	3403586.9
304.60922 	3402939.8
306.21242 	3401607.7
307.01403 	3400899.6
307.81563 	3400212.2
308.61723 	3399552.5
309.41884 	3398979.9
310.22044 	3398503.5
311.02204 	3397941.6
311.82365 	3397092.3
312.62525 	3395989.2
313.42685 	3394240.6
314.22846 	3391095.4
315.03006 	3384933.9
315.83166 	3372797.5
316.63327 	3351582.7
317.43487 	3322724.4
318.23647 	3291319.2
319.03808 	3259750
319.83968 	3228257.6
320.64128 	3196794.1
321.44289 	3165340.8
322.24449 	3133893.6
323.04609 	3102451.4
323.8477 	3071014.4
324.6493 	3039584.1
325.4509 	3008163.3
326.25251 	2976755.3
327.05411 	2945362.7
327.85571 	2913986.2
328.65731 	2882623.7
329.45892 	2851271.6
330.26052 	2819926.1
331.06212 	2788584.6
331.86373 	2757246
332.66533 	2725910.5
333.46693 	2694579.2
334.26854 	2663253.2
335.07014 	2631932.8
335.87174 	2600617.9
336.67335 	2569307.7
337.47495 	2538001
338.27655 	2506697.5
339.07816 	2475397.3
339.87976 	2444101.2
340.68136 	2412810.1
341.48297 	2381524.5
342.28457 	2350244.5
343.08617 	2318969.7
343.88778 	2287699.8
344.68938 	2256434.4
345.49098 	2225173.5
346.29259 	2193917.1
347.09419 	2162665.3
347.89579 	2131418.1
348.69739 	2100175.2
349.499 	2068936.1
350.3006 	2037700.3
351.1022 	2006467
351.90381 	1975235.7
352.70541 	1944006
353.50701 	1912777.7
354.30862 	1881551
355.11022 	1850326
355.91182 	1819103.4
356.71343 	1787883.5
357.51503 	1756667
358.31663 	1725454.4
359.11824 	1694246
359.91984 	1663042
360.72144 	1631842.6
361.52305 	1600647.5
362.32465 	1569456.2
363.12625 	1538268
363.92786 	1507082
364.72946 	1475897.1
365.53106 	1444712.3
366.33267 	1413526.6
367.13427 	1382339.3
367.93587 	1351149.6
368.73747 	1319956.8
369.53908 	1288760.3
370.34068 	1257559.8
371.14228 	1226354.9
371.94389 	1195145.3
372.74549 	1163930.8
373.54709 	1132711.3
374.3487 	1101487.1
375.1503 	1070258.1
375.9519 	1039024.5
376.75351 	1007786.6
377.55511 	976544.47
379.15832 	914048.07
379.95992 	882793.96
381.56313 	820273.92
382.36473 	789007.77
383.16633 	757737.3
383.96794 	726462.26
384.76954 	695182.38
385.57114 	663897.39
386.37275 	632607.05
387.17435 	601311.19
387.97595 	570009.71
388.77756 	538702.62
389.57916 	507390.02
390.38076 	476072.13
391.18236 	444749.27
391.98397 	413421.83
392.78557 	382090.29
393.58717 	350755.13
394.38878 	319416.86
395.19038 	288075.99
395.99198 	256733
396.79359 	225388.3
397.59519 	194042.31
399.1984 	131347.86
400 	100763.53
