0 	4031626.8
0.3317994 	4031579.3
3.6497934 	3992674
4.3133922 	3992377.6
4.6451916 	3990543.6
4.976991 	3990310.3
5.3087904 	3989671.5
5.9723892 	3978578.9
6.3041886 	3969883.7
6.635988 	3960092.7
7.2995868 	3940406
7.6313862 	3937533.1
7.9631856 	3935598
8.6267844 	3933954.6
8.9585838 	3934003.7
9.953982 	3921018.6
11.944778 	3911485.4
12.276578 	3907390.2
12.608377 	3902292.5
12.940177 	3895402.7
13.271976 	3889753.6
13.603775 	3883835.8
13.935575 	3877541.9
14.267374 	3871489.1
14.599174 	3865693
15.262772 	3855161.1
15.594572 	3854332.1
15.926371 	3854604.6
16.258171 	3854563.4
16.58997 	3855003.6
16.921769 	3854701.8
17.253569 	3854467.9
17.585368 	3853797.3
18.248967 	3848468.9
18.580766 	3842832.8
18.912566 	3838744
19.244365 	3832202.9
19.576165 	3826905.4
19.907964 	3823092
20.571563 	3816210.6
20.903362 	3812826
22.562359 	3811525.9
22.894159 	3811557.2
23.225958 	3810887.1
23.889557 	3801181.8
24.221356 	3793645.8
24.884955 	3780135.8
25.216754 	3776475.1
25.880353 	3769634.6
26.875751 	3748324.9
27.207551 	3739805.6
27.53935 	3731405.5
27.871149 	3722907.2
28.202949 	3714340.8
28.534748 	3705770.1
28.866548 	3697199.2
29.198347 	3688627.4
29.861946 	3671489.1
30.193745 	3662924.3
30.525545 	3654330.5
30.857344 	3645726.4
31.189143 	3637117.6
31.852742 	3619886.7
32.184542 	3611264.2
32.516341 	3602636.9
32.84814 	3594004.5
33.17994 	3585367
33.511739 	3576724.7
33.843539 	3568077.4
34.175338 	3559425.3
34.507137 	3550768.7
35.834335 	3516100.5
36.166134 	3507424.2
36.497934 	3498744.8
36.829733 	3490062.6
37.161533 	3481377.9
37.825131 	3464002.4
38.156931 	3455312.3
38.48873 	3446621.1
39.152329 	3429236.5
39.484128 	3420543.8
39.815928 	3411851.2
40.147727 	3403158.8
40.479527 	3394467.1
41.806724 	3359709.4
42.138524 	3351023
42.802122 	3333654.6
43.133922 	3324972.6
43.465721 	3316292.1
43.797521 	3307613.1
44.461119 	3290259.3
44.792919 	3281584.3
45.124718 	3272910.5
45.456518 	3264237.7
46.120116 	3246894.5
46.783715 	3229553.5
47.115515 	3220883.3
47.779113 	3203542.9
48.110913 	3194872.2
48.442712 	3186201
49.106311 	3168856.5
49.43811 	3160182.8
49.76991 	3151508.2
50.101709 	3142832.3
50.433509 	3134155.2
50.765308 	3125476.9
51.097107 	3116797.2
51.428907 	3108116.2
51.760706 	3099434
52.092506 	3090750.5
52.756104 	3073380.1
53.087904 	3064693.5
53.419703 	3056006
53.751503 	3047317.9
54.083302 	3038629.4
54.415101 	3029940.6
54.746901 	3021251.7
55.0787 	3012563
55.4105 	3003874.6
55.742299 	2995186.7
56.074098 	2986499.6
57.069497 	2960444.6
57.401296 	2951762.3
57.733095 	2943081.6
58.396694 	2925725.5
58.728494 	2917050.2
59.060293 	2908377
59.392092 	2899705.7
59.723892 	2891036.4
60.055691 	2882369.1
60.71929 	2865040.2
61.051089 	2856378.4
62.046488 	2830402.3
62.710086 	2813090.9
63.041886 	2804436.4
63.373685 	2795782.4
63.705485 	2787128.6
64.369083 	2769820.8
65.032682 	2752511.1
65.364482 	2743854.8
65.696281 	2735197.2
66.02808 	2726538.2
66.35988 	2717877.3
66.691679 	2709214.5
67.023479 	2700549.5
67.355278 	2691882
67.687077 	2683211.9
68.350676 	2665863
68.682476 	2657183.9
69.014275 	2648501.5
69.346074 	2639815.6
69.677874 	2631126.2
70.009673 	2622433.1
71.005071 	2596331.2
71.336871 	2587622.9
71.66867 	2578910.7
72.664068 	2552751.5
72.995868 	2544024.3
73.659467 	2526559.6
73.991266 	2517822.2
74.323065 	2509081.7
75.650263 	2474092.4
76.313862 	2456584.3
76.645661 	2447827.8
76.977461 	2439070
77.30926 	2430311.1
77.641059 	2421551.4
77.972859 	2412791.2
78.304658 	2404030.7
78.636458 	2395270.3
78.968257 	2386510.2
79.300056 	2377750.6
79.963655 	2360233.9
80.959053 	2333968.5
81.290853 	2325216.6
81.622652 	2316466.7
81.954452 	2307718.8
82.286251 	2298973.1
82.61805 	2290229.6
83.613448 	2264013
83.945248 	2255278.9
84.277047 	2246547.2
84.608847 	2237817.8
84.940646 	2229090.7
88.922239 	2124513.6
89.254038 	2115807.8
89.585838 	2107102.8
89.917637 	2098398.5
90.249436 	2089694.8
90.913035 	2072288.6
91.244835 	2063585.9
92.240233 	2037478.2
92.572032 	2028775.4
93.235631 	2011368.9
93.56743 	2002665.1
93.89923 	1993960.7
94.231029 	1985255.7
94.562829 	1976550
94.894628 	1967843.6
95.226427 	1959136.3
95.558227 	1950428.1
95.890026 	1941719
96.221826 	1933008.8
96.553625 	1924297.5
96.885424 	1915585.1
98.544421 	1872004
98.876221 	1863283.8
99.53982 	1845839.1
99.871619 	1837114.6
100.86702 	1810932.4
101.19882 	1802202.1
101.86242 	1784737.3
102.19421 	1776002.7
102.52601 	1767266.7
102.85781 	1758529.4
103.18961 	1749790.6
103.52141 	1741050.6
103.85321 	1732309.1
104.51681 	1714822.3
104.84861 	1706076.9
105.51221 	1688582.2
105.84401 	1679832.9
107.17121 	1644822.7
107.50301 	1636066.9
108.1666 	1618551.2
108.4984 	1609791.4
108.8302 	1601030.1
109.8256 	1574738
110.1574 	1565971.1
110.4892 	1557202.8
110.821 	1548433.1
111.1528 	1539662
111.4846 	1530889.5
112.48 	1504563.8
113.14359 	1487006.9
113.47539 	1478226.6
114.13899 	1460662.9
114.80259 	1443095.5
115.13439 	1434310.6
116.12979 	1407952.4
116.46159 	1399165.7
117.78879 	1364018.7
118.12059 	1355232.6
119.11598 	1328878.7
119.77958 	1311314.3
121.10678 	1276202.5
121.77038 	1258656.9
122.10218 	1249887.1
122.43398 	1241119.4
122.76578 	1232353.8
123.09758 	1223590.5
123.76118 	1206070.5
124.09298 	1197313.9
124.75657 	1179807.5
125.08837 	1171057.6
125.42017 	1162309.9
125.75197 	1153564.2
126.08377 	1144820.6
126.41557 	1136078.8
127.07917 	1118600.4
127.41097 	1109863.6
128.07457 	1092393.7
128.40637 	1083660.3
130.39716 	1031270
131.72436 	996337.21
132.05616 	987601.38
132.38796 	978864.1
132.71976 	970125.19
133.05156 	961384.48
133.38336 	952641.8
133.71516 	943897.02
134.04696 	935149.99
134.71056 	917648.71
135.04236 	908894.26
135.37415 	900137.15
135.70595 	891377.34
136.36955 	873849.37
136.70135 	865081.17
137.03315 	856310.14
137.36495 	847536.31
137.69675 	838759.67
138.02855 	829980.29
138.36035 	821198.19
139.02395 	803626.1
140.01935 	777249.35
140.68295 	759653.5
141.01474 	750852.47
141.67834 	733244.76
142.01014 	724438.29
143.00554 	698009.85
143.33734 	689197.72
144.00094 	671570.17
144.33274 	662754.96
144.66454 	653938.93
144.99634 	645122.19
145.32814 	636304.82
145.65994 	627486.93
145.99174 	618668.62
146.32353 	609849.96
146.65533 	601031.06
146.98713 	592211.99
147.31893 	583392.83
147.65073 	574573.68
147.98253 	565754.61
148.31433 	556935.69
148.64613 	548117.02
148.97793 	539298.65
149.30973 	530480.67
149.64153 	521663.15
150.30513 	504029.8
150.63693 	495214.11
150.96873 	486399.18
151.30053 	477585.08
151.63233 	468771.88
151.96412 	459959.66
153.29132 	424721.98
153.62312 	415915.71
154.28672 	398307.44
154.61852 	389505.56
154.95032 	380705.27
155.61392 	363109.68
155.94572 	354314.48
156.60932 	336729.51
156.94112 	327939.81
157.27292 	319152.01
157.93651 	301582.17
158.26831 	292800.16
158.60011 	284020.09
158.93191 	275241.96
159.26371 	266465.74
160.59091 	231379.45
160.92271 	222612.29
162.24991 	187559.28
162.58171 	178799.49
162.9135 	170040.89
163.2453 	161283.36
163.9089 	143771.02
164.2407 	135015.96
164.5725 	126261.47
164.9043 	117507.41
165.2361 	108753.63
165.5679 	100434.75
