0 	9787230.4
6.4128257 	9654521.5
34.468938 	9134700
37.675351 	9055502.5
40.881764 	8976312
50.501002 	8738759.6
53.707415 	8659579.3
62.52505 	8441845
65.731463 	8362672.7
68.937876 	8283502.1
69.739479 	8263709.6
96.993988 	7590702.7
103.40681 	7432297.8
106.61323 	7353085
116.23246 	7115394.2
123.44689 	6937062.7
125.05 	6897427.6
125.8517 	6877605.2
128.25651 	6818140.5
131.46293 	6738842.9
151.50301 	6242927.2
153.90782 	6183380.9
156.31263 	6123826.9
159.51904 	6044409.3
166.73347 	5865670
169.13828 	5806075.2
175.5511 	5647120.1
176.35271 	5627247.2
187.57515 	5348950.8
190.78156 	5269415.6
200.4008 	5030777.3
201.2024 	5010889.9
202.00401 	4991002.6
202.80561 	4971115.3
203.60721 	4951228.1
204.40882 	4931341.2
205.21042 	4911454.4
206.01202 	4891567.9
206.81363 	4871681.6
207.61523 	4851795.7
208.41683 	4831910.1
209.21844 	4812024.9
210.02004 	4792140.1
210.82164 	4772255.7
211.62325 	4752371.9
212.42485 	4732488.5
213.22645 	4712605.7
214.02806 	4692723.4
214.82966 	4672841.7
215.63126 	4652960.6
216.43287 	4633080.1
217.23447 	4613200.3
218.03607 	4593321.1
219.63928 	4553564.8
220.44088 	4533687.7
221.24248 	4513811.4
222.04409 	4493935.8
222.84569 	4474060.9
223.64729 	4454186.8
224.4489 	4434313.5
225.2505 	4414440.9
226.0521 	4394569.1
227.65531 	4354828
228.45691 	4334958.7
229.25852 	4315090.1
230.86172 	4275355.5
231.66333 	4255489.5
232.46493 	4235624.2
234.06814 	4195896.2
234.86974 	4176033.5
235.67134 	4156171.6
236.47295 	4136310.5
237.27455 	4116450.3
238.07615 	4096590.9
238.87776 	4076732.3
239.67936 	4056874.5
240.48096 	4037017.6
241.28257 	4017161.5
242.08417 	3997306.2
242.88577 	3977451.7
243.68737 	3957598
244.48898 	3937745.1
245.29058 	3917893.1
246.09218 	3898041.8
246.89379 	3878191.2
247.69539 	3858341.5
248.49699 	3838492.5
249.2986 	3818644.3
250.1002 	3798796.9
250.9018 	3778950.1
251.70341 	3759104.2
252.50501 	3739258.9
253.30661 	3719414.4
254.10822 	3699570.6
254.90982 	3679727.5
255.71142 	3659885.1
256.51303 	3640043.4
257.31463 	3620202.4
258.11623 	3600362.1
258.91784 	3580522.4
259.71944 	3560683.5
260.52104 	3540845.2
261.32265 	3521007.5
262.12425 	3501170.6
262.92585 	3481334.2
263.72745 	3461498.6
264.52906 	3441663.6
265.33066 	3421829.2
266.13226 	3401995.5
266.93387 	3382162.4
267.73547 	3362329.9
268.53707 	3342498.1
269.33868 	3322667
270.14028 	3302836.4
270.94188 	3283006.6
271.74349 	3263177.3
272.54509 	3243348.7
273.34669 	3223520.7
274.1483 	3203693.3
274.9499 	3183866.6
274.95 	3183864.1
275.7515 	3164040.5
276.55311 	3144215
277.35471 	3124390.2
278.95792 	3084742.4
279.75952 	3064919.5
280.56112 	3045097.2
281.36273 	3025275.6
282.16433 	3005454.5
282.96593 	2985634.2
283.76754 	2965814.5
284.56914 	2945995.4
285.37074 	2926177
286.17234 	2906359.2
286.97395 	2886542.1
288.57715 	2846909.9
289.37876 	2827094.9
290.18036 	2807280.5
290.98196 	2787466.8
291.78357 	2767653.8
292.58517 	2747841.5
293.38677 	2728030
294.18838 	2708219.2
294.98998 	2688409.2
295.79158 	2668599.9
296.59319 	2648791.4
297.39479 	2628983.6
298.19639 	2609176.7
298.998 	2589370.6
299.7996 	2569565.4
300.6012 	2549761
301.40281 	2529957.4
302.20441 	2510154.8
303.00601 	2490353
303.80762 	2470552.2
304.60922 	2450752.4
306.21242 	2411155.5
307.01403 	2391358.6
307.81563 	2371562.7
308.61723 	2351767.9
309.41884 	2331974.1
310.22044 	2312181.4
311.02204 	2292389.8
311.82365 	2272599.3
312.62525 	2252809.9
313.42685 	2233021.7
314.22846 	2213234.7
315.03006 	2193448.9
315.83166 	2173664.3
316.63327 	2153880.9
317.43487 	2134098.8
318.23647 	2114317.9
319.03808 	2094538.3
319.83968 	2074760
320.64128 	2054982.9
321.44289 	2035207.2
322.24449 	2015432.8
323.04609 	1995659.7
323.8477 	1975888
324.6493 	1956117.5
325.4509 	1936348.5
326.25251 	1916580.7
327.05411 	1896814.4
327.85571 	1877049.3
328.65731 	1857285.6
329.45892 	1837523.3
330.26052 	1817762.2
331.06212 	1798002.5
331.86373 	1778244.1
332.66533 	1758487.1
333.46693 	1738731.3
334.26854 	1718976.8
335.07014 	1699223.5
335.87174 	1679471.5
336.67335 	1659720.7
337.47495 	1639971.1
338.27655 	1620222.6
339.07816 	1600475.4
339.87976 	1580729.2
340.68136 	1560984.1
341.48297 	1541240
342.28457 	1521497
343.08617 	1501754.9
343.88778 	1482013.8
344.68938 	1462273.5
345.49098 	1442534.2
346.29259 	1422795.6
347.09419 	1403057.8
347.89579 	1383320.7
348.69739 	1363584.3
349.499 	1343848.6
350.3006 	1324113.4
351.1022 	1304378.7
351.90381 	1284644.5
352.70541 	1264910.7
353.50701 	1245177.3
354.30862 	1225444.2
355.11022 	1205711.4
355.91182 	1185978.8
356.71343 	1166246.3
357.51503 	1146514
358.31663 	1126781.7
359.11824 	1107049.4
359.91984 	1087317.1
360.72144 	1067584.7
361.52305 	1047852.1
362.32465 	1028119.3
363.12625 	1008386.2
363.92786 	988652.89
364.72946 	968919.21
365.53106 	949185.14
366.33267 	929450.65
367.13427 	909715.68
367.93587 	889980.2
368.73747 	870244.18
369.53908 	850507.57
370.34068 	830770.34
371.14228 	811032.48
371.94389 	791293.93
372.74549 	771554.69
373.54709 	751814.72
374.3487 	732074
375.1503 	712332.53
375.9519 	692590.27
376.75351 	672847.22
377.55511 	653103.37
379.15832 	613613.24
379.95992 	593866.96
381.56313 	554371.97
382.36473 	534623.27
383.16633 	514873.78
383.96794 	495123.52
384.76954 	475372.5
385.57114 	455620.74
386.37275 	435868.27
387.17435 	416115.11
387.97595 	396361.28
388.77756 	376606.83
389.57916 	356851.77
390.38076 	337096.15
391.18236 	317340
391.98397 	297583.36
392.78557 	277826.28
393.58717 	258068.8
394.38878 	238310.96
395.19038 	218552.8
395.99198 	198794.39
396.79359 	179035.75
397.59519 	159276.95
399.1984 	119759.05
400 	100481.27
