0 	3836486.6
0.35183948 	3829135.8
0.70367896 	3821405.3
1.0555184 	3813674.9
1.4073579 	3805944.6
1.7591974 	3798214.5
2.1110369 	3790484.7
2.4628764 	3782755.5
2.8147158 	3775027.2
3.1665553 	3767300.1
3.5183948 	3759574.8
3.8702343 	3751842.2
4.2220737 	3744074.2
4.9257527 	3733113.1
5.6294317 	3732749.1
5.9812711 	3732545.2
6.3331106 	3730929.3
8.092308 	3727832.6
8.795987 	3727866.8
9.1478265 	3727823
10.203345 	3727702
10.907024 	3727535.4
11.258863 	3724902.2
11.610703 	3717799.5
11.962542 	3710064.6
12.666221 	3694533.2
13.018061 	3686766.9
13.3699 	3679000.5
13.72174 	3671234.3
14.777258 	3647935.7
15.480937 	3632403.4
15.832777 	3624637.3
16.536456 	3609105.2
17.591974 	3585807.3
18.647492 	3562509.5
19.351171 	3546977.7
19.703011 	3539211.9
20.05485 	3531446
20.40669 	3523680.2
20.758529 	3515914.4
21.462208 	3500382.9
22.165887 	3484851.4
22.869566 	3469320
23.573245 	3453788.7
23.925085 	3446023
24.276924 	3438257.4
24.628764 	3430491.7
25.332442 	3414960.5
25.684282 	3407195
26.387961 	3391663.9
26.7398 	3383898.3
27.09164 	3376132.8
27.443479 	3368367.3
27.795319 	3360601.8
28.147158 	3352836.3
28.850837 	3337305.3
29.202677 	3329539.9
29.554516 	3321774.5
29.906356 	3314009
30.258195 	3306243.6
30.610035 	3298478.2
30.961874 	3290712.8
31.665553 	3275182
32.017393 	3267416.6
32.369232 	3259651.3
32.721072 	3251885.9
33.072911 	3244120.6
33.424751 	3236355.2
33.77659 	3228589.9
34.128429 	3220824.6
34.480269 	3213059.3
34.832108 	3205294
35.183948 	3197528.7
35.535787 	3189763.4
35.887627 	3181998.1
36.239466 	3174232.8
36.591306 	3166467.6
37.294985 	3150937.1
37.646824 	3143171.8
37.998664 	3135406.6
38.702343 	3119876.1
39.406022 	3104345.7
39.757861 	3096580.5
41.165219 	3065519.8
41.517059 	3057754.6
41.868898 	3049989.5
42.220737 	3042224.3
42.924416 	3026694.1
43.276256 	3018929
43.628095 	3011163.8
43.979935 	3003398.7
44.683614 	2987868.5
45.035453 	2980103.5
45.387293 	2972338.4
46.090972 	2956808.3
46.442811 	2949043.2
47.14649 	2933513.2
47.49833 	2925748.2
48.202009 	2910218.2
48.553848 	2902453.2
49.257527 	2886923.2
49.609367 	2879158.3
49.961206 	2871393.3
50.313045 	2863628.4
50.664885 	2855863.5
51.016724 	2848098.6
51.720403 	2832568.8
52.072243 	2824803.9
52.424082 	2817039.1
52.775922 	2809274.2
53.127761 	2801509.4
54.18328 	2778214.9
54.535119 	2770450.2
54.886959 	2762685.4
55.238798 	2754920.6
55.590638 	2747155.9
55.942477 	2739391.1
56.997996 	2716097
57.349835 	2708332.3
57.701675 	2700567.6
58.053514 	2692803
58.405354 	2685038.3
58.757193 	2677273.7
59.109032 	2669509.1
59.460872 	2661744.5
60.164551 	2646215.3
60.51639 	2638450.7
60.86823 	2630686.2
61.220069 	2622921.7
61.571909 	2615157.1
61.923748 	2607392.6
62.275588 	2599628.1
62.627427 	2591863.7
62.979267 	2584099.2
63.331106 	2576334.7
63.682946 	2568570.3
64.034785 	2560805.9
64.386625 	2553041.5
64.738464 	2545277.1
65.442143 	2529748.3
65.793983 	2521984
66.497662 	2506455.3
67.55318 	2483162.4
68.256859 	2467633.9
68.608698 	2459869.7
69.312377 	2444341.2
70.016056 	2428812.8
70.367896 	2421048.6
70.719735 	2413284.5
71.071575 	2405520.3
71.423414 	2397756.2
72.830772 	2366699.8
73.182612 	2358935.7
73.534451 	2351171.7
73.886291 	2343407.6
74.941809 	2320115.6
75.293648 	2312351.6
75.645488 	2304587.6
75.997327 	2296823.6
77.052846 	2273531.8
77.404685 	2265767.9
77.756525 	2258004
78.460204 	2242476.2
78.812043 	2234712.3
79.163883 	2226948.5
80.219401 	2203656.9
81.27492 	2180365.5
81.626759 	2172601.7
81.978599 	2164838
82.330438 	2157074.2
82.682278 	2149310.5
83.034117 	2141546.7
83.385957 	2133783
83.737796 	2126019.3
84.089635 	2118255.6
84.441475 	2110491.9
85.496993 	2087200.8
86.552512 	2063909.9
86.904351 	2056146.3
89.015388 	2009564.7
89.367228 	2001801.2
90.070907 	1986274.1
90.422746 	1978510.6
90.774586 	1970747
91.126425 	1962983.5
91.478265 	1955220
91.830104 	1947456.5
92.533783 	1931929.6
93.237462 	1916402.6
93.589301 	1908639.2
93.941141 	1900875.8
94.29298 	1893112.3
96.052178 	1854295.3
96.404017 	1846531.9
96.755857 	1838768.6
97.459536 	1823241.8
97.811375 	1815478.5
98.163215 	1807715.2
98.515054 	1799951.8
99.922412 	1768898.6
100.27425 	1761135.3
100.62609 	1753372.1
101.32977 	1737845.5
102.03345 	1722319
102.38529 	1714555.8
103.79265 	1683502.9
104.14449 	1675739.7
104.49633 	1667976.5
105.2 	1652450.2
105.90368 	1636923.9
106.25552 	1629160.7
106.60736 	1621397.6
108.01472 	1590345.1
108.36656 	1582582
108.7184 	1574818.9
109.07024 	1567055.9
109.77392 	1551529.7
110.12576 	1543766.7
110.82944 	1528240.6
111.18128 	1520477.5
111.53311 	1512714.5
111.88495 	1504951.5
112.58863 	1489425.5
112.94047 	1481662.5
113.29231 	1473899.5
113.64415 	1466136.5
113.99599 	1458373.5
114.34783 	1450610.6
114.69967 	1442847.6
115.05151 	1435084.7
115.40335 	1427321.7
115.75519 	1419558.8
116.45887 	1404032.9
116.81071 	1396270
117.16255 	1388507.1
117.51439 	1380744.2
118.21806 	1365218.5
118.5699 	1357455.6
118.92174 	1349692.7
119.27358 	1341929.9
119.62542 	1334167
119.97726 	1326404.2
120.3291 	1318641.3
120.68094 	1310878.5
121.03278 	1303115.7
121.38462 	1295352.9
121.73646 	1287590.1
122.0883 	1279827.3
122.79198 	1264301.7
123.14382 	1256538.9
123.49566 	1248776.2
123.8475 	1241013.4
124.19934 	1233250.6
124.55118 	1225487.9
124.90302 	1217725.2
125.25485 	1209962.4
125.60669 	1202199.7
126.66221 	1178911.6
127.01405 	1171148.9
127.36589 	1163386.2
127.71773 	1155623.5
128.06957 	1147860.8
128.42141 	1140098.2
128.77325 	1132335.5
129.12509 	1124572.9
129.47693 	1116810.2
130.18061 	1101285
130.53245 	1093522.3
130.88429 	1085759.7
131.23613 	1077997.1
132.29164 	1054709.3
132.64348 	1046946.8
132.99532 	1039184.2
133.699 	1023659.1
134.05084 	1015896.5
134.40268 	1008134
134.75452 	1000371.4
135.4582 	984846.38
135.81004 	977083.86
136.16188 	969321.35
136.51372 	961558.85
136.86556 	953796.36
137.56924 	938271.39
137.92108 	930508.91
138.27292 	922746.45
138.97659 	907221.53
139.68027 	891696.65
140.03211 	883934.22
140.38395 	876171.79
140.73579 	868409.37
141.08763 	860646.96
141.43947 	852884.56
141.79131 	845122.16
142.14315 	837359.77
142.49499 	829597.38
142.84683 	821835.01
144.25419 	790785.57
145.3097 	767498.56
145.66154 	759736.24
146.01338 	751973.93
146.36522 	744211.62
146.71706 	736449.32
147.0689 	728687.02
147.42074 	720924.74
148.12442 	705400.18
148.8281 	689875.65
149.17994 	682113.4
149.88362 	666588.92
150.23546 	658826.68
150.5873 	651064.46
151.29098 	635540.03
151.99465 	620015.62
152.69833 	604491.25
153.05017 	596729.07
153.40201 	588966.9
153.75385 	581204.74
154.45753 	565680.43
154.80937 	557918.29
155.16121 	550156.15
155.51305 	542394.02
155.86489 	534631.9
156.21673 	526869.79
156.56857 	519107.68
157.62409 	495821.4
157.97593 	488059.32
158.32777 	480297.24
158.67961 	472535.18
159.03144 	464773.12
159.38328 	457011.07
159.73512 	449249.02
160.08696 	441486.99
160.4388 	433724.95
160.79064 	425962.93
161.14248 	418200.92
161.49432 	410438.91
161.84616 	402676.9
162.90168 	379390.94
163.25352 	371628.97
163.9572 	356105.04
164.30904 	348343.09
164.66088 	340581.15
165.01272 	332819.21
165.71639 	317295.36
166.06823 	309533.44
167.12375 	286247.74
167.47559 	278485.85
167.82743 	270723.98
168.17927 	262962.1
168.53111 	255200.24
169.23479 	239676.53
169.58663 	231914.69
169.93847 	224152.86
170.64215 	208629.21
170.99399 	200867.4
171.34583 	193105.6
171.69767 	185343.8
172.04951 	177582.01
172.40134 	169820.23
172.75318 	162058.46
173.10502 	154296.69
174.16054 	131011.44
174.51238 	123249.7
174.86422 	115487.95
