0 	3836483.7
0.35183948 	3829092.8
0.70367896 	3821473.8
1.0555184 	3813621.7
1.4073579 	3805824.2
1.7591974 	3797993.6
2.1110369 	3790164.5
2.4628764 	3782312.3
2.8147158 	3774580.6
3.1665553 	3766753.1
3.5183948 	3758926.6
3.8702343 	3751117.9
4.2220737 	3743276.7
4.9257527 	3727769.1
5.6294317 	3712180.3
5.9812711 	3704348
6.3331106 	3696515.6
8.092308 	3657351.6
8.795987 	3641691.3
9.1478265 	3633862.6
10.203345 	3613132
10.907024 	3597533.2
11.258863 	3589704.6
11.610703 	3581865.4
11.962542 	3573963.6
12.666221 	3560930.6
13.018061 	3553094.9
13.3699 	3545264.3
13.72174 	3537434
14.777258 	3513943.1
15.480937 	3498282.4
15.832777 	3490452
16.536456 	3474791.1
17.591974 	3451299.5
18.647492 	3427807.3
19.351171 	3412145.5
19.703011 	3404314.4
20.05485 	3396483.3
20.40669 	3388652
20.758529 	3380820.7
21.462208 	3365157.7
22.165887 	3349494.2
22.869566 	3333830.4
23.573245 	3318166
23.925085 	3310333.7
24.276924 	3302501.3
24.628764 	3294668.7
25.332442 	3279003.3
25.684282 	3271170.5
26.387961 	3255504.4
26.7398 	3247671.3
27.09164 	3239838
27.443479 	3232004.7
27.795319 	3224171.3
28.147158 	3216337.7
28.850837 	3200670.4
29.202677 	3192836.7
29.554516 	3185002.8
29.906356 	3177168.9
30.258195 	3169334.9
30.610035 	3161500.8
30.961874 	3153666.6
31.665553 	3137998
32.017393 	3130163.5
32.369232 	3122329
32.721072 	3114494.3
33.072911 	3106659.5
33.424751 	3098824.7
33.77659 	3090989.7
34.128429 	3083154.6
34.480269 	3075319.3
34.832108 	3067484
35.183948 	3059648.5
35.535787 	3051812.8
35.887627 	3043977.1
36.239466 	3036141.3
36.591306 	3028305.3
37.294985 	3012633.3
37.646824 	3004797.3
37.998664 	2996961.2
38.702343 	2981289.4
39.406022 	2965617.9
39.757861 	2957782.4
41.165219 	2926435.5
41.517059 	2918552.1
41.868898 	2910968.1
42.220737 	2907241.8
42.924416 	2906837.2
43.276256 	2906804.9
43.628095 	2906772.9
43.979935 	2906740.2
44.683614 	2906674.2
45.035453 	2906641.5
45.387293 	2906609
46.090972 	2906544.3
46.442811 	2906512
47.14649 	2906446.7
47.49833 	2906414.1
48.202009 	2906348.6
48.553848 	2906313.8
49.257527 	2906238.8
49.609367 	2906177.6
49.961206 	2904342.8
50.313045 	2897572.9
50.664885 	2889769.1
51.016724 	2881909.2
51.720403 	2866184.1
52.072243 	2858321.5
52.424082 	2850459
52.775922 	2842596.5
53.127761 	2834734.2
54.18328 	2811147.9
54.535119 	2803286.1
54.886959 	2795424.5
55.238798 	2787563
55.590638 	2779701.7
55.942477 	2771840.5
56.997996 	2748257.8
57.349835 	2740397
57.701675 	2732536.4
58.053514 	2724675.8
58.405354 	2716815.2
58.757193 	2708954.7
59.109032 	2701094.2
59.460872 	2693233.8
60.164551 	2677513
60.51639 	2669652.6
60.86823 	2661792.2
61.220069 	2653931.9
61.571909 	2646071.6
61.923748 	2638211.3
62.275588 	2630351.1
62.627427 	2622490.9
62.979267 	2614630.8
63.331106 	2606770.7
63.682946 	2598910.6
64.034785 	2591050.6
64.386625 	2583190.7
64.738464 	2575330.8
65.442143 	2559611.3
65.793983 	2551751.7
66.497662 	2536032.6
67.55318 	2512454.5
68.256859 	2496736.1
68.608698 	2488877.1
69.312377 	2473159.2
70.016056 	2457441.5
70.367896 	2449582.8
70.719735 	2441724.1
71.071575 	2433865.5
71.423414 	2426007
72.830772 	2394573.3
73.182612 	2386715
73.534451 	2378856.8
73.886291 	2370998.5
74.941809 	2347424
75.293648 	2339565.9
75.645488 	2331707.8
75.997327 	2323849.7
77.052846 	2300275.6
77.404685 	2292417.5
77.756525 	2284559.5
78.460204 	2268843.5
78.812043 	2260985.5
79.163883 	2253127.5
80.219401 	2229553.5
81.27492 	2205979.4
81.626759 	2198121.3
81.978599 	2190263.3
82.330438 	2182405.2
82.682278 	2174547.1
83.034117 	2166689
83.385957 	2158830.9
83.737796 	2150972.8
84.089635 	2143114.6
84.441475 	2135256.5
85.496993 	2111681.9
86.552512 	2088107.2
86.904351 	2080248.9
89.015388 	2033098.9
89.367228 	2025240.5
90.070907 	2009523.6
90.422746 	2001665.1
90.774586 	1993806.6
91.126425 	1985948.1
91.478265 	1978089.6
91.830104 	1970231.1
92.533783 	1954513.9
93.237462 	1938796.8
93.589301 	1930938.1
93.941141 	1923079.5
94.29298 	1915220.9
96.052178 	1875927.4
96.404017 	1868068.7
96.755857 	1860210
97.459536 	1844492.6
97.811375 	1836633.8
98.163215 	1828775.1
98.515054 	1820916.3
99.922412 	1789481.4
100.27425 	1781622.6
100.62609 	1773763.9
101.32977 	1758046.5
102.03345 	1742329.1
102.38529 	1734470.4
103.79265 	1703035.7
104.14449 	1695177.1
104.49633 	1687318.5
105.2 	1671601.3
105.90368 	1655884.2
106.25552 	1648025.6
106.60736 	1640167.1
108.01472 	1608733.3
108.36656 	1600874.9
108.7184 	1593016.5
109.07024 	1585158.1
109.77392 	1569441.5
110.12576 	1561583.2
110.82944 	1545866.6
111.18128 	1538008.4
111.53311 	1530150.2
111.88495 	1522292
112.58863 	1506575.7
112.94047 	1498717.6
113.29231 	1490859.5
113.64415 	1483001.4
113.99599 	1475143.3
114.34783 	1467285.3
114.69967 	1459427.3
115.05151 	1451569.3
115.40335 	1443711.3
115.75519 	1435853.4
116.45887 	1420137.5
116.81071 	1412279.6
117.16255 	1404421.7
117.51439 	1396563.8
118.21806 	1380848.1
118.5699 	1372990.3
118.92174 	1365132.5
119.27358 	1357274.7
119.62542 	1349416.9
119.97726 	1341559.2
120.3291 	1333701.4
120.68094 	1325843.7
121.03278 	1317986
121.38462 	1310128.3
121.73646 	1302270.6
122.0883 	1294412.9
122.79198 	1278697.5
123.14382 	1270839.8
123.49566 	1262982.2
123.8475 	1255124.5
124.19934 	1247266.9
124.55118 	1239409.3
124.90302 	1231551.7
125.25485 	1223694
125.60669 	1215836.4
126.66221 	1192263.6
127.01405 	1184406.1
127.36589 	1176548.5
127.71773 	1168690.9
128.06957 	1160833.3
128.42141 	1152975.8
128.77325 	1145118.2
129.12509 	1137260.6
129.47693 	1129403.1
130.18061 	1113688
130.53245 	1105830.4
130.88429 	1097972.9
131.23613 	1090115.3
132.29164 	1066542.7
132.64348 	1058685.2
132.99532 	1050827.6
133.699 	1035112.6
134.05084 	1027255
134.40268 	1019397.5
134.75452 	1011540
135.4582 	995824.89
135.81004 	987967.36
136.16188 	980109.83
136.51372 	972252.29
136.86556 	964394.76
137.56924 	948679.68
137.92108 	940822.14
138.27292 	932964.6
138.97659 	917249.51
139.68027 	901534.41
140.03211 	893676.85
140.38395 	885819.29
140.73579 	877961.72
141.08763 	870104.16
141.43947 	862246.58
141.79131 	854389
142.14315 	846531.42
142.49499 	838673.83
142.84683 	830816.23
144.25419 	799385.77
145.3097 	775812.83
145.66154 	767955.16
146.01338 	760097.49
146.36522 	752239.8
146.71706 	744382.1
147.0689 	736524.39
147.42074 	728666.67
148.12442 	712951.18
148.8281 	697235.64
149.17994 	689377.84
149.88362 	673662.21
150.23546 	665804.36
150.5873 	657946.5
151.29098 	642230.73
151.99465 	626514.88
152.69833 	610798.96
153.05017 	602940.96
153.40201 	595082.95
153.75385 	587224.91
154.45753 	571508.78
154.80937 	563650.68
155.16121 	555792.55
155.51305 	547934.41
155.86489 	540076.24
156.21673 	532218.04
156.56857 	524359.83
157.62409 	500785.04
157.97593 	492926.72
158.32777 	485068.39
158.67961 	477210.03
159.03144 	469351.64
159.38328 	461493.24
159.73512 	453634.8
160.08696 	445776.35
160.4388 	437917.86
160.79064 	430059.36
161.14248 	422200.83
161.49432 	414342.28
161.84616 	406483.7
162.90168 	382907.84
163.25352 	375049.17
163.9572 	359331.78
164.30904 	351473.05
164.66088 	343614.3
165.01272 	335755.53
165.71639 	320037.93
166.06823 	312179.1
167.12375 	288602.52
167.47559 	280743.63
167.82743 	272884.72
168.17927 	265025.8
168.53111 	257166.87
169.23479 	241448.96
169.58663 	233590
169.93847 	225731.02
170.64215 	210013.04
170.99399 	202154.04
171.34583 	194295.03
171.69767 	186436.02
172.04951 	178577
172.40134 	170717.98
172.75318 	162858.96
173.10502 	154999.94
174.16054 	131422.88
174.51238 	123563.87
174.86422 	115704.84
