0 	9899708.2
6.4128257 	9766552.5
34.468938 	9076971.6
37.675351 	8998165.2
40.881764 	8919360.3
50.501002 	8682955.7
53.707415 	8604157.8
62.52505 	8387473.6
65.731463 	8308683
68.937876 	8229894.2
69.739479 	8210197.3
96.993988 	7540564.5
103.40681 	7383018.9
106.61323 	7304247.9
116.23246 	7067941.6
123.44689 	6890718
125.05 	6851338.1
125.8517 	6831644.5
128.25651 	6772571.6
131.46293 	6693808.6
151.50301 	6201559.4
153.90782 	6142491.7
156.31263 	6083424.5
159.51904 	6004669
166.73347 	5827471.9
169.13828 	5768407.1
175.5511 	5610903.1
176.35271 	5591215.3
187.57515 	5315591.2
190.78156 	5236843.2
200.4008 	5000603.3
201.2024 	4980916.9
202.00401 	4961230.6
202.80561 	4941544.3
203.60721 	4921858
204.40882 	4902171.9
205.21042 	4882485.7
206.01202 	4862799.6
206.81363 	4843113.5
207.61523 	4823427.5
208.41683 	4803741.5
209.21844 	4784055.6
210.02004 	4764369.7
210.82164 	4744683.8
211.62325 	4724998
212.42485 	4705312.3
213.22645 	4685626.5
214.02806 	4665940.9
214.82966 	4646255.2
215.63126 	4626569.6
216.43287 	4606884.1
217.23447 	4587198.6
218.03607 	4567513.1
219.63928 	4528142.3
220.44088 	4508456.9
221.24248 	4488771.6
222.04409 	4469086.4
222.84569 	4449401.2
223.64729 	4429716
224.4489 	4410030.9
225.2505 	4390345.8
226.0521 	4370660.7
227.65531 	4331290.8
228.45691 	4311605.8
229.25852 	4291920.9
230.86172 	4252551.3
231.66333 	4232866.5
232.46493 	4213181.8
234.06814 	4173812.5
234.86974 	4154127.9
235.67134 	4134443.4
236.47295 	4114758.9
237.27455 	4095074.4
238.07615 	4075390
238.87776 	4055705.6
239.67936 	4036021.2
240.48096 	4016336.9
241.28257 	3996652.7
242.08417 	3976968.4
242.88577 	3957284.3
243.68737 	3937600.1
244.48898 	3917916
245.29058 	3898232
246.09218 	3878547.9
246.89379 	3858864
247.69539 	3839180
248.49699 	3819496.1
249.2986 	3799812.3
250.1002 	3780128.5
250.9018 	3760444.7
251.70341 	3740761
252.50501 	3721077.3
253.30661 	3701393.6
254.10822 	3681710
254.90982 	3662026.5
255.71142 	3642342.9
256.51303 	3622659.5
257.31463 	3602976
258.11623 	3583292.6
258.91784 	3563609.3
259.71944 	3543925.9
260.52104 	3524242.7
261.32265 	3504559.4
262.12425 	3484876.2
262.92585 	3465193.1
263.72745 	3445510
264.52906 	3425826.9
265.33066 	3406143.9
266.13226 	3386460.9
266.93387 	3366777.9
267.73547 	3347095
268.53707 	3327412.1
269.33868 	3307729.3
270.14028 	3288046.5
270.94188 	3268363.8
271.74349 	3248681.1
272.54509 	3228998.4
273.34669 	3209315.8
274.1483 	3189633.3
274.9499 	3169950.7
274.95 	3169948.3
275.7515 	3150268.2
276.55311 	3130585.8
277.35471 	3110903.4
278.95792 	3071538.7
279.75952 	3051856.4
280.56112 	3032174.1
281.36273 	3012491.9
282.16433 	2992809.8
282.96593 	2973127.7
283.76754 	2953445.6
284.56914 	2933763.6
285.37074 	2914081.6
286.17234 	2894399.6
286.97395 	2874717.7
288.57715 	2835354
289.37876 	2815672.3
290.18036 	2795990.5
290.98196 	2776308.8
291.78357 	2756627.2
292.58517 	2736945.6
293.38677 	2717264
294.18838 	2697582.5
294.98998 	2677901
295.79158 	2658219.5
296.59319 	2638538.1
297.39479 	2618856.8
298.19639 	2599175.5
298.998 	2579494.2
299.7996 	2559813
300.6012 	2540131.8
301.40281 	2520450.7
302.20441 	2500769.6
303.00601 	2481088.5
303.80762 	2461407.5
304.60922 	2441726.5
306.21242 	2402364.7
307.01403 	2382683.9
307.81563 	2363003.1
308.61723 	2343322.3
309.41884 	2323641.6
310.22044 	2303960.9
311.02204 	2284280.3
311.82365 	2264599.7
312.62525 	2244919.2
313.42685 	2225238.7
314.22846 	2205558.2
315.03006 	2185877.8
315.83166 	2166197.5
316.63327 	2146517.2
317.43487 	2126836.9
318.23647 	2107156.6
319.03808 	2087476.4
319.83968 	2067796.3
320.64128 	2048116.2
321.44289 	2028436.1
322.24449 	2008756.1
323.04609 	1989076.1
323.8477 	1969396.2
324.6493 	1949716.3
325.4509 	1930036.5
326.25251 	1910356.7
327.05411 	1890676.9
327.85571 	1870997.2
328.65731 	1851317.5
329.45892 	1831637.9
330.26052 	1811958.3
331.06212 	1792278.8
331.86373 	1772599.3
332.66533 	1752919.9
333.46693 	1733240.5
334.26854 	1713561.1
335.07014 	1693881.8
335.87174 	1674202.5
336.67335 	1654523.3
337.47495 	1634844.1
338.27655 	1615164.9
339.07816 	1595485.8
339.87976 	1575806.8
340.68136 	1556127.8
341.48297 	1536448.8
342.28457 	1516769.9
343.08617 	1497091
343.88778 	1477412.1
344.68938 	1457733.4
345.49098 	1438054.6
346.29259 	1418375.9
347.09419 	1398697.2
347.89579 	1379018.6
348.69739 	1359340
349.499 	1339661.5
350.3006 	1319983
351.1022 	1300304.6
351.90381 	1280626.2
352.70541 	1260947.8
353.50701 	1241269.5
354.30862 	1221591.2
355.11022 	1201913
355.91182 	1182234.8
356.71343 	1162556.7
357.51503 	1142878.6
358.31663 	1123200.5
359.11824 	1103522.5
359.91984 	1083844.5
360.72144 	1064166.6
361.52305 	1044488.7
362.32465 	1024810.9
363.12625 	1005133.1
363.92786 	985455.33
364.72946 	965777.62
365.53106 	946099.95
366.33267 	926422.32
367.13427 	906744.74
367.93587 	887067.2
368.73747 	867389.71
369.53908 	847712.25
370.34068 	828034.84
371.14228 	808357.47
371.94389 	788680.15
372.74549 	769002.86
373.54709 	749325.62
374.3487 	729648.42
375.1503 	709971.27
375.9519 	690294.15
376.75351 	670617.08
377.55511 	650940.05
379.15832 	611586.11
379.95992 	591909.21
381.56313 	552555.52
382.36473 	532878.74
383.16633 	513202.01
383.96794 	493525.31
384.76954 	473848.65
385.57114 	454172.04
386.37275 	434495.47
387.17435 	414818.94
387.97595 	395142.45
388.77756 	375466
389.57916 	355789.59
390.38076 	336113.23
391.18236 	316436.9
391.98397 	296760.62
392.78557 	277084.37
393.58717 	257408.17
394.38878 	237732.01
395.19038 	218055.88
395.99198 	198379.8
396.79359 	178703.76
397.59519 	159027.76
399.1984 	119675.88
400 	100479.23
