0 	8070204.7
6.4128257 	7931487.4
34.468938 	7446277
37.675351 	7365952.9
40.881764 	7289794.3
50.501002 	7051904.6
53.707415 	7020315.5
62.52505 	7001975.8
65.731463 	6926153.2
68.937876 	6841971.5
69.739479 	6820996
96.993988 	6143141.9
103.40681 	6025283
106.61323 	5946747.1
116.23246 	5762703.3
123.44689 	5668656.7
125.05 	5629202.6
125.8517 	5608542.5
128.25651 	5537647.9
131.46293 	5439610
151.50301 	4999794.3
153.90782 	4945643.4
156.31263 	4889414.2
159.51904 	4814789.3
166.73347 	4792410
169.13828 	4792125.2
175.5511 	4794647.1
176.35271 	4795053.9
187.57515 	4793718.9
190.78156 	4793149.7
200.4008 	4792391.7
201.2024 	4792278
202.00401 	4792356.3
202.80561 	4792816.9
203.60721 	4793442.6
204.40882 	4793670.3
205.21042 	4793542.7
206.01202 	4793257.8
206.81363 	4792823
207.61523 	4792343.4
208.41683 	4792132.1
209.21844 	4792040.1
210.02004 	4791779.1
210.82164 	4791483.7
211.62325 	4791331.4
212.42485 	4791193.7
213.22645 	4791077.6
214.02806 	4790922.7
214.82966 	4790747.6
215.63126 	4790576.7
216.43287 	4790397.5
217.23447 	4790237.9
218.03607 	4790069.8
219.63928 	4789661.8
220.44088 	4789446.9
221.24248 	4789269.4
222.04409 	4789113.9
222.84569 	4788904.8
223.64729 	4788679.6
224.4489 	4788486.6
225.2505 	4788217.4
226.0521 	4787963.8
227.65531 	4787525.8
228.45691 	4787189
229.25852 	4786980.9
230.86172 	4786632.8
231.66333 	4786452.1
232.46493 	4786355.3
234.06814 	4786265.9
234.86974 	4786065.1
235.67134 	4785896.4
236.47295 	4785754
237.27455 	4785696.3
238.07615 	4785659.1
238.87776 	4785522.2
239.67936 	4785284.2
240.48096 	4784867.9
241.28257 	4784044.1
242.08417 	4782420.8
242.88577 	4779078.5
243.68737 	4772157.2
244.48898 	4758624.3
245.29058 	4737929
246.09218 	4714104.7
246.89379 	4689969.6
247.69539 	4665932
248.49699 	4641931.5
249.2986 	4617914.5
250.1002 	4593875.2
250.9018 	4569830.8
251.70341 	4545802.8
252.50501 	4521798.1
253.30661 	4497807
254.10822 	4473816.6
254.90982 	4449819.4
255.71142 	4425814.5
256.51303 	4401803.6
257.31463 	4377789.1
258.11623 	4353773.9
258.91784 	4329760.7
259.71944 	4305751.5
260.52104 	4281746.9
261.32265 	4257746.4
262.12425 	4233748.8
262.92585 	4209752.8
263.72745 	4185757.6
264.52906 	4161762.6
265.33066 	4137767.6
266.13226 	4113772.5
266.93387 	4089777.3
267.73547 	4065781.6
268.53707 	4041785
269.33868 	4017786.4
270.14028 	3993784.6
270.94188 	3969778.7
271.74349 	3945768.4
272.54509 	3921754.6
273.34669 	3897738.6
274.1483 	3873721.7
274.9499 	3849704.5
274.95 	3849701.5
275.7515 	3825687
276.55311 	3801668.4
277.35471 	3777648.2
278.95792 	3729602
279.75952 	3705576.9
280.56112 	3681551.6
281.36273 	3657527
282.16433 	3633504
282.96593 	3609483
283.76754 	3585464
284.56914 	3561446.7
285.37074 	3537430.7
286.17234 	3513415.5
286.97395 	3489401.2
288.57715 	3441379.1
289.37876 	3417373.6
290.18036 	3393373.3
290.98196 	3369378.6
291.78357 	3345389.2
292.58517 	3321404.7
293.38677 	3297424.2
294.18838 	3273447.1
294.98998 	3249472.7
295.79158 	3225500.8
296.59319 	3201530.9
297.39479 	3177562.6
298.19639 	3153595.1
298.998 	3129627.6
299.7996 	3105659.1
300.6012 	3081688.9
301.40281 	3057716.2
302.20441 	3033740.4
303.00601 	3009761.5
303.80762 	2985779.4
304.60922 	2961794.4
306.21242 	2913816.7
307.01403 	2889824.6
307.81563 	2865830.8
308.61723 	2841835.3
309.41884 	2817838.2
310.22044 	2793839.3
311.02204 	2769838.3
311.82365 	2745834.7
312.62525 	2721828.1
313.42685 	2697818
314.22846 	2673803.7
315.03006 	2649785
315.83166 	2625761.4
316.63327 	2601732.8
317.43487 	2577699.1
318.23647 	2553660.4
319.03808 	2529616.7
319.83968 	2505568.1
320.64128 	2481514.9
321.44289 	2457457.1
322.24449 	2433394.7
323.04609 	2409328
323.8477 	2385256.8
324.6493 	2361181.2
325.4509 	2337101.3
326.25251 	2313016.9
327.05411 	2288928.3
327.85571 	2264835.5
328.65731 	2240738.7
329.45892 	2216637.9
330.26052 	2192533.6
331.06212 	2168425.9
331.86373 	2144315.3
332.66533 	2120202.1
333.46693 	2096086.8
334.26854 	2071970
335.07014 	2047852.1
335.87174 	2023733.8
336.67335 	1999615.6
337.47495 	1975498
338.27655 	1951381.7
339.07816 	1927267.2
339.87976 	1903154.9
340.68136 	1879045.3
341.48297 	1854939
342.28457 	1830836.3
343.08617 	1806737.6
343.88778 	1782643.3
344.68938 	1758553.6
345.49098 	1734469
346.29259 	1710389.7
347.09419 	1686315.9
347.89579 	1662247.8
348.69739 	1638185.8
349.499 	1614129.9
350.3006 	1590080.2
351.1022 	1566036.8
351.90381 	1541999.8
352.70541 	1517969.1
353.50701 	1493944.6
354.30862 	1469926.2
355.11022 	1445913.6
355.91182 	1421906.6
356.71343 	1397904.8
357.51503 	1373908
358.31663 	1349915.6
359.11824 	1325927.2
359.91984 	1301942.4
360.72144 	1277960.6
361.52305 	1253981.4
362.32465 	1230004.2
363.12625 	1206028.6
363.92786 	1182054
364.72946 	1158079.9
365.53106 	1134106
366.33267 	1110131.6
367.13427 	1086156.2
367.93587 	1062179.5
368.73747 	1038200.9
369.53908 	1014220
370.34068 	990236.37
371.14228 	966249.51
371.94389 	942259.06
372.74549 	918264.67
373.54709 	894266.03
374.3487 	870262.89
375.1503 	846255.02
375.9519 	822242.28
376.75351 	798224.57
377.55511 	774201.83
379.15832 	726141.24
379.95992 	702103.49
381.56313 	654013.44
382.36473 	629961.37
383.16633 	605904.77
383.96794 	581843.77
384.76954 	557778.51
385.57114 	533709.16
386.37275 	509635.89
387.17435 	485558.87
387.97595 	461478.29
388.77756 	437394.36
389.57916 	413307.3
390.38076 	389217.33
391.18236 	365124.71
391.98397 	341029.67
392.78557 	316932.47
393.58717 	292833.36
394.38878 	268732.58
395.19038 	244630.4
395.99198 	220527.03
396.79359 	196422.71
397.59519 	172317.64
399.1984 	124106.1
400 	100587.14
