0 	9632251.3
6.4128257 	9489294.9
34.468938 	9003605.9
37.675351 	9002896.8
40.881764 	9000488.9
50.501002 	8804425.5
53.707415 	8724422.9
62.52505 	8504524.4
65.731463 	8424595.8
68.937876 	8344684.3
69.739479 	8324710
96.993988 	7646070.4
103.40681 	7486382.2
106.61323 	7406517.8
116.23246 	7166824.5
123.44689 	6986957.4
125.05 	6946981.3
125.8517 	6926988.9
128.25651 	6867017
131.46293 	6787052.9
151.50301 	6287491.1
153.90782 	6227580.6
156.31263 	6167676.7
159.51904 	6087813.9
166.73347 	5908151.1
169.13828 	5848269.7
175.5511 	5688592.3
176.35271 	5668632.7
187.57515 	5389173.4
190.78156 	5309315.4
200.4008 	5069704.6
201.2024 	5049734.7
202.00401 	5029764.6
202.80561 	5009794.2
203.60721 	4989823.5
204.40882 	4969852.5
205.21042 	4949881.4
206.01202 	4929910
206.81363 	4909938.5
207.61523 	4889966.8
208.41683 	4869995
209.21844 	4850023.1
210.02004 	4830051.1
210.82164 	4810079.1
211.62325 	4790107.2
212.42485 	4770135.2
213.22645 	4750163.4
214.02806 	4730191.7
214.82966 	4710220.1
215.63126 	4690248.8
216.43287 	4670277.6
217.23447 	4650306.7
218.03607 	4630336.2
219.63928 	4590396.1
220.44088 	4570426.7
221.24248 	4550457.7
222.04409 	4530489.2
222.84569 	4510521.1
223.64729 	4490553.6
224.4489 	4470586.6
225.2505 	4450620.2
226.0521 	4430654.3
227.65531 	4390724.4
228.45691 	4370760.3
229.25852 	4350796.8
230.86172 	4310871.6
231.66333 	4290909.8
232.46493 	4270948.7
234.06814 	4231027.9
234.86974 	4211068.3
235.67134 	4191109.2
236.47295 	4171150.5
237.27455 	4151192.2
238.07615 	4131234.4
238.87776 	4111276.8
239.67936 	4091319.6
240.48096 	4071362.7
241.28257 	4051406
242.08417 	4031449.5
242.88577 	4011493.1
243.68737 	3991536.9
244.48898 	3971580.8
245.29058 	3951624.7
246.09218 	3931668.7
246.89379 	3911712.6
247.69539 	3891756.5
248.49699 	3871800.3
249.2986 	3851844
250.1002 	3831887.6
250.9018 	3811931
251.70341 	3791974.2
252.50501 	3772017.2
253.30661 	3752059.9
254.10822 	3732102.5
254.90982 	3712144.8
255.71142 	3692186.8
256.51303 	3672228.5
257.31463 	3652270
258.11623 	3632311.1
258.91784 	3612352
259.71944 	3592392.5
260.52104 	3572432.8
261.32265 	3552472.7
262.12425 	3532512.4
262.92585 	3512551.7
263.72745 	3492590.8
264.52906 	3472629.6
265.33066 	3452668.1
266.13226 	3432706.3
266.93387 	3412744.3
267.73547 	3392782.1
268.53707 	3372819.6
269.33868 	3352856.9
270.14028 	3332894
270.94188 	3312931
271.74349 	3292967.7
272.54509 	3273004.4
273.34669 	3253040.9
274.1483 	3233077.2
274.9499 	3213113.5
274.95 	3213111
275.7515 	3193149.7
276.55311 	3173185.8
277.35471 	3153221.9
278.95792 	3113294
279.75952 	3093330
280.56112 	3073366.1
281.36273 	3053402.2
282.16433 	3033438.3
282.96593 	3013474.5
283.76754 	2993510.8
284.56914 	2973547.1
285.37074 	2953583.6
286.17234 	2933620.2
286.97395 	2913656.9
288.57715 	2873730.8
289.37876 	2853768
290.18036 	2833805.3
290.98196 	2813842.8
291.78357 	2793880.6
292.58517 	2773918.5
293.38677 	2753956.7
294.18838 	2733995.1
294.98998 	2714033.7
295.79158 	2694072.6
296.59319 	2674111.7
297.39479 	2654151.1
298.19639 	2634190.8
298.998 	2614230.8
299.7996 	2594271.1
300.6012 	2574311.7
301.40281 	2554352.6
302.20441 	2534393.8
303.00601 	2514435.4
303.80762 	2494477.3
304.60922 	2474519.6
306.21242 	2434605.1
307.01403 	2414648.4
307.81563 	2394692
308.61723 	2374736
309.41884 	2354780.3
310.22044 	2334825
311.02204 	2314870
311.82365 	2294915.4
312.62525 	2274961
313.42685 	2255007
314.22846 	2235053.3
315.03006 	2215099.8
315.83166 	2195146.7
316.63327 	2175193.7
317.43487 	2155241
318.23647 	2135288.5
319.03808 	2115336.2
319.83968 	2095384.1
320.64128 	2075432.1
321.44289 	2055480.3
322.24449 	2035528.5
323.04609 	2015576.8
323.8477 	1995625.2
324.6493 	1975673.6
325.4509 	1955722
326.25251 	1935770.4
327.05411 	1915818.7
327.85571 	1895867
328.65731 	1875915.2
329.45892 	1855963.2
330.26052 	1836011.2
331.06212 	1816059
331.86373 	1796106.6
332.66533 	1776154.1
333.46693 	1756201.4
334.26854 	1736248.5
335.07014 	1716295.3
335.87174 	1696342
336.67335 	1676388.4
337.47495 	1656434.6
338.27655 	1636480.6
339.07816 	1616526.3
339.87976 	1596571.8
340.68136 	1576617.1
341.48297 	1556662.1
342.28457 	1536706.9
343.08617 	1516751.5
343.88778 	1496795.9
344.68938 	1476840.1
345.49098 	1456884
346.29259 	1436927.8
347.09419 	1416971.5
347.89579 	1397014.9
348.69739 	1377058.2
349.499 	1357101.4
350.3006 	1337144.5
351.1022 	1317187.4
351.90381 	1297230.3
352.70541 	1277273.1
353.50701 	1257315.8
354.30862 	1237358.5
355.11022 	1217401.1
355.91182 	1197443.8
356.71343 	1177486.4
357.51503 	1157529
358.31663 	1137571.7
359.11824 	1117614.3
359.91984 	1097657.1
360.72144 	1077699.9
361.52305 	1057742.7
362.32465 	1037785.7
363.12625 	1017828.8
363.92786 	997871.92
364.72946 	977915.2
365.53106 	957958.61
366.33267 	938002.16
367.13427 	918045.86
367.93587 	898089.71
368.73747 	878133.73
369.53908 	858177.91
370.34068 	838222.28
371.14228 	818266.82
371.94389 	798311.56
372.74549 	778356.49
373.54709 	758401.62
374.3487 	738446.95
375.1503 	718492.49
375.9519 	698538.23
376.75351 	678584.19
377.55511 	658630.36
379.15832 	618723.36
379.95992 	598770.18
381.56313 	558864.46
382.36473 	538911.93
383.16633 	518959.6
383.96794 	499007.49
384.76954 	479055.57
385.57114 	459103.87
386.37275 	439152.35
387.17435 	419201.03
387.97595 	399249.9
388.77756 	379298.95
389.57916 	359348.17
390.38076 	339397.55
391.18236 	319447.1
391.98397 	299496.8
392.78557 	279546.64
393.58717 	259596.61
394.38878 	239646.71
395.19038 	219696.92
395.99198 	199747.23
396.79359 	179797.64
397.59519 	159848.14
399.1984 	119949.33
400 	100485.89
