0 	9241408.1
6.4128257 	9141449.5
34.468938 	8600054.3
37.675351 	8534899.2
40.881764 	8454610.4
50.501002 	8229751.1
53.707415 	8158293.2
62.52505 	7953815.7
65.731463 	7880456
68.937876 	7807510.1
69.739479 	7796509.4
96.993988 	7767623.8
103.40681 	7611318
106.61323 	7530174.6
116.23246 	7286752.8
123.44689 	7104118.7
125.05 	7063511.5
125.8517 	7043199.9
128.25651 	6982255.6
131.46293 	6900957.1
151.50301 	6392358.8
153.90782 	6331352.9
156.31263 	6270367.1
159.51904 	6189087.2
166.73347 	6006330.2
169.13828 	5945433.9
175.5511 	5783053
176.35271 	5762754.1
187.57515 	5478463.2
190.78156 	5397191.5
200.4008 	5153282.7
201.2024 	5132955
202.00401 	5112627.7
202.80561 	5092300.9
203.60721 	5071974.9
204.40882 	5051649.7
205.21042 	5031325.6
206.01202 	5011002.6
206.81363 	4990680.9
207.61523 	4970360.6
208.41683 	4950041.8
209.21844 	4929724.6
210.02004 	4909409
210.82164 	4889095.1
211.62325 	4868783
212.42485 	4848472.6
213.22645 	4828164
214.02806 	4807857.1
214.82966 	4787552
215.63126 	4767248.7
216.43287 	4746947.1
217.23447 	4726647.1
218.03607 	4706348.8
219.63928 	4665756.7
220.44088 	4645463
221.24248 	4625170.6
222.04409 	4604879.6
222.84569 	4584589.9
223.64729 	4564301.5
224.4489 	4544014.2
225.2505 	4523728.1
226.0521 	4503443.2
227.65531 	4462876.5
228.45691 	4442594.6
229.25852 	4422313.8
230.86172 	4381755
231.66333 	4361476.9
232.46493 	4341199.7
234.06814 	4300647.9
234.86974 	4280373.3
235.67134 	4260099.3
236.47295 	4239826.2
237.27455 	4219553.7
238.07615 	4199281.9
238.87776 	4179010.7
239.67936 	4158740.1
240.48096 	4138470
241.28257 	4118200.4
242.08417 	4097931.2
242.88577 	4077662.4
243.68737 	4057393.8
244.48898 	4037125.5
245.29058 	4016857.3
246.09218 	3996589.2
246.89379 	3976321.1
247.69539 	3956053
248.49699 	3935784.7
249.2986 	3915516.2
250.1002 	3895247.5
250.9018 	3874978.4
251.70341 	3854708.9
252.50501 	3834439
253.30661 	3814168.5
254.10822 	3793897.5
254.90982 	3773625.8
255.71142 	3753353.5
256.51303 	3733080.4
257.31463 	3712806.5
258.11623 	3692531.9
258.91784 	3672256.4
259.71944 	3651980.1
260.52104 	3631703
261.32265 	3611424.9
262.12425 	3591146
262.92585 	3570866.2
263.72745 	3550585.5
264.52906 	3530303.9
265.33066 	3510021.5
266.13226 	3489738.2
266.93387 	3469454
267.73547 	3449169
268.53707 	3428883.2
269.33868 	3408596.6
270.14028 	3388309.3
270.94188 	3368021.2
271.74349 	3347732.4
272.54509 	3327442.9
273.34669 	3307152.7
274.1483 	3286861.8
274.9499 	3266570.3
274.95 	3266567.8
275.7515 	3246278.2
276.55311 	3225985.4
277.35471 	3205692
278.95792 	3165103.5
279.75952 	3144808.4
280.56112 	3124512.6
281.36273 	3104216.3
282.16433 	3083919.4
282.96593 	3063621.8
283.76754 	3043323.7
284.56914 	3023024.9
285.37074 	3002725.6
286.17234 	2982425.6
286.97395 	2962124.9
288.57715 	2921521.6
289.37876 	2901218.9
290.18036 	2880915.6
290.98196 	2860611.6
291.78357 	2840306.8
292.58517 	2820001.4
293.38677 	2799695.3
294.18838 	2779388.4
294.98998 	2759080.8
295.79158 	2738772.6
296.59319 	2718463.7
297.39479 	2698154
298.19639 	2677843.8
298.998 	2657532.8
299.7996 	2637221.3
300.6012 	2616909.1
301.40281 	2596596.4
302.20441 	2576283.1
303.00601 	2555969.4
303.80762 	2535655.1
304.60922 	2515340.4
306.21242 	2474710
307.01403 	2454394.3
307.81563 	2434078.4
308.61723 	2413762.3
309.41884 	2393446.1
310.22044 	2373129.7
311.02204 	2352813.4
311.82365 	2332497.2
312.62525 	2312181
313.42685 	2291865
314.22846 	2271549.2
315.03006 	2251233.7
315.83166 	2230918.5
316.63327 	2210603.8
317.43487 	2190289.5
318.23647 	2169975.7
319.03808 	2149662.5
319.83968 	2129349.9
320.64128 	2109038
321.44289 	2088726.7
322.24449 	2068416.3
323.04609 	2048106.5
323.8477 	2027797.7
324.6493 	2007489.6
325.4509 	1987182.5
326.25251 	1966876.2
327.05411 	1946570.8
327.85571 	1926266.4
328.65731 	1905962.9
329.45892 	1885660.2
330.26052 	1865358.6
331.06212 	1845057.8
331.86373 	1824757.9
332.66533 	1804458.9
333.46693 	1784160.7
334.26854 	1763863.4
335.07014 	1743566.8
335.87174 	1723271
336.67335 	1702975.8
337.47495 	1682681.4
338.27655 	1662387.5
339.07816 	1642094.2
339.87976 	1621801.4
340.68136 	1601509
341.48297 	1581217
342.28457 	1560925.4
343.08617 	1540634
343.88778 	1520342.9
344.68938 	1500052
345.49098 	1479761.1
346.29259 	1459470.3
347.09419 	1439179.5
347.89579 	1418888.7
348.69739 	1398597.8
349.499 	1378306.8
350.3006 	1358015.6
351.1022 	1337724.3
351.90381 	1317432.7
352.70541 	1297140.9
353.50701 	1276848.8
354.30862 	1256556.5
355.11022 	1236263.8
355.91182 	1215970.9
356.71343 	1195677.6
357.51503 	1175384
358.31663 	1155090.2
359.11824 	1134796
359.91984 	1114501.6
360.72144 	1094206.9
361.52305 	1073911.9
362.32465 	1053616.7
363.12625 	1033321.2
363.92786 	1013025.6
364.72946 	992729.85
365.53106 	972433.94
366.33267 	952137.93
367.13427 	931841.84
367.93587 	911545.72
368.73747 	891249.61
369.53908 	870953.52
370.34068 	850657.52
371.14228 	830361.62
371.94389 	810065.87
372.74549 	789770.31
373.54709 	769474.98
374.3487 	749179.92
375.1503 	728885.15
375.9519 	708590.73
376.75351 	688296.69
377.55511 	668003.06
379.15832 	627417.16
379.95992 	607124.95
381.56313 	566542.16
382.36473 	546251.61
383.16633 	525961.67
383.96794 	505672.33
384.76954 	485383.61
385.57114 	465095.51
386.37275 	444808.04
387.17435 	424521.2
387.97595 	404234.99
388.77756 	383949.38
389.57916 	363664.37
390.38076 	343379.94
391.18236 	323096.06
391.98397 	302812.72
392.78557 	282529.87
393.58717 	262247.49
394.38878 	241965.53
395.19038 	221683.96
395.99198 	201402.72
396.79359 	181121.79
397.59519 	160841.1
399.1984 	120280.26
400 	100493.95
