0 	3836472.7
0.35183948 	3828865.2
0.70367896 	3820869.1
1.0555184 	3812852.7
1.4073579 	3804896.1
1.7591974 	3796901.3
2.1110369 	3788904.8
2.4628764 	3780907.9
2.8147158 	3772911
3.1665553 	3764900.4
3.5183948 	3756963.8
3.8702343 	3748953.1
4.2220737 	3740983.4
4.9257527 	3725002.4
5.6294317 	3709045.4
5.9812711 	3701205.1
6.3331106 	3693325.3
8.092308 	3653376.7
8.795987 	3637394.4
9.1478265 	3629403.4
10.203345 	3605439.8
10.907024 	3589449.7
11.258863 	3581677.9
11.610703 	3573733.5
11.962542 	3565740.8
12.666221 	3549787.1
13.018061 	3541808
13.3699 	3533820.9
13.72174 	3525834.2
14.777258 	3501874.2
15.480937 	3485901.1
15.832777 	3477914.5
16.536456 	3461941.4
17.591974 	3437981.9
18.647492 	3414022.5
19.351171 	3398049.6
19.703011 	3390063.2
20.05485 	3382076.7
20.40669 	3374090.3
20.758529 	3366104.1
21.462208 	3350120.7
22.165887 	3337549.3
22.869566 	3321534.9
23.573245 	3305764.3
23.925085 	3300305.4
24.276924 	3292443.8
24.628764 	3284448.9
25.332442 	3268459.5
25.684282 	3260465
26.387961 	3244476.3
26.7398 	3236482
27.09164 	3228487.9
27.443479 	3220493.9
27.795319 	3212500
28.147158 	3204506.1
28.850837 	3188518.8
29.202677 	3180525.3
29.554516 	3172531.9
29.906356 	3164538.6
30.258195 	3156545.4
30.610035 	3148552.3
30.961874 	3140559.4
31.665553 	3124573.9
32.017393 	3116581.3
32.369232 	3108588.9
32.721072 	3100596.6
33.072911 	3092604.5
33.424751 	3084612.5
33.77659 	3076620.6
34.128429 	3068628.9
34.480269 	3060637.3
34.832108 	3052645.9
35.183948 	3044654.6
35.535787 	3036663.5
35.887627 	3028672.5
36.239466 	3020681.7
36.591306 	3012691.1
37.294985 	2996710.3
37.646824 	2988720.1
37.998664 	2980730
38.702343 	2964750.4
39.406022 	2948771.4
39.757861 	2940782.1
41.165219 	2908826.3
41.517059 	2900837.7
41.868898 	2892849.2
42.220737 	2884860.8
42.924416 	2868884.3
43.276256 	2860896.2
43.628095 	2852908.3
43.979935 	2844920.4
44.683614 	2828944.8
45.035453 	2820957.1
45.387293 	2812969.5
46.090972 	2796994.4
46.442811 	2789006.9
47.14649 	2773032.1
47.49833 	2765044.6
48.202009 	2749069.9
48.553848 	2741082.5
49.257527 	2725107.6
49.609367 	2717120.1
49.961206 	2709132.7
50.313045 	2701145.1
50.664885 	2693157.5
51.016724 	2685169.9
51.720403 	2669194.5
52.072243 	2661206.6
52.424082 	2653218.7
52.775922 	2645230.7
53.127761 	2637242.6
54.18328 	2613277.8
54.535119 	2605289.3
54.886959 	2597300.7
55.238798 	2589312
55.590638 	2581323.2
55.942477 	2573334.3
56.997996 	2549366.7
57.349835 	2541377.3
57.701675 	2533387.7
58.053514 	2525398
58.405354 	2517408.2
58.757193 	2509418.2
59.109032 	2501428.1
59.460872 	2493437.9
60.164551 	2477457
60.51639 	2469466.4
60.86823 	2461475.7
61.220069 	2453484.8
61.571909 	2445493.8
61.923748 	2437502.6
62.275588 	2429511.4
62.627427 	2421520
62.979267 	2413528.5
63.331106 	2405536.9
63.682946 	2397545.1
64.034785 	2389553.2
64.386625 	2381561.2
64.738464 	2373569.1
65.442143 	2357584.6
65.793983 	2349592.2
66.497662 	2333607.1
67.55318 	2309628.8
68.256859 	2293642.9
68.608698 	2285649.9
69.312377 	2269663.7
70.016056 	2253677.4
70.367896 	2245684.3
70.719735 	2237691.1
71.071575 	2229698
71.423414 	2221704.8
72.830772 	2189732.8
73.182612 	2181739.9
73.534451 	2173747.1
73.886291 	2165754.3
74.941809 	2141776.5
75.293648 	2133784
75.645488 	2125791.6
75.997327 	2117799.2
77.052846 	2093822.4
77.404685 	2085830.1
77.756525 	2077837.9
78.460204 	2061853.4
78.812043 	2053861.1
79.163883 	2045868.7
80.219401 	2021891.4
81.27492 	1997913.4
81.626759 	1989920.5
81.978599 	1981927.6
82.330438 	1973934.4
82.682278 	1965939.2
83.034117 	1957920.2
83.385957 	1949812
83.737796 	1942411.8
84.089635 	1938357.9
84.441475 	1937771.2
85.496993 	1937686.4
86.552512 	1937609.4
86.904351 	1937585.8
89.015388 	1937432.7
89.367228 	1937406.1
90.070907 	1937347.3
90.422746 	1937317.5
90.774586 	1937285.1
91.126425 	1937249.3
91.478265 	1937212.7
91.830104 	1937180.1
92.533783 	1937122.5
93.237462 	1937059.6
93.589301 	1937025.3
93.941141 	1936992.9
94.29298 	1936962.3
96.052178 	1925682.6
96.404017 	1917635.7
96.755857 	1909559.3
97.459536 	1893400.8
97.811375 	1885320.3
98.163215 	1877239.6
98.515054 	1869159.1
99.922412 	1836840
100.27425 	1828760.9
100.62609 	1820682.1
101.32977 	1804525
102.03345 	1788368.7
102.38529 	1780290.8
103.79265 	1747980.6
104.14449 	1739903.4
104.49633 	1731826.3
105.2 	1715672.3
105.90368 	1699518.7
106.25552 	1691442
106.60736 	1683365.4
108.01472 	1651059.5
108.36656 	1642983.1
108.7184 	1634906.7
109.07024 	1626830.3
109.77392 	1610677.6
110.12576 	1602601.3
110.82944 	1586448.6
111.18128 	1578372.2
111.53311 	1570295.7
111.88495 	1562219.3
112.58863 	1546066.2
112.94047 	1537989.6
113.29231 	1529913
113.64415 	1521836.3
113.99599 	1513759.6
114.34783 	1505682.8
114.69967 	1497605.9
115.05151 	1489528.9
115.40335 	1481451.9
115.75519 	1473374.9
116.45887 	1457220.5
116.81071 	1449143.3
117.16255 	1441065.9
117.51439 	1432988.5
118.21806 	1416833.6
118.5699 	1408756
118.92174 	1400678.4
119.27358 	1392600.7
119.62542 	1384522.9
119.97726 	1376445.1
120.3291 	1368367.3
120.68094 	1360289.4
121.03278 	1352211.5
121.38462 	1344133.5
121.73646 	1336055.5
122.0883 	1327977.5
122.79198 	1311821.3
123.14382 	1303743.2
123.49566 	1295665.1
123.8475 	1287586.9
124.19934 	1279508.7
124.55118 	1271430.5
124.90302 	1263352.3
125.25485 	1255274.1
125.60669 	1247195.8
126.66221 	1222961.1
127.01405 	1214882.8
127.36589 	1206804.5
127.71773 	1198726.3
128.06957 	1190648
128.42141 	1182569.7
128.77325 	1174491.5
129.12509 	1166413.2
129.47693 	1158335
130.18061 	1142178.5
130.53245 	1134100.2
130.88429 	1126022
131.23613 	1117943.8
132.29164 	1093709.2
132.64348 	1085631.1
132.99532 	1077552.9
133.699 	1061396.6
134.05084 	1053318.5
134.40268 	1045240.4
134.75452 	1037162.4
135.4582 	1021006.3
135.81004 	1012928.2
136.16188 	1004850.2
136.51372 	996772.27
136.86556 	988694.32
137.56924 	972538.47
137.92108 	964460.59
138.27292 	956382.72
138.97659 	940227.06
139.68027 	924071.48
140.03211 	915993.73
140.38395 	907916
140.73579 	899838.29
141.08763 	891760.6
141.43947 	883682.93
141.79131 	875605.29
142.14315 	867527.66
142.49499 	859450.04
142.84683 	851372.45
144.25419 	819062.22
145.3097 	794829.66
145.66154 	786752.16
146.01338 	778674.65
146.36522 	770597.15
146.71706 	762519.65
147.0689 	754442.15
147.42074 	746364.65
148.12442 	730209.61
148.8281 	714054.54
149.17994 	705976.98
149.88362 	689821.81
150.23546 	681744.19
150.5873 	673666.54
151.29098 	657511.17
151.99465 	641355.68
152.69833 	625200.03
153.05017 	617122.15
153.40201 	609044.23
153.75385 	600966.25
154.45753 	584810.16
154.80937 	576732.04
155.16121 	568653.86
155.51305 	560575.63
155.86489 	552497.33
156.21673 	544418.98
156.56857 	536340.56
157.62409 	512104.91
157.97593 	504026.22
158.32777 	495947.47
158.67961 	487868.63
159.03144 	479789.73
159.38328 	471710.75
159.73512 	463631.69
160.08696 	455552.55
160.4388 	447473.34
160.79064 	439394.04
161.14248 	431314.67
161.49432 	423235.21
161.84616 	415155.67
162.90168 	390916.56
163.25352 	382836.7
163.9572 	366676.71
164.30904 	358596.6
164.66088 	350516.4
165.01272 	342436.13
165.71639 	326275.34
166.06823 	318194.83
167.12375 	293952.84
167.47559 	285872.04
167.82743 	277791.16
168.17927 	269710.22
168.53111 	261629.21
169.23479 	245467.01
169.58663 	237385.82
169.93847 	229304.58
170.64215 	213141.94
170.99399 	205060.55
171.34583 	196979.12
171.69767 	188897.65
172.04951 	180816.15
172.40134 	172734.61
172.75318 	164653.05
173.10502 	156571.46
174.16054 	132326.59
174.51238 	124244.95
174.86422 	116163.3
