0 	9102549
6.4128257 	8977765.9
34.468938 	8443454.7
37.675351 	8378125
40.881764 	8307537
50.501002 	8090023.4
53.707415 	8044117
62.52505 	7885347.4
65.731463 	7807212.5
68.937876 	7730617.1
69.739479 	7711543.5
96.993988 	7458976.7
103.40681 	7457384.5
106.61323 	7456750.4
116.23246 	7372908.1
123.44689 	7187805.8
125.05 	7146677.9
125.8517 	7126109.2
128.25651 	7064411.2
131.46293 	6982148.2
151.50301 	6467843.1
153.90782 	6406063.2
156.31263 	6344277.7
159.51904 	6261901
166.73347 	6076604.1
169.13828 	6014861.3
175.5511 	5850283.9
176.35271 	5829716.8
187.57515 	5541768
190.78156 	5459505.1
200.4008 	5212818.4
201.2024 	5192266
202.00401 	5171714.2
202.80561 	5151162.9
203.60721 	5130612.2
204.40882 	5110062
205.21042 	5089512.3
206.01202 	5068963
206.81363 	5048414.3
207.61523 	5027866.1
208.41683 	5007318.5
209.21844 	4986771.3
210.02004 	4966224.6
210.82164 	4945678.5
211.62325 	4925132.9
212.42485 	4904587.7
213.22645 	4884043.1
214.02806 	4863498.9
214.82966 	4842955.2
215.63126 	4822411.9
216.43287 	4801868.9
217.23447 	4781326.3
218.03607 	4760784
219.63928 	4719700.1
220.44088 	4699158.4
221.24248 	4678616.8
222.04409 	4658075.3
222.84569 	4637533.7
223.64729 	4616992.1
224.4489 	4596450.3
225.2505 	4575908.4
226.0521 	4555366.4
227.65531 	4514281.4
228.45691 	4493738.4
229.25852 	4473195.1
230.86172 	4432107
231.66333 	4411562.2
232.46493 	4391016.8
234.06814 	4349924.3
234.86974 	4329377.1
235.67134 	4308829.2
236.47295 	4288280.6
237.27455 	4267731.3
238.07615 	4247181.3
238.87776 	4226630.7
239.67936 	4206079.3
240.48096 	4185527.4
241.28257 	4164974.8
242.08417 	4144421.7
242.88577 	4123868
243.68737 	4103314
244.48898 	4082759.5
245.29058 	4062204.8
246.09218 	4041649.9
246.89379 	4021094.8
247.69539 	4000539.7
248.49699 	3979984.5
249.2986 	3959429.5
250.1002 	3938874.7
250.9018 	3918320
251.70341 	3897765.7
252.50501 	3877211.7
253.30661 	3856658.1
254.10822 	3836104.8
254.90982 	3815552.1
255.71142 	3794999.7
256.51303 	3774447.9
257.31463 	3753896.5
258.11623 	3733345.6
258.91784 	3712795.1
259.71944 	3692245.1
260.52104 	3671695.6
261.32265 	3651146.5
262.12425 	3630597.9
262.92585 	3610049.8
263.72745 	3589502.3
264.52906 	3568955.2
265.33066 	3548408.7
266.13226 	3527862.8
266.93387 	3507317.6
267.73547 	3486773.1
268.53707 	3466229.2
269.33868 	3445686.2
270.14028 	3425144
270.94188 	3404602.6
271.74349 	3384062.1
272.54509 	3363522.6
273.34669 	3342983.9
274.1483 	3322446.3
274.9499 	3301909.6
274.95 	3301907
275.7515 	3281373.9
276.55311 	3260839.2
277.35471 	3240305.5
278.95792 	3199240.9
279.75952 	3178710.1
280.56112 	3158180.1
281.36273 	3137651.2
282.16433 	3117123.1
282.96593 	3096595.8
283.76754 	3076069.4
284.56914 	3055543.9
285.37074 	3035019.1
286.17234 	3014495
286.97395 	2993971.7
288.57715 	2952927
289.37876 	2932405.5
290.18036 	2911884.5
290.98196 	2891364
291.78357 	2870844
292.58517 	2850324.3
293.38677 	2829805
294.18838 	2809285.9
294.98998 	2788767.1
295.79158 	2768248.5
296.59319 	2747730
297.39479 	2727211.7
298.19639 	2706693.5
298.998 	2686175.3
299.7996 	2665657.2
300.6012 	2645139.1
301.40281 	2624620.9
302.20441 	2604102.8
303.00601 	2583584.6
303.80762 	2563066.3
304.60922 	2542547.9
306.21242 	2501510.8
307.01403 	2480992
307.81563 	2460473
308.61723 	2439953.8
309.41884 	2419434.4
310.22044 	2398914.7
311.02204 	2378394.8
311.82365 	2357874.6
312.62525 	2337354.1
313.42685 	2316833.2
314.22846 	2296312.1
315.03006 	2275790.5
315.83166 	2255268.6
316.63327 	2234746.3
317.43487 	2214223.7
318.23647 	2193700.6
319.03808 	2173177.1
319.83968 	2152653.2
320.64128 	2132128.9
321.44289 	2111604.1
322.24449 	2091078.9
323.04609 	2070553.2
323.8477 	2050027.2
324.6493 	2029500.6
325.4509 	2008973.6
326.25251 	1988446.2
327.05411 	1967918.3
327.85571 	1947389.9
328.65731 	1926861.1
329.45892 	1906331.8
330.26052 	1885802.1
331.06212 	1865271.8
331.86373 	1844741.2
332.66533 	1824210
333.46693 	1803678.4
334.26854 	1783146.3
335.07014 	1762613.8
335.87174 	1742080.9
336.67335 	1721547.5
337.47495 	1701013.7
338.27655 	1680479.5
339.07816 	1659944.9
339.87976 	1639409.9
340.68136 	1618874.6
341.48297 	1598339
342.28457 	1577803.1
343.08617 	1557267
343.88778 	1536730.6
344.68938 	1516193.9
345.49098 	1495657.1
346.29259 	1475120.2
347.09419 	1454583.1
347.89579 	1434045.9
348.69739 	1413508.6
349.499 	1392971.3
350.3006 	1372433.9
351.1022 	1351896.6
351.90381 	1331359.3
352.70541 	1310822.1
353.50701 	1290285
354.30862 	1269748
355.11022 	1249211.2
355.91182 	1228674.6
356.71343 	1208138.2
357.51503 	1187602.1
358.31663 	1167066.3
359.11824 	1146530.8
359.91984 	1125995.7
360.72144 	1105460.9
361.52305 	1084926.6
362.32465 	1064392.8
363.12625 	1043859.5
363.92786 	1023326.6
364.72946 	1002794.3
365.53106 	982262.62
366.33267 	961731.48
367.13427 	941200.94
367.93587 	920671.03
368.73747 	900141.76
369.53908 	879613.14
370.34068 	859085.18
371.14228 	838557.89
371.94389 	818031.27
372.74549 	797505.34
373.54709 	776980.09
374.3487 	756455.52
375.1503 	735931.65
375.9519 	715408.46
376.75351 	694885.96
377.55511 	674364.16
379.15832 	633322.6
379.95992 	612802.85
381.56313 	571765.38
382.36473 	551247.66
383.16633 	530730.62
383.96794 	510214.24
384.76954 	489698.51
385.57114 	469183.44
386.37275 	448669.01
387.17435 	428155.2
387.97595 	407642.01
388.77756 	387129.42
389.57916 	366617.41
390.38076 	346105.95
391.18236 	325595.02
391.98397 	305084.6
392.78557 	284574.65
393.58717 	264065.14
394.38878 	243556.03
395.19038 	223047.29
395.99198 	202538.87
396.79359 	182030.72
397.59519 	161522.81
399.1984 	120507.5
400 	100499.49
