0 	7276916.5
6.4128257 	7208978.9
34.468938 	6543367
37.675351 	6474501.1
40.881764 	6409958.3
50.501002 	6270691.4
53.707415 	6251041.4
62.52505 	6045683.6
65.731463 	5971913.3
68.937876 	5910737.9
69.739479 	5891744.6
96.993988 	5450120.6
103.40681 	5348714.8
106.61323 	5327514.5
116.23246 	5101442.1
123.44689 	5015235.7
125.05 	4988652.5
125.8517 	4983544.1
128.25651 	4978408
131.46293 	4976274
151.50301 	4543963.2
153.90782 	4483335.3
156.31263 	4421937
159.51904 	4340458.1
166.73347 	4210686.8
169.13828 	4197409.5
175.5511 	4042785.1
176.35271 	4021989.5
187.57515 	3712222.4
190.78156 	3623690.1
200.4008 	3422461.6
201.2024 	3396559.2
202.00401 	3368396.9
202.80561 	3341897
203.60721 	3324013.4
204.40882 	3315298.1
205.21042 	3311385.1
206.01202 	3309694.5
206.81363 	3308962.5
207.61523 	3308532.5
208.41683 	3308178.7
209.21844 	3307893.8
210.02004 	3307685.5
210.82164 	3307530.3
211.62325 	3307371.6
212.42485 	3307200.4
213.22645 	3307003.9
214.02806 	3306729.4
214.82966 	3306393.7
215.63126 	3306085.9
216.43287 	3305880.9
217.23447 	3305765
218.03607 	3305587.1
219.63928 	3304820.3
220.44088 	3304295.6
221.24248 	3303736.8
222.04409 	3303191.6
222.84569 	3302728
223.64729 	3302339.1
224.4489 	3301974.9
225.2505 	3301615.3
226.0521 	3301227.7
227.65531 	3300380.3
228.45691 	3300008.3
229.25852 	3299658.7
230.86172 	3298937.2
231.66333 	3298576.2
232.46493 	3298215.1
234.06814 	3297438.5
234.86974 	3297057.1
235.67134 	3296697.4
236.47295 	3296387.6
237.27455 	3296135.5
238.07615 	3295929.7
238.87776 	3295762.3
239.67936 	3295627.3
240.48096 	3295531.5
241.28257 	3295448.7
242.08417 	3295402.2
242.88577 	3295437.8
243.68737 	3295555.2
244.48898 	3295736
245.29058 	3295943.9
246.09218 	3296179.2
246.89379 	3296452.7
247.69539 	3296790.5
248.49699 	3297190.4
249.2986 	3297635.4
250.1002 	3298115
250.9018 	3298616.2
251.70341 	3299147.9
252.50501 	3299697.8
253.30661 	3300240.2
254.10822 	3300765
254.90982 	3301215.2
255.71142 	3301597.6
256.51303 	3301922.8
257.31463 	3302170.8
258.11623 	3302346.3
258.91784 	3302483.7
259.71944 	3302584.5
260.52104 	3302689.9
261.32265 	3302910.7
262.12425 	3303136.4
262.92585 	3303178.6
263.72745 	3303090.2
264.52906 	3302946.8
265.33066 	3302774.2
266.13226 	3302592.8
266.93387 	3302405.6
267.73547 	3302232.8
268.53707 	3302084.5
269.33868 	3301967.9
270.14028 	3301875.9
270.94188 	3301795.5
271.74349 	3301719.7
272.54509 	3301641
273.34669 	3301552.8
274.1483 	3301463.8
274.9499 	3301354.9
274.95 	3301354.8
275.7515 	3301207.7
276.55311 	3301037.5
277.35471 	3300853.2
278.95792 	3300442.5
279.75952 	3300197.2
280.56112 	3299943.3
281.36273 	3299691.4
282.16433 	3299448.3
282.96593 	3299227
283.76754 	3299018.3
284.56914 	3298812.3
285.37074 	3298614.3
286.17234 	3298424.8
286.97395 	3298237
288.57715 	3297912.1
289.37876 	3297768
290.18036 	3297637.6
290.98196 	3297528.4
291.78357 	3297444.6
292.58517 	3297364.5
293.38677 	3297258.2
294.18838 	3297103.1
294.98998 	3296844.3
295.79158 	3296497.6
296.59319 	3296179.8
297.39479 	3295917.7
298.19639 	3295693.4
298.998 	3295505.7
299.7996 	3295239.3
300.6012 	3294976.7
301.40281 	3294720.1
302.20441 	3294364.3
303.00601 	3293999.6
303.80762 	3293630.4
304.60922 	3293300.1
306.21242 	3292700.3
307.01403 	3292577.4
307.81563 	3292540.8
308.61723 	3292475
309.41884 	3292341
310.22044 	3292129.6
311.02204 	3291873.2
311.82365 	3291661.1
312.62525 	3291520
313.42685 	3291406.6
314.22846 	3291215.1
315.03006 	3291051.6
315.83166 	3290881.6
316.63327 	3290725.3
317.43487 	3290508.3
318.23647 	3289949
319.03808 	3289197.7
319.83968 	3287539.4
320.64128 	3283918
321.44289 	3276362.5
322.24449 	3261548.1
323.04609 	3236921.8
323.8477 	3205680.5
324.6493 	3172872.1
325.4509 	3140057.4
326.25251 	3107315.6
327.05411 	3074596.4
327.85571 	3041856.7
328.65731 	3009076.2
329.45892 	2976284.4
330.26052 	2943544.2
331.06212 	2910898.2
331.86373 	2878331
332.66533 	2845782.9
333.46693 	2813201.4
334.26854 	2780573.2
335.07014 	2747911.9
335.87174 	2715234.5
336.67335 	2682550.9
337.47495 	2649864.9
338.27655 	2617177.5
339.07816 	2584489
339.87976 	2551799.1
340.68136 	2519108
341.48297 	2486416.1
342.28457 	2453724.5
343.08617 	2421034.8
343.88778 	2388348.8
344.68938 	2355668.5
345.49098 	2322995.3
346.29259 	2290329.8
347.09419 	2257671.4
347.89579 	2225019
348.69739 	2192370.6
349.499 	2159724
350.3006 	2127076.8
351.1022 	2094426.8
351.90381 	2061772.9
352.70541 	2029114.6
353.50701 	1996452.6
354.30862 	1963787.7
355.11022 	1931121
355.91182 	1898452.7
356.71343 	1865782.7
357.51503 	1833110.2
358.31663 	1800434.2
359.11824 	1767753.9
359.91984 	1735068.5
360.72144 	1702378.1
361.52305 	1669683.1
362.32465 	1636984.4
363.12625 	1604283.3
363.92786 	1571580.6
364.72946 	1538877.2
365.53106 	1506173.3
366.33267 	1473468.6
367.13427 	1440762.5
367.93587 	1408054.3
368.73747 	1375342.9
369.53908 	1342627.9
370.34068 	1309908.6
371.14228 	1277185
371.94389 	1244457.3
372.74549 	1211725.8
373.54709 	1178991.3
374.3487 	1146254.5
375.1503 	1113516.4
375.9519 	1080778
376.75351 	1048040.5
377.55511 	1015304.8
379.15832 	949842.12
379.95992 	917116.3
381.56313 	851676.71
382.36473 	818962.82
383.16633 	786252.61
383.96794 	753545.89
384.76954 	720842.47
385.57114 	688142.25
386.37275 	655445.17
387.17435 	622751.24
387.97595 	590060.45
388.77756 	557372.77
389.57916 	524688.13
390.38076 	492006.41
391.18236 	459327.45
391.98397 	426651.07
392.78557 	393977.09
393.58717 	361305.38
394.38878 	328635.83
395.19038 	295968.39
395.99198 	263302.99
396.79359 	230639.55
397.59519 	197977.87
399.1984 	132658.58
400 	100795.46
