0 	9736174.7
6.4128257 	9599955.9
34.468938 	9153837.7
37.675351 	9074395.7
40.881764 	8994956.5
50.501002 	8756703.5
53.707415 	8677274.6
62.52505 	8458709.5
65.731463 	8379186.6
68.937876 	8299658.1
69.739479 	8279776.9
96.993988 	7604121.4
103.40681 	7445084.4
106.61323 	7365535.9
116.23246 	7126849
123.44689 	6947948
125.05 	6908220.4
125.8517 	6888356.6
128.25651 	6828787.7
131.46293 	6749394.6
151.50301 	6253427.3
153.90782 	6193885.9
156.31263 	6134338.3
159.51904 	6054936.3
166.73347 	5876295
169.13828 	5816760.6
175.5511 	5658039.8
176.35271 	5638202.6
187.57515 	5360451.1
190.78156 	5281050.5
200.4008 	5042662.5
201.2024 	5022785.8
202.00401 	5002907.8
202.80561 	4983028.9
203.60721 	4963149
204.40882 	4943268.5
205.21042 	4923387.4
206.01202 	4903505.9
206.81363 	4883624.3
207.61523 	4863742.6
208.41683 	4843861.1
209.21844 	4823979.9
210.02004 	4804099.3
210.82164 	4784219.2
211.62325 	4764340
212.42485 	4744461.7
213.22645 	4724584.5
214.02806 	4704708.4
214.82966 	4684833.7
215.63126 	4664960.3
216.43287 	4645088.4
217.23447 	4625218
218.03607 	4605349.3
219.63928 	4565616.7
220.44088 	4545752.9
221.24248 	4525890.8
222.04409 	4506030.4
222.84569 	4486171.7
223.64729 	4466314.7
224.4489 	4446459.3
225.2505 	4426605.4
226.0521 	4406753.2
227.65531 	4367053
228.45691 	4347205.1
229.25852 	4327358.4
230.86172 	4287668.7
231.66333 	4267825.5
232.46493 	4247983.4
234.06814 	4208301.9
234.86974 	4188462.3
235.67134 	4168623.5
236.47295 	4148785.4
237.27455 	4128947.9
238.07615 	4109110.9
238.87776 	4089274.3
239.67936 	4069438.2
240.48096 	4049602.5
241.28257 	4029767.1
242.08417 	4009932
242.88577 	3990097.1
243.68737 	3970262.4
244.48898 	3950428
245.29058 	3930593.7
246.09218 	3910759.5
246.89379 	3890925.5
247.69539 	3871091.7
248.49699 	3851258
249.2986 	3831424.4
250.1002 	3811591
250.9018 	3791757.7
251.70341 	3771924.6
252.50501 	3752091.7
253.30661 	3732259.1
254.10822 	3712426.6
254.90982 	3692594.4
255.71142 	3672762.5
256.51303 	3652930.9
257.31463 	3633099.7
258.11623 	3613268.7
258.91784 	3593438.2
259.71944 	3573608
260.52104 	3553778.2
261.32265 	3533948.8
262.12425 	3514119.8
262.92585 	3494291.3
263.72745 	3474463.2
264.52906 	3454635.4
265.33066 	3434808.1
266.13226 	3414981.2
266.93387 	3395154.6
267.73547 	3375328.4
268.53707 	3355502.5
269.33868 	3335676.8
270.14028 	3315851.5
270.94188 	3296026.3
271.74349 	3276201.3
272.54509 	3256376.4
273.34669 	3236551.6
274.1483 	3216726.7
274.9499 	3196901.9
274.95 	3196899.4
275.7515 	3177076.9
276.55311 	3157251.8
277.35471 	3137426.4
278.95792 	3097774.9
279.75952 	3077948.5
280.56112 	3058121.7
281.36273 	3038294.4
282.16433 	3018466.5
282.96593 	2998638
283.76754 	2978808.8
284.56914 	2958979
285.37074 	2939148.4
286.17234 	2919316.9
286.97395 	2899484.7
288.57715 	2859817.6
289.37876 	2839982.8
290.18036 	2820147
290.98196 	2800310.3
291.78357 	2780472.6
292.58517 	2760634
293.38677 	2740794.5
294.18838 	2720954.1
294.98998 	2701112.8
295.79158 	2681270.6
296.59319 	2661427.5
297.39479 	2641583.6
298.19639 	2621738.9
298.998 	2601893.5
299.7996 	2582047.3
300.6012 	2562200.5
301.40281 	2542353.1
302.20441 	2522505
303.00601 	2502656.5
303.80762 	2482807.5
304.60922 	2462958.1
306.21242 	2423258.2
307.01403 	2403407.9
307.81563 	2383557.3
308.61723 	2363706.6
309.41884 	2343855.8
310.22044 	2324004.9
311.02204 	2304153.9
311.82365 	2284303
312.62525 	2264452.1
313.42685 	2244601.3
314.22846 	2224750.6
315.03006 	2204900
315.83166 	2185049.5
316.63327 	2165199.2
317.43487 	2145349
318.23647 	2125498.9
319.03808 	2105649
319.83968 	2085799.2
320.64128 	2065949.5
321.44289 	2046099.9
322.24449 	2026250.5
323.04609 	2006401
323.8477 	1986551.6
324.6493 	1966702.2
325.4509 	1946852.8
326.25251 	1927003.3
327.05411 	1907153.7
327.85571 	1887303.9
328.65731 	1867454
329.45892 	1847603.8
330.26052 	1827753.4
331.06212 	1807902.6
331.86373 	1788051.5
332.66533 	1768200.1
333.46693 	1748348.1
334.26854 	1728495.8
335.07014 	1708642.9
335.87174 	1688789.5
336.67335 	1668935.5
337.47495 	1649081
338.27655 	1629225.8
339.07816 	1609370
339.87976 	1589513.6
340.68136 	1569656.5
341.48297 	1549798.8
342.28457 	1529940.4
343.08617 	1510081.4
343.88778 	1490221.7
344.68938 	1470361.3
345.49098 	1450500.3
346.29259 	1430638.7
347.09419 	1410776.5
347.89579 	1390913.7
348.69739 	1371050.4
349.499 	1351186.6
350.3006 	1331322.4
351.1022 	1311457.6
351.90381 	1291592.5
352.70541 	1271727
353.50701 	1251861.3
354.30862 	1231995.2
355.11022 	1212128.9
355.91182 	1192262.5
356.71343 	1172395.9
357.51503 	1152529.2
358.31663 	1132662.5
359.11824 	1112795.7
359.91984 	1092929.1
360.72144 	1073062.4
361.52305 	1053195.9
362.32465 	1033329.6
363.12625 	1013463.4
363.92786 	993597.51
364.72946 	973731.83
365.53106 	953866.43
366.33267 	934001.33
367.13427 	914136.56
367.93587 	894272.13
368.73747 	874408.07
369.53908 	854544.4
370.34068 	834681.11
371.14228 	814818.23
371.94389 	794955.77
372.74549 	775093.73
373.54709 	755232.11
374.3487 	735370.93
375.1503 	715510.17
375.9519 	695649.85
376.75351 	675789.95
377.55511 	655930.48
379.15832 	616212.81
379.95992 	596354.6
381.56313 	556639.37
382.36473 	536782.35
383.16633 	516925.7
383.96794 	497069.42
384.76954 	477213.49
385.57114 	457357.91
386.37275 	437502.66
387.17435 	417647.73
387.97595 	397793.11
388.77756 	377938.78
389.57916 	358084.72
390.38076 	338230.93
391.18236 	318377.39
391.98397 	298524.07
392.78557 	278670.98
393.58717 	258818.08
394.38878 	238965.37
395.19038 	219112.82
395.99198 	199260.41
396.79359 	179408.14
397.59519 	159555.98
399.1984 	119851.93
400 	100483.52
