0 	3836484.3
0.35183948 	3829089.3
0.70367896 	3821312.4
1.0555184 	3813535.5
1.4073579 	3805758.6
1.7591974 	3797981.5
2.1110369 	3790211.9
2.4628764 	3782552.8
2.8147158 	3774908.5
3.1665553 	3767167.7
3.5183948 	3759435.2
3.8702343 	3751665.9
4.2220737 	3743869.9
4.9257527 	3728398.2
5.6294317 	3714027.8
5.9812711 	3706256.8
6.3331106 	3698651.7
8.092308 	3664224.6
8.795987 	3648911
9.1478265 	3641137.1
10.203345 	3617815.1
10.907024 	3602267.1
11.258863 	3594493.2
11.610703 	3586719.2
11.962542 	3578945.3
12.666221 	3563397.6
13.018061 	3555621
13.3699 	3547819.2
13.72174 	3540202.1
14.777258 	3535401.4
15.480937 	3535326.3
15.832777 	3535289.1
16.536456 	3535214.4
17.591974 	3535100.9
18.647492 	3534986.3
19.351171 	3534924
19.703011 	3534872.6
20.05485 	3534806.7
20.40669 	3533813.3
20.758529 	3527794.8
21.462208 	3512310.1
22.165887 	3496726
22.869566 	3481141.7
23.573245 	3465557.3
23.925085 	3457765.2
24.276924 	3449973
24.628764 	3442180.7
25.332442 	3426596.3
25.684282 	3418804.1
26.387961 	3403219.6
26.7398 	3395427.3
27.09164 	3387635.1
27.443479 	3379842.8
27.795319 	3372050.5
28.147158 	3364258.3
28.850837 	3348673.7
29.202677 	3340881.4
29.554516 	3333089.2
29.906356 	3325296.9
30.258195 	3317504.7
30.610035 	3309712.4
30.961874 	3301920.1
31.665553 	3286335.7
32.017393 	3278543.4
32.369232 	3270751.2
32.721072 	3262959
33.072911 	3255166.8
33.424751 	3247374.6
33.77659 	3239582.4
34.128429 	3231790.2
34.480269 	3223998
34.832108 	3216205.8
35.183948 	3208413.7
35.535787 	3200621.5
35.887627 	3192829.4
36.239466 	3185037.2
36.591306 	3177245.1
37.294985 	3161660.9
37.646824 	3153868.8
37.998664 	3146076.8
38.702343 	3130492.7
39.406022 	3114908.6
39.757861 	3107116.6
41.165219 	3075948.8
41.517059 	3068156.9
41.868898 	3060365
42.220737 	3052573.1
42.924416 	3036989.4
43.276256 	3029197.5
43.628095 	3021405.7
43.979935 	3013613.9
44.683614 	2998030.4
45.035453 	2990238.7
45.387293 	2982447
46.090972 	2966863.6
46.442811 	2959071.9
47.14649 	2943488.7
47.49833 	2935697.1
48.202009 	2920113.9
48.553848 	2912322.4
49.257527 	2896739.3
49.609367 	2888947.8
49.961206 	2881156.4
50.313045 	2873364.9
50.664885 	2865573.4
51.016724 	2857782
51.720403 	2842199.2
52.072243 	2834407.8
52.424082 	2826616.4
52.775922 	2818825.1
53.127761 	2811033.7
54.18328 	2787659.7
54.535119 	2779868.4
54.886959 	2772077.2
55.238798 	2764285.9
55.590638 	2756494.6
55.942477 	2748703.4
56.997996 	2725329.7
57.349835 	2717538.4
57.701675 	2709747.2
58.053514 	2701956
58.405354 	2694164.9
58.757193 	2686373.7
59.109032 	2678582.5
59.460872 	2670791.3
60.164551 	2655209
60.51639 	2647417.9
60.86823 	2639626.8
61.220069 	2631835.6
61.571909 	2624044.5
61.923748 	2616253.4
62.275588 	2608462.3
62.627427 	2600671.2
62.979267 	2592880.1
63.331106 	2585089
63.682946 	2577297.9
64.034785 	2569506.9
64.386625 	2561715.8
64.738464 	2553924.7
65.442143 	2538342.6
65.793983 	2530551.5
66.497662 	2514969.4
67.55318 	2491596.2
68.256859 	2476014.1
68.608698 	2468223.1
69.312377 	2452641
70.016056 	2437058.8
70.367896 	2429267.8
70.719735 	2421476.7
71.071575 	2413685.6
71.423414 	2405894.5
72.830772 	2374730.1
73.182612 	2366939
73.534451 	2359147.9
73.886291 	2351356.7
74.941809 	2327983.3
75.293648 	2320192.1
75.645488 	2312401
75.997327 	2304609.8
77.052846 	2281236.1
77.404685 	2273444.9
77.756525 	2265653.7
78.460204 	2250071.2
78.812043 	2242279.9
79.163883 	2234488.6
80.219401 	2211114.7
81.27492 	2187740.7
81.626759 	2179949.3
81.978599 	2172157.9
82.330438 	2164366.6
82.682278 	2156575.2
83.034117 	2148783.8
83.385957 	2140992.4
83.737796 	2133200.9
84.089635 	2125409.5
84.441475 	2117618.1
85.496993 	2094243.7
86.552512 	2070869.3
86.904351 	2063077.8
89.015388 	2016328.8
89.367228 	2008537.3
90.070907 	1992954.2
90.422746 	1985162.7
90.774586 	1977371.2
91.126425 	1969579.7
91.478265 	1961788.2
91.830104 	1953996.6
92.533783 	1938413.6
93.237462 	1922830.6
93.589301 	1915039.1
93.941141 	1907247.5
94.29298 	1899456
96.052178 	1860498.6
96.404017 	1852707.1
96.755857 	1844915.6
97.459536 	1829332.7
97.811375 	1821541.3
98.163215 	1813749.8
98.515054 	1805958.4
99.922412 	1774792.7
100.27425 	1767001.3
100.62609 	1759210
101.32977 	1743627.2
102.03345 	1728044.6
102.38529 	1720253.2
103.79265 	1689088
104.14449 	1681296.8
104.49633 	1673505.5
105.2 	1657923
105.90368 	1642340.6
106.25552 	1634549.4
106.60736 	1626758.2
108.01472 	1595593.6
108.36656 	1587802.5
108.7184 	1580011.4
109.07024 	1572220.3
109.77392 	1556638.2
110.12576 	1548847.1
110.82944 	1533265.1
111.18128 	1525474
111.53311 	1517683
111.88495 	1509892.1
112.58863 	1494310.1
112.94047 	1486519.2
113.29231 	1478728.3
113.64415 	1470937.4
113.99599 	1463146.5
114.34783 	1455355.6
114.69967 	1447564.7
115.05151 	1439773.9
115.40335 	1431983
115.75519 	1424192.2
116.45887 	1408610.6
116.81071 	1400819.8
117.16255 	1393029
117.51439 	1385238.3
118.21806 	1369656.8
118.5699 	1361866.1
118.92174 	1354075.4
119.27358 	1346284.7
119.62542 	1338494.1
119.97726 	1330703.4
120.3291 	1322912.8
120.68094 	1315122.2
121.03278 	1307331.6
121.38462 	1299541
121.73646 	1291750.4
122.0883 	1283959.9
122.79198 	1268378.8
123.14382 	1260588.3
123.49566 	1252797.8
123.8475 	1245007.3
124.19934 	1237216.8
124.55118 	1229426.4
124.90302 	1221635.9
125.25485 	1213845.5
125.60669 	1206055.1
126.66221 	1182684
127.01405 	1174893.6
127.36589 	1167103.3
127.71773 	1159313
128.06957 	1151522.7
128.42141 	1143732.4
128.77325 	1135942.1
129.12509 	1128151.9
129.47693 	1120361.7
130.18061 	1104781.2
130.53245 	1096991
130.88429 	1089200.9
131.23613 	1081410.7
132.29164 	1058040.3
132.64348 	1050250.2
132.99532 	1042460.2
133.699 	1026880.1
134.05084 	1019090
134.40268 	1011300
134.75452 	1003510
135.4582 	987930.06
135.81004 	980140.11
136.16188 	972350.17
136.51372 	964560.25
136.86556 	956770.34
137.56924 	941190.57
137.92108 	933400.71
138.27292 	925610.87
138.97659 	910031.22
139.68027 	894451.64
140.03211 	886661.87
140.38395 	878872.11
140.73579 	871082.37
141.08763 	863292.64
141.43947 	855502.93
141.79131 	847713.23
142.14315 	839923.55
142.49499 	832133.88
142.84683 	824344.23
144.25419 	793185.76
145.3097 	769817.05
145.66154 	762027.51
146.01338 	754237.98
146.36522 	746448.47
146.71706 	738658.97
147.0689 	730869.48
147.42074 	723080.01
148.12442 	707501.1
148.8281 	691922.24
149.17994 	684132.83
149.88362 	668554.05
150.23546 	660764.68
150.5873 	652975.32
151.29098 	637396.64
151.99465 	621818.01
152.69833 	606239.42
153.05017 	598450.15
153.40201 	590660.89
153.75385 	582871.63
154.45753 	567293.16
154.80937 	559503.95
155.16121 	551714.74
155.51305 	543925.54
155.86489 	536136.36
156.21673 	528347.18
156.56857 	520558.02
157.62409 	497190.59
157.97593 	489401.47
158.32777 	481612.36
158.67961 	473823.26
159.03144 	466034.17
159.38328 	458245.09
159.73512 	450456.01
160.08696 	442666.95
160.4388 	434877.9
160.79064 	427088.86
161.14248 	419299.83
161.49432 	411510.8
161.84616 	403721.79
162.90168 	380354.81
163.25352 	372565.83
163.9572 	356987.91
164.30904 	349198.96
164.66088 	341410.02
165.01272 	333621.09
165.71639 	318043.25
166.06823 	310254.35
167.12375 	286887.69
167.47559 	279098.82
167.82743 	271309.96
168.17927 	263521.1
168.53111 	255732.26
169.23479 	240154.6
169.58663 	232365.78
169.93847 	224576.97
170.64215 	208999.37
170.99399 	201210.58
171.34583 	193421.81
171.69767 	185633.04
172.04951 	177844.28
172.40134 	170055.52
172.75318 	162266.78
173.10502 	154478.04
174.16054 	131111.88
174.51238 	123323.16
174.86422 	115534.42
