0 	8774114.6
6.4128257 	8634687
34.468938 	8121216.3
37.675351 	8074331.6
40.881764 	8010498.6
50.501002 	7829602.3
53.707415 	7765391.1
62.52505 	7606914.1
65.731463 	7568294.6
68.937876 	7497606.5
69.739479 	7479424.3
96.993988 	6832583
103.40681 	6692315.4
106.61323 	6643249
116.23246 	6635983.5
123.44689 	6636878.1
125.05 	6637635.9
125.8517 	6637992.1
128.25651 	6638319.5
131.46293 	6637304.7
151.50301 	6612164.4
153.90782 	6562671.6
156.31263 	6499832.3
159.51904 	6416298.7
166.73347 	6228632.1
169.13828 	6166027.1
175.5511 	5998856.7
176.35271 	5977972.9
187.57515 	5686469.1
190.78156 	5603207.1
200.4008 	5353192.8
201.2024 	5332325.4
202.00401 	5311448.3
202.80561 	5290560.7
203.60721 	5269661.9
204.40882 	5248751.6
205.21042 	5227829.3
206.01202 	5206894.9
206.81363 	5185948.4
207.61523 	5164990.2
208.41683 	5144020.6
209.21844 	5123040.2
210.02004 	5102049.5
210.82164 	5081049
211.62325 	5060039.4
212.42485 	5039021.2
213.22645 	5017994.8
214.02806 	4996960.8
214.82966 	4975919.6
215.63126 	4954871.5
216.43287 	4933817.1
217.23447 	4912756.6
218.03607 	4891690.4
219.63928 	4849542.1
220.44088 	4828460.5
221.24248 	4807374.2
222.04409 	4786283.4
222.84569 	4765188.1
223.64729 	4744088.1
224.4489 	4722983.5
225.2505 	4701873.7
226.0521 	4680758.1
227.65531 	4638506.8
228.45691 	4617369
229.25852 	4596221.5
230.86172 	4553893.5
231.66333 	4532711.4
232.46493 	4511516.5
234.06814 	4469089.3
234.86974 	4447858.2
235.67134 	4426616.9
236.47295 	4405366.7
237.27455 	4384109
238.07615 	4362845
238.87776 	4341576.2
239.67936 	4320303.4
240.48096 	4299027.7
241.28257 	4277749.5
242.08417 	4256469.4
242.88577 	4235187.9
243.68737 	4213905
244.48898 	4192621
245.29058 	4171336.1
246.09218 	4150050.4
246.89379 	4128764.1
247.69539 	4107477.3
248.49699 	4086190.2
249.2986 	4064902.9
250.1002 	4043615.5
250.9018 	4022328.1
251.70341 	4001040.9
252.50501 	3979754
253.30661 	3958467.4
254.10822 	3937181.1
254.90982 	3915895.3
255.71142 	3894610
256.51303 	3873325.3
257.31463 	3852041.4
258.11623 	3830758.5
258.91784 	3809476.7
259.71944 	3788196.4
260.52104 	3766917.9
261.32265 	3745641.5
262.12425 	3724367.7
262.92585 	3703096.9
263.72745 	3681829.5
264.52906 	3660566
265.33066 	3639306.8
266.13226 	3618052.2
266.93387 	3596802.5
267.73547 	3575558
268.53707 	3554318.6
269.33868 	3533084.4
270.14028 	3511855.3
270.94188 	3490631.1
271.74349 	3469411.3
272.54509 	3448195.5
273.34669 	3426983.4
274.1483 	3405774.2
274.9499 	3384567.5
274.95 	3384564.8
275.7515 	3363362.7
276.55311 	3342159.2
277.35471 	3320956.7
278.95792 	3278552.7
279.75952 	3257350.8
280.56112 	3236148.5
281.36273 	3214945.7
282.16433 	3193742.4
282.96593 	3172538.5
283.76754 	3151333.9
284.56914 	3130128.6
285.37074 	3108922.5
286.17234 	3087715.7
286.97395 	3066508.1
288.57715 	3024090.9
289.37876 	3002881.5
290.18036 	2981671.7
290.98196 	2960461.7
291.78357 	2939251.7
292.58517 	2918042
293.38677 	2896832.9
294.18838 	2875624.6
294.98998 	2854417.5
295.79158 	2833211.9
296.59319 	2812008.3
297.39479 	2790806.8
298.19639 	2769607.9
298.998 	2748411.8
299.7996 	2727218.9
300.6012 	2706029.4
301.40281 	2684843.6
302.20441 	2663661.8
303.00601 	2642484.1
303.80762 	2621310.9
304.60922 	2600142.3
306.21242 	2557819.8
307.01403 	2536666.2
307.81563 	2515518.1
308.61723 	2494375.4
309.41884 	2473238.3
310.22044 	2452107
311.02204 	2430981.4
311.82365 	2409861.5
312.62525 	2388747.5
313.42685 	2367639
314.22846 	2346536.2
315.03006 	2325438.9
315.83166 	2304346.8
316.63327 	2283260
317.43487 	2262178.1
318.23647 	2241101
319.03808 	2220028.5
319.83968 	2198960.5
320.64128 	2177896.9
321.44289 	2156837.5
322.24449 	2135782.2
323.04609 	2114731.1
323.8477 	2093684
324.6493 	2072640.8
325.4509 	2051601.7
326.25251 	2030566.5
327.05411 	2009535.3
327.85571 	1988507.9
328.65731 	1967484.4
329.45892 	1946464.6
330.26052 	1925448.4
331.06212 	1904435.8
331.86373 	1883426.6
332.66533 	1862420.6
333.46693 	1841417.7
334.26854 	1820417.6
335.07014 	1799420.3
335.87174 	1778425.5
336.67335 	1757433
337.47495 	1736442.6
338.27655 	1715454.2
339.07816 	1694467.6
339.87976 	1673482.6
340.68136 	1652499.2
341.48297 	1631517.2
342.28457 	1610536.5
343.08617 	1589557.1
343.88778 	1568578.9
344.68938 	1547601.7
345.49098 	1526625.8
346.29259 	1505650.9
347.09419 	1484677
347.89579 	1463704.3
348.69739 	1442732.6
349.499 	1421762.1
350.3006 	1400792.5
351.1022 	1379824.1
351.90381 	1358856.7
352.70541 	1337890.3
353.50701 	1316924.9
354.30862 	1295960.4
355.11022 	1274996.7
355.91182 	1254033.7
356.71343 	1233071.4
357.51503 	1212109.6
358.31663 	1191148.1
359.11824 	1170186.8
359.91984 	1149225.5
360.72144 	1128264
361.52305 	1107302.3
362.32465 	1086340
363.12625 	1065377
363.92786 	1044413.2
364.72946 	1023448.3
365.53106 	1002482.2
366.33267 	981514.83
367.13427 	960545.94
367.93587 	939575.46
368.73747 	918603.29
369.53908 	897629.35
370.34068 	876653.56
371.14228 	855675.9
371.94389 	834696.33
372.74549 	813714.86
373.54709 	792731.49
374.3487 	771746.27
375.1503 	750759.25
375.9519 	729770.53
376.75351 	708780.19
377.55511 	687788.36
379.15832 	645800.77
379.95992 	624805.33
381.56313 	582812.05
382.36473 	561814.58
383.16633 	540816.8
383.96794 	519818.91
384.76954 	498821.08
385.57114 	477823.5
386.37275 	456826.32
387.17435 	435829.69
387.97595 	414833.74
388.77756 	393838.58
389.57916 	372844.3
390.38076 	351850.97
391.18236 	330858.64
391.98397 	309867.33
392.78557 	288877.03
393.58717 	267887.73
394.38878 	246899.38
395.19038 	225911.92
395.99198 	204925.25
396.79359 	183939.29
397.59519 	162953.92
399.1984 	120984.41
400 	100511.1
