0 	9807553.3
6.4128257 	9663206.2
34.468938 	9129447.8
37.675351 	9050180.4
40.881764 	8970914.2
50.501002 	8733166
53.707415 	8653941.4
62.52505 	8436117.1
65.731463 	8356910.9
68.937876 	8277700.4
69.739479 	8257897
96.993988 	7584632.5
103.40681 	7426229.8
106.61323 	7347027
116.23246 	7109436.2
123.44689 	6931271.6
125.05 	6891684.7
125.8517 	6871887.8
128.25651 	6812505.3
131.46293 	6733330.2
151.50301 	6238515.5
153.90782 	6179141.4
156.31263 	6119767.3
159.51904 	6040601.2
166.73347 	5862468.2
169.13828 	5803086.2
175.5511 	5644720.7
176.35271 	5624923.6
187.57515 	5347726.8
190.78156 	5268513.9
200.4008 	5030834.3
201.2024 	5011025
202.00401 	4991215.3
202.80561 	4971405.2
203.60721 	4951594.8
204.40882 	4931784
205.21042 	4911972.9
206.01202 	4892161.4
206.81363 	4872349.7
207.61523 	4852537.7
208.41683 	4832725.4
209.21844 	4812912.8
210.02004 	4793100.1
210.82164 	4773287.1
211.62325 	4753473.9
212.42485 	4733660.5
213.22645 	4713846.9
214.02806 	4694033.2
214.82966 	4674219.4
215.63126 	4654405.4
216.43287 	4634591.3
217.23447 	4614777.1
218.03607 	4594962.9
219.63928 	4555334.3
220.44088 	4535519.9
221.24248 	4515705.5
222.04409 	4495891.1
222.84569 	4476076.7
223.64729 	4456262.3
224.4489 	4436448
225.2505 	4416633.7
226.0521 	4396819.4
227.65531 	4357191.1
228.45691 	4337377.1
229.25852 	4317563.2
230.86172 	4277935.8
231.66333 	4258122.2
232.46493 	4238308.8
234.06814 	4198682.5
234.86974 	4178869.6
235.67134 	4159056.8
236.47295 	4139244.3
237.27455 	4119431.9
238.07615 	4099619.8
238.87776 	4079807.8
239.67936 	4059996.1
240.48096 	4040184.6
241.28257 	4020373.3
242.08417 	4000562.2
242.88577 	3980751.4
243.68737 	3960940.8
244.48898 	3941130.4
245.29058 	3921320.3
246.09218 	3901510.4
246.89379 	3881700.8
247.69539 	3861891.3
248.49699 	3842082.2
249.2986 	3822273.2
250.1002 	3802464.5
250.9018 	3782656.1
251.70341 	3762847.8
252.50501 	3743039.8
253.30661 	3723232
254.10822 	3703424.4
254.90982 	3683617
255.71142 	3663809.7
256.51303 	3644002.7
257.31463 	3624195.8
258.11623 	3604389.1
258.91784 	3584582.6
259.71944 	3564776.2
260.52104 	3544969.9
261.32265 	3525163.8
262.12425 	3505357.7
262.92585 	3485551.8
263.72745 	3465745.9
264.52906 	3445940.1
265.33066 	3426134.4
266.13226 	3406328.7
266.93387 	3386523.1
267.73547 	3366717.4
268.53707 	3346911.8
269.33868 	3327106.1
270.14028 	3307300.4
270.94188 	3287494.7
271.74349 	3267689
272.54509 	3247883.1
273.34669 	3228077.2
274.1483 	3208271.2
274.9499 	3188465.1
274.95 	3188462.7
275.7515 	3168658.9
276.55311 	3148852.6
277.35471 	3129046.1
278.95792 	3089432.8
279.75952 	3069625.8
280.56112 	3049818.7
281.36273 	3030011.5
282.16433 	3010204
282.96593 	2990396.3
283.76754 	2970588.4
284.56914 	2950780.3
285.37074 	2930972
286.17234 	2911163.5
286.97395 	2891354.7
288.57715 	2851736.5
289.37876 	2831927.1
290.18036 	2812117.4
290.98196 	2792307.5
291.78357 	2772497.3
292.58517 	2752687
293.38677 	2732876.4
294.18838 	2713065.6
294.98998 	2693254.6
295.79158 	2673443.4
296.59319 	2653632
297.39479 	2633820.4
298.19639 	2614008.6
298.998 	2594196.6
299.7996 	2574384.6
300.6012 	2554572.3
301.40281 	2534760
302.20441 	2514947.5
303.00601 	2495135
303.80762 	2475322.3
304.60922 	2455509.6
306.21242 	2415884.2
307.01403 	2396071.4
307.81563 	2376258.7
308.61723 	2356446
309.41884 	2336633.4
310.22044 	2316820.8
311.02204 	2297008.3
311.82365 	2277196
312.62525 	2257383.8
313.42685 	2237571.8
314.22846 	2217760
315.03006 	2197948.3
315.83166 	2178136.9
316.63327 	2158325.8
317.43487 	2138514.9
318.23647 	2118704.3
319.03808 	2098894.1
319.83968 	2079084.1
320.64128 	2059274.5
321.44289 	2039465.3
322.24449 	2019656.4
323.04609 	1999848
323.8477 	1980040
324.6493 	1960232.4
325.4509 	1940425.2
326.25251 	1920618.5
327.05411 	1900812.3
327.85571 	1881006.5
328.65731 	1861201.3
329.45892 	1841396.5
330.26052 	1821592.3
331.06212 	1801788.6
331.86373 	1781985.4
332.66533 	1762182.7
333.46693 	1742380.6
334.26854 	1722579
335.07014 	1702778
335.87174 	1682977.5
336.67335 	1663177.5
337.47495 	1643378.1
338.27655 	1623579.3
339.07816 	1603781
339.87976 	1583983.2
340.68136 	1564186
341.48297 	1544389.3
342.28457 	1524593.1
343.08617 	1504797.5
343.88778 	1485002.3
344.68938 	1465207.7
345.49098 	1445413.6
346.29259 	1425619.9
347.09419 	1405826.7
347.89579 	1386034
348.69739 	1366241.8
349.499 	1346450
350.3006 	1326658.6
351.1022 	1306867.6
351.90381 	1287077.1
352.70541 	1267286.9
353.50701 	1247497.2
354.30862 	1227707.7
355.11022 	1207918.7
355.91182 	1188130
356.71343 	1168341.6
357.51503 	1148553.5
358.31663 	1128765.7
359.11824 	1108978.3
359.91984 	1089191.1
360.72144 	1069404.1
361.52305 	1049617.4
362.32465 	1029831
363.12625 	1010044.8
363.92786 	990258.74
364.72946 	970472.95
365.53106 	950687.34
366.33267 	930901.92
367.13427 	911116.68
367.93587 	891331.6
368.73747 	871546.69
369.53908 	851761.91
370.34068 	831977.28
371.14228 	812192.79
371.94389 	792408.42
372.74549 	772624.16
373.54709 	752840.02
374.3487 	733055.98
375.1503 	713272.05
375.9519 	693488.2
376.75351 	673704.45
377.55511 	653920.77
379.15832 	614353.66
379.95992 	594570.21
381.56313 	555003.51
382.36473 	535220.25
383.16633 	515437.05
383.96794 	495653.9
384.76954 	475870.8
385.57114 	456087.76
386.37275 	436304.76
387.17435 	416521.8
387.97595 	396738.89
388.77756 	376956.02
389.57916 	357173.2
390.38076 	337390.41
391.18236 	317607.67
391.98397 	297824.96
392.78557 	278042.29
393.58717 	258259.66
394.38878 	238477.07
395.19038 	218694.52
395.99198 	198912.01
396.79359 	179129.53
397.59519 	159347.09
399.1984 	119782.33
400 	100481.83
