0 	3836482.4
0.35183948 	3829063.1
0.70367896 	3821470.9
1.0555184 	3813619
1.4073579 	3805824.2
1.7591974 	3797993.9
2.1110369 	3790163.9
2.4628764 	3782301.5
2.8147158 	3774579.1
3.1665553 	3766755.1
3.5183948 	3758926
3.8702343 	3751115.2
4.2220737 	3743285.8
4.9257527 	3727777.6
5.6294317 	3712188.9
5.9812711 	3704357.5
6.3331106 	3696526.6
8.092308 	3657371.7
8.795987 	3641713.9
9.1478265 	3633869.8
10.203345 	3613185.3
10.907024 	3597555.5
11.258863 	3589723.2
11.610703 	3581879.2
11.962542 	3573921.9
12.666221 	3560962.6
13.018061 	3553124.5
13.3699 	3545288.7
13.72174 	3537452.8
14.777258 	3513945
15.480937 	3498273.1
15.832777 	3490437.2
16.536456 	3474765.3
17.591974 	3451257.6
18.647492 	3427750.2
19.351171 	3412078.9
19.703011 	3404243.3
20.05485 	3396407.9
20.40669 	3388572.5
20.758529 	3380737.3
21.462208 	3365067.2
22.165887 	3349397.6
22.869566 	3333728.7
23.573245 	3318060.5
23.925085 	3310226.8
24.276924 	3302393.3
24.628764 	3294560
25.332442 	3278894.4
25.684282 	3271062.2
26.387961 	3255398.8
26.7398 	3247567.8
27.09164 	3239737.3
27.443479 	3231907.3
27.795319 	3224077.8
28.147158 	3216248.9
28.850837 	3200592.6
29.202677 	3192765.2
29.554516 	3184938.2
29.906356 	3177111.7
30.258195 	3169285.4
30.610035 	3161459.4
30.961874 	3153633.6
31.665553 	3137982.1
32.017393 	3130156.4
32.369232 	3122330.6
32.721072 	3114504.7
33.072911 	3106678.8
33.424751 	3098852.8
33.77659 	3091026.7
34.128429 	3083200.6
34.480269 	3075374.6
34.832108 	3067548.5
35.183948 	3059722.5
35.535787 	3051896.5
35.887627 	3044070.6
36.239466 	3036244.9
36.591306 	3028419.3
37.294985 	3012768.4
37.646824 	3004943.1
37.998664 	2997118
38.702343 	2981468.1
39.406022 	2965818.9
39.757861 	2957994.4
41.165219 	2928407.6
41.517059 	2927166.4
41.868898 	2927080.3
42.220737 	2927050.9
42.924416 	2926992.3
43.276256 	2926961.1
43.628095 	2926929
43.979935 	2926896.2
44.683614 	2926832.8
45.035453 	2926803.3
45.387293 	2926774.8
46.090972 	2926721.2
46.442811 	2926694.9
47.14649 	2926640.5
47.49833 	2926610.7
48.202009 	2926544
48.553848 	2926482
49.257527 	2920092.2
49.609367 	2912377.8
49.961206 	2904526.8
50.313045 	2896668.9
50.664885 	2888810.5
51.016724 	2880952.1
51.720403 	2865235.1
52.072243 	2857376.5
52.424082 	2849517.9
52.775922 	2841659.2
53.127761 	2833800.4
54.18328 	2810223.7
54.535119 	2802364.7
54.886959 	2794505.6
55.238798 	2786646.4
55.590638 	2778787.1
55.942477 	2770927.8
56.997996 	2747349.6
57.349835 	2739490.1
57.701675 	2731630.5
58.053514 	2723770.8
58.405354 	2715911.2
58.757193 	2708051.4
59.109032 	2700191.7
59.460872 	2692331.9
60.164551 	2676612.2
60.51639 	2668752.3
60.86823 	2660892.4
61.220069 	2653032.5
61.571909 	2645172.7
61.923748 	2637312.8
62.275588 	2629452.9
62.627427 	2621593.1
62.979267 	2613733.3
63.331106 	2605873.6
63.682946 	2598013.9
64.034785 	2590154.2
64.386625 	2582294.6
64.738464 	2574434.9
65.442143 	2558715.8
65.793983 	2550856.3
66.497662 	2535137.2
67.55318 	2511558.6
68.256859 	2495839.6
68.608698 	2487980.2
69.312377 	2472261.3
70.016056 	2456542.5
70.367896 	2448683.2
70.719735 	2440823.9
71.071575 	2432964.7
71.423414 	2425105.4
72.830772 	2393668.9
73.182612 	2385809.8
73.534451 	2377950.7
73.886291 	2370091.7
74.941809 	2346514.7
75.293648 	2338655.7
75.645488 	2330796.8
75.997327 	2322937.9
77.052846 	2299361.7
77.404685 	2291503.1
77.756525 	2283644.6
78.460204 	2267927.9
78.812043 	2260069.7
79.163883 	2252211.6
80.219401 	2228638.3
81.27492 	2205066.2
81.626759 	2197209.1
81.978599 	2189352.2
82.330438 	2181495.4
82.682278 	2173638.8
83.034117 	2165782.3
83.385957 	2157925.9
83.737796 	2150069.6
84.089635 	2142213.5
84.441475 	2134357.5
85.496993 	2110790.1
86.552512 	2087223.7
86.904351 	2079368.4
89.015388 	2032238.4
89.367228 	2024383.7
90.070907 	2008674.4
90.422746 	2000819.9
90.774586 	1992965.4
91.126425 	1985111
91.478265 	1977256.7
91.830104 	1969402.4
92.533783 	1953694
93.237462 	1937985.8
93.589301 	1930131.7
93.941141 	1922277.7
94.29298 	1914423.8
96.052178 	1875154.6
96.404017 	1867300.9
96.755857 	1859447.2
97.459536 	1843739.9
97.811375 	1835886.3
98.163215 	1828032.7
98.515054 	1820179.2
99.922412 	1788765.2
100.27425 	1780911.8
100.62609 	1773058.4
101.32977 	1757351.7
102.03345 	1741645.1
102.38529 	1733791.8
103.79265 	1702379
104.14449 	1694525.8
104.49633 	1686672.7
105.2 	1670966.5
105.90368 	1655260.5
106.25552 	1647407.5
106.60736 	1639554.5
108.01472 	1608142.8
108.36656 	1600289.9
108.7184 	1592437.1
109.07024 	1584584.2
109.77392 	1568878.5
110.12576 	1561025.7
110.82944 	1545320
111.18128 	1537467.1
111.53311 	1529614.2
111.88495 	1521761.3
112.58863 	1506055.5
112.94047 	1498202.5
113.29231 	1490349.5
113.64415 	1482496.5
113.99599 	1474643.5
114.34783 	1466790.4
114.69967 	1458937.3
115.05151 	1451084.1
115.40335 	1443230.9
115.75519 	1435377.7
116.45887 	1419671.1
116.81071 	1411817.7
117.16255 	1403964.3
117.51439 	1396110.9
118.21806 	1380403.9
118.5699 	1372550.3
118.92174 	1364696.7
119.27358 	1356843
119.62542 	1348989.4
119.97726 	1341135.6
120.3291 	1333281.9
120.68094 	1325428.1
121.03278 	1317574.2
121.38462 	1309720.4
121.73646 	1301866.5
122.0883 	1294012.5
122.79198 	1278304.6
123.14382 	1270450.5
123.49566 	1262596.5
123.8475 	1254742.4
124.19934 	1246888.3
124.55118 	1239034.2
124.90302 	1231180
125.25485 	1223325.8
125.60669 	1215471.6
126.66221 	1191908.8
127.01405 	1184054.5
127.36589 	1176200.2
127.71773 	1168345.8
128.06957 	1160491.5
128.42141 	1152637
128.77325 	1144782.6
129.12509 	1136928.1
129.47693 	1129073.7
130.18061 	1113364.6
130.53245 	1105510
130.88429 	1097655.4
131.23613 	1089800.8
132.29164 	1066236.8
132.64348 	1058382.1
132.99532 	1050527.3
133.699 	1034817.7
134.05084 	1026962.9
134.40268 	1019108
134.75452 	1011253.1
135.4582 	995543.28
135.81004 	987688.32
136.16188 	979833.34
136.51372 	971978.34
136.86556 	964123.31
137.56924 	948413.19
137.92108 	940558.09
138.27292 	932702.98
138.97659 	916992.69
139.68027 	901282.32
140.03211 	893427.11
140.38395 	885571.88
140.73579 	877716.62
141.08763 	869861.35
141.43947 	862006.06
141.79131 	854150.75
142.14315 	846295.42
142.49499 	838440.07
142.84683 	830584.7
144.25419 	799163.02
145.3097 	775596.55
145.66154 	767741.01
146.01338 	759885.46
146.36522 	752029.89
146.71706 	744174.29
147.0689 	736318.67
147.42074 	728463.03
148.12442 	712751.69
148.8281 	697040.25
149.17994 	689184.5
149.88362 	673472.92
150.23546 	665617.1
150.5873 	657761.25
151.29098 	642049.48
151.99465 	626337.61
152.69833 	610625.64
153.05017 	602769.62
153.40201 	594913.57
153.75385 	587057.5
154.45753 	571345.27
154.80937 	563489.13
155.16121 	555632.96
155.51305 	547776.76
155.86489 	539920.55
156.21673 	532064.31
156.56857 	524208.05
157.62409 	500639.16
157.97593 	492782.84
158.32777 	484926.49
158.67961 	477070.14
159.03144 	469213.78
159.38328 	461357.4
159.73512 	453501.03
160.08696 	445644.64
160.4388 	437788.26
160.79064 	429931.88
161.14248 	422075.49
161.49432 	414219.12
161.84616 	406362.75
162.90168 	382793.72
163.25352 	374937.4
163.9572 	359224.84
164.30904 	351368.59
164.66088 	343512.37
165.01272 	335656.17
165.71639 	319943.87
166.06823 	312087.77
167.12375 	288519.67
167.47559 	280663.71
167.82743 	272807.79
168.17927 	264951.91
168.53111 	257096.06
169.23479 	241384.49
169.58663 	233528.75
169.93847 	225673.06
170.64215 	209961.78
170.99399 	202106.2
171.34583 	194250.64
171.69767 	186395.12
172.04951 	178539.63
172.40134 	170684.17
172.75318 	162828.74
173.10502 	154973.33
174.16054 	131407.24
174.51238 	123551.91
174.86422 	115696.58
