0 	7613518.8
6.4128257 	7470064.4
34.468938 	7014316
37.675351 	6935310.4
40.881764 	6855911.1
50.501002 	6625229.2
53.707415 	6584420.6
62.52505 	6473972.7
65.731463 	6459515.8
68.937876 	6386611.6
69.739479 	6367646
96.993988 	5882451.2
103.40681 	5795393.5
106.61323 	5758060.7
116.23246 	5570779.9
123.44689 	5387935.4
125.05 	5346534.7
125.8517 	5325843.9
128.25651 	5263771.3
131.46293 	5181389.3
151.50301 	4791211
153.90782 	4731294.7
156.31263 	4675801.4
159.51904 	4613854.4
166.73347 	4445252.2
169.13828 	4391024.8
175.5511 	4244282
176.35271 	4224718.7
187.57515 	3899718.7
190.78156 	3892503.7
200.4008 	3893109.3
201.2024 	3892919.9
202.00401 	3892803.1
202.80561 	3892720.8
203.60721 	3892624.9
204.40882 	3892473.2
205.21042 	3892322.4
206.01202 	3892200.1
206.81363 	3892103.3
207.61523 	3892048
208.41683 	3892020.8
209.21844 	3892013.1
210.02004 	3892063.1
210.82164 	3892176.6
211.62325 	3892328.6
212.42485 	3892515.9
213.22645 	3892768.7
214.02806 	3893008.8
214.82966 	3893278
215.63126 	3893658.9
216.43287 	3894054.4
217.23447 	3894373.3
218.03607 	3894485.5
219.63928 	3893928.3
220.44088 	3893319.3
221.24248 	3892589.6
222.04409 	3891936.9
222.84569 	3891402.3
223.64729 	3890943.9
224.4489 	3890496.1
225.2505 	3890002.6
226.0521 	3889507.1
227.65531 	3888658.4
228.45691 	3888326.7
229.25852 	3888063.2
230.86172 	3887525.5
231.66333 	3887190.7
232.46493 	3886836.4
234.06814 	3886157.5
234.86974 	3885897.4
235.67134 	3885641.2
236.47295 	3885370.7
237.27455 	3885123.9
238.07615 	3884908
238.87776 	3884679.6
239.67936 	3884466.7
240.48096 	3884260.8
241.28257 	3884059.2
242.08417 	3883879.4
242.88577 	3883711.7
243.68737 	3883548.6
244.48898 	3883377.6
245.29058 	3883178.2
246.09218 	3882967.2
246.89379 	3882727.9
247.69539 	3882477.8
248.49699 	3882280.2
249.2986 	3882152.1
250.1002 	3882042.5
250.9018 	3881956
251.70341 	3882038.6
252.50501 	3882451.6
253.30661 	3882891.1
254.10822 	3883086.1
254.90982 	3883119.9
255.71142 	3883072.5
256.51303 	3882957.6
257.31463 	3882820.2
258.11623 	3882687.7
258.91784 	3882555.7
259.71944 	3882426.9
260.52104 	3882306.3
261.32265 	3882181.3
262.12425 	3882069.3
262.92585 	3881975.7
263.72745 	3881873.9
264.52906 	3881778.7
265.33066 	3881692.3
266.13226 	3881564.7
266.93387 	3881426.7
267.73547 	3881299.5
268.53707 	3881158.7
269.33868 	3881009.3
270.14028 	3880842.2
270.94188 	3880637.3
271.74349 	3880395.2
272.54509 	3880132.8
273.34669 	3879861.2
274.1483 	3879598.2
274.9499 	3879333.1
274.95 	3879333.1
275.7515 	3879065.2
276.55311 	3878771.2
277.35471 	3878454.5
278.95792 	3877768.9
279.75952 	3877419.6
280.56112 	3877094.4
281.36273 	3876735.2
282.16433 	3876381.8
282.96593 	3875994.6
283.76754 	3875577.4
284.56914 	3875082.5
285.37074 	3874220.2
286.17234 	3872524.4
286.97395 	3869180.4
288.57715 	3848271.4
289.37876 	3826331.7
290.18036 	3799944.1
290.98196 	3772737
291.78357 	3745566.8
292.58517 	3718442.6
293.38677 	3691338.6
294.18838 	3664247.2
294.98998 	3637167.5
295.79158 	3610100.3
296.59319 	3583044.2
297.39479 	3555995.4
298.19639 	3528949.8
298.998 	3501905.6
299.7996 	3474862.7
300.6012 	3447821.8
301.40281 	3420783.5
302.20441 	3393748.3
303.00601 	3366716.6
303.80762 	3339688.2
304.60922 	3312662.8
306.21242 	3258619.6
307.01403 	3231601.5
307.81563 	3204585.7
308.61723 	3177572
309.41884 	3150559.7
310.22044 	3123547.7
311.02204 	3096534.7
311.82365 	3069519.9
312.62525 	3042503.2
313.42685 	3015485.2
314.22846 	2988467
315.03006 	2961450.2
315.83166 	2934436.1
316.63327 	2907425.9
317.43487 	2880420.2
318.23647 	2853419
319.03808 	2826421.7
319.83968 	2799427.7
320.64128 	2772436.1
321.44289 	2745446.4
322.24449 	2718458.1
323.04609 	2691471
323.8477 	2664485
324.6493 	2637499.8
325.4509 	2610515
326.25251 	2583530.1
327.05411 	2556544.8
327.85571 	2529558.6
328.65731 	2502571.5
329.45892 	2475583.4
330.26052 	2448594.8
331.06212 	2421606
331.86373 	2394617.4
332.66533 	2367629
333.46693 	2340640.6
334.26854 	2313651.8
335.07014 	2286662.2
335.87174 	2259671.2
336.67335 	2232678.9
337.47495 	2205685.2
338.27655 	2178690.5
339.07816 	2151695
339.87976 	2124699
340.68136 	2097702.3
341.48297 	2070704.7
342.28457 	2043705.8
343.08617 	2016704.8
343.88778 	1989701.2
344.68938 	1962694.5
345.49098 	1935684.5
346.29259 	1908670.7
347.09419 	1881653.3
347.89579 	1854632.3
348.69739 	1827607.6
349.499 	1800579.5
350.3006 	1773548
351.1022 	1746513.2
351.90381 	1719475.2
352.70541 	1692434.2
353.50701 	1665390.4
354.30862 	1638344
355.11022 	1611295.3
355.91182 	1584244.6
356.71343 	1557192.5
357.51503 	1530139.3
358.31663 	1503085.5
359.11824 	1476031.7
359.91984 	1448978.2
360.72144 	1421925.6
361.52305 	1394874.1
362.32465 	1367824.2
363.12625 	1340776.2
363.92786 	1313730.3
364.72946 	1286686.9
365.53106 	1259646.1
366.33267 	1232608.4
367.13427 	1205573.8
367.93587 	1178542.8
368.73747 	1151515.6
369.53908 	1124492.4
370.34068 	1097473.6
371.14228 	1070459.3
371.94389 	1043449.8
372.74549 	1016445
373.54709 	989445.11
374.3487 	962450.1
375.1503 	935459.96
375.9519 	908474.58
376.75351 	881493.87
377.55511 	854517.64
379.15832 	800577.81
379.95992 	773613.69
381.56313 	719695.61
382.36473 	692741.02
383.16633 	665788.99
383.96794 	638839.23
384.76954 	611891.47
385.57114 	584945.46
386.37275 	558000.99
387.17435 	531057.83
387.97595 	504115.78
388.77756 	477174.64
389.57916 	450234.19
390.38076 	423294.24
391.18236 	396354.56
391.98397 	369414.97
392.78557 	342475.27
393.58717 	315535.31
394.38878 	288594.96
395.19038 	261654.13
395.99198 	234712.8
396.79359 	207770.95
397.59519 	180828.66
399.1984 	126943.07
400 	100656.24
