0 	9669691.3
6.4128257 	9538089.2
34.468938 	9121930.9
37.675351 	9101079.3
40.881764 	9023991.7
50.501002 	8784820.7
53.707415 	8705099.5
62.52505 	8485853.4
65.731463 	8406124.9
68.937876 	8326395.8
69.739479 	8306463.7
96.993988 	7628960
103.40681 	7469547.1
106.61323 	7389834.8
116.23246 	7150683.8
123.44689 	6971318.2
125.05 	6931462.4
125.8517 	6911530.9
128.25651 	6851744.7
131.46293 	6772032
151.50301 	6273899.4
153.90782 	6214130.8
156.31263 	6154363
159.51904 	6074673.5
166.73347 	5895372.5
169.13828 	5835604.8
175.5511 	5676221.9
176.35271 	5656298.8
187.57515 	5377372.5
190.78156 	5297679.8
200.4008 	5058608.5
201.2024 	5038686.4
202.00401 	5018764.5
202.80561 	4998842.7
203.60721 	4978920.9
204.40882 	4958999.2
205.21042 	4939077.7
206.01202 	4919156.2
206.81363 	4899234.8
207.61523 	4879313.5
208.41683 	4859392.3
209.21844 	4839471.2
210.02004 	4819550.1
210.82164 	4799629.2
211.62325 	4779708.3
212.42485 	4759787.5
213.22645 	4739866.9
214.02806 	4719946.3
214.82966 	4700025.8
215.63126 	4680105.4
216.43287 	4660185
217.23447 	4640264.8
218.03607 	4620344.7
219.63928 	4580504.6
220.44088 	4560584.8
221.24248 	4540665
222.04409 	4520745.3
222.84569 	4500825.7
223.64729 	4480906.3
224.4489 	4460986.9
225.2505 	4441067.6
226.0521 	4421148.4
227.65531 	4381310.3
228.45691 	4361391.3
229.25852 	4341472.5
230.86172 	4301635.2
231.66333 	4281716.6
232.46493 	4261798.2
234.06814 	4221961.5
234.86974 	4202043.3
235.67134 	4182125.1
236.47295 	4162207.1
237.27455 	4142289.1
238.07615 	4122371.2
238.87776 	4102453.4
239.67936 	4082535.6
240.48096 	4062617.9
241.28257 	4042700.2
242.08417 	4022782.6
242.88577 	4002865.1
243.68737 	3982947.6
244.48898 	3963030.2
245.29058 	3943112.8
246.09218 	3923195.4
246.89379 	3903278.1
247.69539 	3883360.9
248.49699 	3863443.7
249.2986 	3843526.5
250.1002 	3823609.4
250.9018 	3803692.3
251.70341 	3783775.3
252.50501 	3763858.3
253.30661 	3743941.3
254.10822 	3724024.4
254.90982 	3704107.5
255.71142 	3684190.7
256.51303 	3664273.9
257.31463 	3644357.2
258.11623 	3624440.5
258.91784 	3604523.8
259.71944 	3584607.2
260.52104 	3564690.7
261.32265 	3544774.2
262.12425 	3524857.7
262.92585 	3504941.3
263.72745 	3485024.9
264.52906 	3465108.6
265.33066 	3445192.4
266.13226 	3425276.2
266.93387 	3405360.1
267.73547 	3385444
268.53707 	3365527.9
269.33868 	3345611.9
270.14028 	3325696
270.94188 	3305780.1
271.74349 	3285864.3
272.54509 	3265948.5
273.34669 	3246032.8
274.1483 	3226117.1
274.9499 	3206201.5
274.95 	3206199
275.7515 	3186285.9
276.55311 	3166370.3
277.35471 	3146454.8
278.95792 	3106623.9
279.75952 	3086708.6
280.56112 	3066793.2
281.36273 	3046877.9
282.16433 	3026962.6
282.96593 	3007047.4
283.76754 	2987132.2
284.56914 	2967217
285.37074 	2947301.9
286.17234 	2927386.8
286.97395 	2907471.7
288.57715 	2867641.6
289.37876 	2847726.6
290.18036 	2827811.6
290.98196 	2807896.7
291.78357 	2787981.8
292.58517 	2768066.9
293.38677 	2748152
294.18838 	2728237.2
294.98998 	2708322.4
295.79158 	2688407.6
296.59319 	2668492.8
297.39479 	2648578.1
298.19639 	2628663.4
298.998 	2608748.7
299.7996 	2588834.1
300.6012 	2568919.5
301.40281 	2549004.9
302.20441 	2529090.3
303.00601 	2509175.8
303.80762 	2489261.4
304.60922 	2469346.9
306.21242 	2429518.2
307.01403 	2409603.9
307.81563 	2389689.6
308.61723 	2369775.4
309.41884 	2349861.2
310.22044 	2329947
311.02204 	2310033
311.82365 	2290118.9
312.62525 	2270204.9
313.42685 	2250291
314.22846 	2230377.1
315.03006 	2210463.3
315.83166 	2190549.6
316.63327 	2170635.9
317.43487 	2150722.2
318.23647 	2130808.7
319.03808 	2110895.2
319.83968 	2090981.7
320.64128 	2071068.4
321.44289 	2051155.1
322.24449 	2031241.9
323.04609 	2011328.7
323.8477 	1991415.7
324.6493 	1971502.7
325.4509 	1951589.8
326.25251 	1931677
327.05411 	1911764.3
327.85571 	1891851.6
328.65731 	1871939
329.45892 	1852026.6
330.26052 	1832114.2
331.06212 	1812201.9
331.86373 	1792289.7
332.66533 	1772377.6
333.46693 	1752465.6
334.26854 	1732553.7
335.07014 	1712641.9
335.87174 	1692730.1
336.67335 	1672818.5
337.47495 	1652907
338.27655 	1632995.5
339.07816 	1613084.2
339.87976 	1593173
340.68136 	1573261.8
341.48297 	1553350.8
342.28457 	1533439.8
343.08617 	1513528.9
343.88778 	1493618.1
344.68938 	1473707.5
345.49098 	1453796.9
346.29259 	1433886.3
347.09419 	1413975.9
347.89579 	1394065.6
348.69739 	1374155.3
349.499 	1354245.2
350.3006 	1334335.1
351.1022 	1314425
351.90381 	1294515.1
352.70541 	1274605.2
353.50701 	1254695.4
354.30862 	1234785.7
355.11022 	1214876.1
355.91182 	1194966.5
356.71343 	1175056.9
357.51503 	1155147.5
358.31663 	1135238.1
359.11824 	1115328.7
359.91984 	1095419.4
360.72144 	1075510.2
361.52305 	1055601
362.32465 	1035691.9
363.12625 	1015782.8
363.92786 	995873.71
364.72946 	975964.7
365.53106 	956055.74
366.33267 	936146.81
367.13427 	916237.93
367.93587 	896329.08
368.73747 	876420.27
369.53908 	856511.49
370.34068 	836602.74
371.14228 	816694.03
371.94389 	796785.35
372.74549 	776876.71
373.54709 	756968.09
374.3487 	737059.5
375.1503 	717150.94
375.9519 	697242.41
376.75351 	677333.91
377.55511 	657425.43
379.15832 	617608.56
379.95992 	597700.17
381.56313 	557883.46
382.36473 	537975.15
383.16633 	518066.87
383.96794 	498158.61
384.76954 	478250.38
385.57114 	458342.18
386.37275 	438434.01
387.17435 	418525.87
387.97595 	398617.75
388.77756 	378709.67
389.57916 	358801.62
390.38076 	338893.6
391.18236 	318985.61
391.98397 	299077.65
392.78557 	279169.73
393.58717 	259261.84
394.38878 	239353.98
395.19038 	219446.16
395.99198 	199538.37
396.79359 	179630.62
397.59519 	159722.91
399.1984 	119907.6
400 	100484.88
