0 	3836431.1
0.35183948 	3828541.5
0.70367896 	3820376
1.0555184 	3812217
1.4073579 	3804058
1.7591974 	3795898.8
2.1110369 	3787739.4
2.4628764 	3779570.8
2.8147158 	3771428
3.1665553 	3763261.4
3.5183948 	3755095.6
3.8702343 	3746929.2
4.2220737 	3738762.3
4.9257527 	3722380
5.6294317 	3706076.5
5.9812711 	3697882
6.3331106 	3689686.6
8.092308 	3648695.9
8.795987 	3632292.5
9.1478265 	3624089.3
10.203345 	3599484.8
10.907024 	3583071
11.258863 	3574846.9
11.610703 	3566628.7
11.962542 	3558414.4
12.666221 	3542055.2
13.018061 	3533787.9
13.3699 	3525468.7
13.72174 	3517230.6
14.777258 	3492293.9
15.480937 	3475557.9
15.832777 	3467187.7
16.536456 	3450448.1
17.591974 	3425363.9
18.647492 	3400515.4
19.351171 	3383652
19.703011 	3375219.8
20.05485 	3366787.1
20.40669 	3358353.9
20.758529 	3349920
21.462208 	3333050.6
22.165887 	3316179.1
22.869566 	3299305.8
23.573245 	3282431
23.925085 	3273993.1
24.276924 	3265555.1
24.628764 	3257116.9
25.332442 	3240240.4
25.684282 	3231802.2
26.387961 	3214941
26.7398 	3206527.3
27.09164 	3198093
27.443479 	3189659.3
27.795319 	3181226
28.147158 	3172793.4
28.850837 	3155930
29.202677 	3147499.4
29.554516 	3139069.7
29.906356 	3130640.9
30.258195 	3122213.1
30.610035 	3113786.4
30.961874 	3105360.7
31.665553 	3088512.8
32.017393 	3080090.5
32.369232 	3071669.5
32.721072 	3063249.8
33.072911 	3054831.3
33.424751 	3046414
33.77659 	3037994.5
34.128429 	3029553.4
34.480269 	3021434.2
34.832108 	3016636
35.183948 	3010508.1
35.535787 	3003729.9
35.887627 	2996912.9
36.239466 	2990300.2
36.591306 	2985686
37.294985 	2972249.8
37.646824 	2965269.1
37.998664 	2958283.5
38.702343 	2944292.3
39.406022 	2930265.9
39.757861 	2923236.1
41.165219 	2894978.1
41.517059 	2887873.1
41.868898 	2880750
42.220737 	2873607.8
42.924416 	2859263.1
43.276256 	2852059.2
43.628095 	2844833.6
43.979935 	2837585.8
44.683614 	2823022.3
45.035453 	2815706
45.387293 	2808366.8
46.090972 	2793618.9
46.442811 	2786210.6
47.14649 	2771325.9
47.49833 	2763850.1
48.202009 	2748833.6
48.553848 	2741293.5
49.257527 	2726152.5
49.609367 	2718552.4
49.961206 	2710933.4
50.313045 	2703295.7
50.664885 	2695640.1
51.016724 	2687967
51.720403 	2672570.2
52.072243 	2664847.5
52.424082 	2657108.9
52.775922 	2649355.1
53.127761 	2641586.2
54.18328 	2618191.8
54.535119 	2610365
54.886959 	2602523.8
55.238798 	2594668.4
55.590638 	2586798.7
55.942477 	2578914.5
56.997996 	2555172.3
57.349835 	2547227.4
57.701675 	2539266.3
58.053514 	2531288.6
58.405354 	2523293.7
58.757193 	2515281.1
59.109032 	2507250.1
59.460872 	2499200.1
60.164551 	2483040.6
60.51639 	2474929.5
60.86823 	2466796.8
61.220069 	2458641.5
61.571909 	2450463
61.923748 	2442260.7
62.275588 	2434033.7
62.627427 	2425781.6
62.979267 	2417503.5
63.331106 	2409198.8
63.682946 	2400867.1
64.034785 	2392507.5
64.386625 	2384119.8
64.738464 	2375703.4
65.442143 	2358782.8
65.793983 	2350277.8
66.497662 	2333177.1
67.55318 	2307296.7
68.256859 	2289889.9
68.608698 	2281140.7
69.312377 	2263552.2
70.016056 	2245845.9
70.367896 	2236949.7
70.719735 	2228025.6
71.071575 	2219074.4
71.423414 	2210096.8
72.830772 	2173941.9
73.182612 	2164847.5
73.534451 	2155733.4
73.886291 	2146600.9
74.941809 	2119108
75.293648 	2109917.3
75.645488 	2100716.2
75.997327 	2091506.5
77.052846 	2063844.1
77.404685 	2054618.3
77.756525 	2045393
78.460204 	2026951.4
78.812043 	2017738.4
79.163883 	2008532.7
80.219401 	1980974
81.27492 	1953526.5
81.626759 	1944405.7
81.978599 	1935299.6
82.330438 	1926208.6
82.682278 	1917132.2
83.034117 	1908070.2
83.385957 	1899022
83.737796 	1889986.8
84.089635 	1880963.7
84.441475 	1871951.5
85.496993 	1844967
86.552512 	1818029.7
86.904351 	1809053.8
89.015388 	1755136.1
89.367228 	1746129.5
90.070907 	1728093
90.422746 	1719062.4
90.774586 	1710023.4
91.126425 	1700976
91.478265 	1691920.4
91.830104 	1682856.8
92.533783 	1664706.9
93.237462 	1646529.2
93.589301 	1637431.1
93.941141 	1628327.3
94.29298 	1619218.3
96.052178 	1573610.2
96.404017 	1564478.8
96.755857 	1555344.8
97.459536 	1537070.9
97.811375 	1527931.7
98.163215 	1518791.3
98.515054 	1509650.1
99.922412 	1473083.9
100.27425 	1463943.7
100.62609 	1454804.6
101.32977 	1436531.1
102.03345 	1418266
102.38529 	1409137.3
103.79265 	1372654.5
104.14449 	1363543.3
104.49633 	1354437
105.2 	1336243.8
105.90368 	1318075.8
106.25552 	1309071.2
106.60736 	1302470.4
108.01472 	1287542.5
108.36656 	1283841.5
108.7184 	1280144.4
109.07024 	1276448.6
109.77392 	1269007.7
110.12576 	1265214
110.82944 	1253532
111.18128 	1244083.5
111.53311 	1234472.3
111.88495 	1224785.2
112.58863 	1206358.7
112.94047 	1199536.6
113.29231 	1196110.2
113.64415 	1195751
113.99599 	1195637.9
114.34783 	1195647.2
114.69967 	1195622.2
115.05151 	1195524.6
115.40335 	1195429.2
115.75519 	1195270.6
116.45887 	1195207.7
116.81071 	1195210.5
117.16255 	1195245.5
117.51439 	1195254.1
118.21806 	1195125
118.5699 	1195137.2
118.92174 	1195160.5
119.27358 	1195139.6
119.62542 	1195159.7
119.97726 	1195234.6
120.3291 	1195293.8
120.68094 	1195315.6
121.03278 	1195311.8
121.38462 	1195280.5
121.73646 	1195241.4
122.0883 	1195212.4
122.79198 	1195203.5
123.14382 	1195220.2
123.49566 	1195245.3
123.8475 	1195273.7
124.19934 	1195297.9
124.55118 	1195316.5
124.90302 	1195328.9
125.25485 	1195335.6
125.60669 	1195334
126.66221 	1195305.1
127.01405 	1195296.6
127.36589 	1195283.5
127.71773 	1195274.9
128.06957 	1195278
128.42141 	1195293.4
128.77325 	1195316.6
129.12509 	1195330.8
129.47693 	1195330.4
130.18061 	1195358.4
130.53245 	1194682.4
130.88429 	1189433.1
131.23613 	1181209.4
132.29164 	1155446.7
132.64348 	1146847.3
132.99532 	1138249.3
133.699 	1121058.8
134.05084 	1112465.7
134.40268 	1103873.2
134.75452 	1095280.7
135.4582 	1078094.2
135.81004 	1069499.6
136.16188 	1060904.1
136.51372 	1052307.8
136.86556 	1043711
137.56924 	1026516.7
137.92108 	1017919.8
138.27292 	1009323.6
138.97659 	992133.76
139.68027 	974948.93
140.03211 	966358.71
140.38395 	957770.08
140.73579 	949183.05
141.08763 	940597.63
141.43947 	932013.8
141.79131 	923431.5
142.14315 	914850.68
142.49499 	906271.25
142.84683 	897693.11
144.25419 	863391.58
145.3097 	837674.51
145.66154 	829103.5
146.01338 	820533.08
146.36522 	811963.21
146.71706 	803393.84
147.0689 	794824.94
147.42074 	786256.48
148.12442 	769120.76
148.8281 	751986.37
149.17994 	743419.58
149.88362 	726286.58
150.23546 	717720.27
150.5873 	709154.01
151.29098 	692021.43
151.99465 	674888.39
152.69833 	657754.43
153.05017 	649186.94
153.40201 	640619.05
153.75385 	632050.67
154.45753 	614912.25
154.80937 	606342.07
155.16121 	597771.17
155.51305 	589199.48
155.86489 	580626.96
156.21673 	572053.53
156.56857 	563479.17
157.62409 	537750
157.97593 	529171.5
158.32777 	520591.92
158.67961 	512011.26
159.03144 	503429.52
159.38328 	494846.74
159.73512 	486262.94
160.08696 	477678.18
160.4388 	469092.49
160.79064 	460505.94
161.14248 	451918.61
161.49432 	443330.58
161.84616 	434741.92
162.90168 	408973.14
163.25352 	400382.93
163.9572 	383202.17
164.30904 	374611.82
164.66088 	366021.59
165.01272 	357431.59
165.71639 	340252.57
166.06823 	331663.69
167.12375 	305900.32
167.47559 	297313.78
167.82743 	288727.92
168.17927 	280142.76
168.53111 	271558.34
169.23479 	254391.71
169.58663 	245809.51
169.93847 	237228.04
170.64215 	220067.26
170.99399 	211487.89
171.34583 	202909.18
171.69767 	194331.08
172.04951 	185753.56
172.40134 	177176.59
172.75318 	168600.1
173.10502 	160024.07
174.16054 	134298.16
174.51238 	125723.4
174.86422 	117148.83
