0 	3836422.3
0.35183948 	3828482.7
0.70367896 	3820288.7
1.0555184 	3812102.8
1.4073579 	3803917.1
1.7591974 	3795731.3
2.1110369 	3787545.5
2.4628764 	3779350.1
2.8147158 	3771189.7
3.1665553 	3762994.9
3.5183948 	3754805.8
3.8702343 	3746616.6
4.2220737 	3738427
4.9257527 	3722034.9
5.6294317 	3705682.3
5.9812711 	3697479.9
6.3331106 	3689277.3
8.092308 	3648259
8.795987 	3631849.2
9.1478265 	3623643.7
10.203345 	3599029.7
10.907024 	3582621.9
11.258863 	3574420.5
11.610703 	3566210.1
11.962542 	3557999.9
12.666221 	3541691.8
13.018061 	3533587.2
13.3699 	3525316.8
13.72174 	3517081.2
14.777258 	3492521.1
15.480937 	3476057
15.832777 	3467805.7
16.536456 	3451297.8
17.591974 	3426555.2
18.647492 	3401834
19.351171 	3385603.6
19.703011 	3377317.7
20.05485 	3369031.9
20.40669 	3360745.9
20.758529 	3352459.6
21.462208 	3335886.1
22.165887 	3319311.5
22.869566 	3302735.9
23.573245 	3286159.3
23.925085 	3277870.7
24.276924 	3269581.8
24.628764 	3261292.6
25.332442 	3244713.7
25.684282 	3236423.8
26.387961 	3219843.5
26.7398 	3211553
27.09164 	3203262.1
27.443479 	3194969.8
27.795319 	3186710.8
28.147158 	3178420.2
28.850837 	3161830.6
29.202677 	3153535.4
29.554516 	3145239.7
29.906356 	3136943.6
30.258195 	3128647
30.610035 	3120349.8
30.961874 	3112052
31.665553 	3095454.4
32.017393 	3087154.5
32.369232 	3078853.8
32.721072 	3070552.3
33.072911 	3062249.9
33.424751 	3053946.5
33.77659 	3045642.2
34.128429 	3037336.8
34.480269 	3029028.9
34.832108 	3020705.8
35.183948 	3012371.5
35.535787 	3005666.6
35.887627 	2999728.4
36.239466 	2991008.5
36.591306 	2982052.3
37.294985 	2966070.3
37.646824 	2959385.3
37.998664 	2950853
38.702343 	2933587.3
39.406022 	2916322.3
39.757861 	2907691.9
41.165219 	2873187.7
41.517059 	2864566.8
41.868898 	2855948.2
42.220737 	2847332
42.924416 	2830107.6
43.276256 	2821499.5
43.628095 	2812894.3
43.979935 	2804292.1
44.683614 	2787096.8
45.035453 	2778503.9
45.387293 	2769914.1
46.090972 	2752744
46.442811 	2744163.6
47.14649 	2727011.9
47.49833 	2718440.4
48.202009 	2701305.5
48.553848 	2692741.7
49.257527 	2675620.7
49.609367 	2667063
49.961206 	2658506.9
50.313045 	2649952.1
50.664885 	2641398.4
51.016724 	2632845.4
51.720403 	2615741
52.072243 	2607188.9
52.424082 	2598636.7
52.775922 	2590084
53.127761 	2581530.8
54.18328 	2555866
54.535119 	2547309.1
54.886959 	2538751.3
55.238798 	2530192.5
55.590638 	2521633
55.942477 	2513073
56.997996 	2487393.2
57.349835 	2478834.8
57.701675 	2470278.3
58.053514 	2461724.2
58.405354 	2453173.5
58.757193 	2444626.9
59.109032 	2436085.5
59.460872 	2427550.4
60.164551 	2410503.3
60.51639 	2401993.7
60.86823 	2393495.1
61.220069 	2385008.8
61.571909 	2376536.2
61.923748 	2368078.4
62.275588 	2359636.9
62.627427 	2351213
62.979267 	2342807.9
63.331106 	2334423
63.682946 	2326059.2
64.034785 	2317718
64.386625 	2309400
64.738464 	2301106.2
65.442143 	2284593.9
65.793983 	2276376.6
66.497662 	2260021.7
67.55318 	2235690.7
68.256859 	2219602.5
68.608698 	2211596.8
69.312377 	2195658.8
70.016056 	2179813
70.367896 	2171922.2
70.719735 	2164051.3
71.071575 	2156199
71.423414 	2148364.3
72.830772 	2117174.6
73.182612 	2109408.1
73.534451 	2101651.3
73.886291 	2093903
74.941809 	2070697.5
75.293648 	2062971.8
75.645488 	2055249.1
75.997327 	2047528.4
77.052846 	2024369.9
77.404685 	2016649.2
77.756525 	2008926.9
78.460204 	1993475.4
78.812043 	1985745.4
79.163883 	1978012.2
80.219401 	1954791
81.27492 	1931534.8
81.626759 	1923774.9
81.978599 	1916011.1
82.330438 	1908243.5
82.682278 	1900472
83.034117 	1892696.8
83.385957 	1884917.8
83.737796 	1877135.2
84.089635 	1869348.8
84.441475 	1861558.5
85.496993 	1838164.4
86.552512 	1814731.7
86.904351 	1806911
89.015388 	1759857.6
89.367228 	1751989.3
90.070907 	1736225.6
90.422746 	1728329.1
90.774586 	1720422
91.126425 	1712503.8
91.478265 	1704573.9
91.830104 	1696631.8
92.533783 	1680709
93.237462 	1664731.5
93.589301 	1656721.3
93.941141 	1648696.2
94.29298 	1640655.9
96.052178 	1600217.5
96.404017 	1592081.1
96.755857 	1583928
97.459536 	1567571.2
97.811375 	1559367.2
98.163215 	1551145.8
98.515054 	1542906.8
99.922412 	1509766.2
100.27425 	1501432.2
100.62609 	1493078.3
101.32977 	1476309.5
102.03345 	1459459.2
102.38529 	1451004.1
103.79265 	1417000.8
104.14449 	1408458.5
104.49633 	1399901.4
105.2 	1382743.7
105.90368 	1365525.4
106.25552 	1356890.5
106.60736 	1348231.6
108.01472 	1312669.5
108.36656 	1301627.7
108.7184 	1290551.9
109.07024 	1279468.1
109.77392 	1257302
110.12576 	1246227.6
110.82944 	1224076.4
111.18128 	1213790.9
111.53311 	1208222.3
111.88495 	1202567.7
112.58863 	1190810.2
112.94047 	1184927.9
113.29231 	1179018.2
113.64415 	1173575.9
113.99599 	1168387.1
114.34783 	1163530.3
114.69967 	1158223.9
115.05151 	1156434.6
115.40335 	1156293.5
115.75519 	1156296.2
116.45887 	1156246.8
116.81071 	1155823.1
117.16255 	1155641.8
117.51439 	1155659.4
118.21806 	1155515.2
118.5699 	1155539.3
118.92174 	1155594.5
119.27358 	1155639.6
119.62542 	1155654
119.97726 	1155644.1
120.3291 	1155604.1
120.68094 	1155550.3
121.03278 	1155489.7
121.38462 	1155426.5
121.73646 	1155378
122.0883 	1155364.6
122.79198 	1155439.5
123.14382 	1155498.6
123.49566 	1155552.7
123.8475 	1155599.5
124.19934 	1155626.5
124.55118 	1155625.3
124.90302 	1155602.2
125.25485 	1155579.5
125.60669 	1155577.4
126.66221 	1155661.7
127.01405 	1155711
127.36589 	1155770.2
127.71773 	1155819.6
128.06957 	1155850.9
128.42141 	1155860.7
128.77325 	1155842.6
129.12509 	1155792.5
129.47693 	1155716.6
130.18061 	1155523.5
130.53245 	1155412
130.88429 	1155293.6
131.23613 	1155172.3
132.29164 	1154836
132.64348 	1153701.8
132.99532 	1147668.9
133.699 	1130571.8
134.05084 	1121899
134.40268 	1113228.4
134.75452 	1104560.6
135.4582 	1087232.8
135.81004 	1078572.4
136.16188 	1069914
136.51372 	1061257.5
136.86556 	1052602.7
137.56924 	1035297.7
137.92108 	1026647.2
138.27292 	1017998.1
138.97659 	1000703
139.68027 	983411.74
140.03211 	974767.35
140.38395 	966123.72
140.73579 	957480.8
141.08763 	948838.58
141.43947 	940197.03
141.79131 	931556.15
142.14315 	922915.9
142.49499 	914276.28
142.84683 	905637.25
144.25419 	871085.88
145.3097 	845174.63
145.66154 	836537.27
146.01338 	827899.51
146.36522 	819261.18
146.71706 	810622.09
147.0689 	801982.09
147.42074 	793341.02
148.12442 	776055.05
148.8281 	758763.18
149.17994 	750114.8
149.88362 	732812.85
150.23546 	724159.25
150.5873 	715503.9
151.29098 	698188.17
151.99465 	680866.18
152.69833 	663538.8
153.05017 	654873.42
153.40201 	646207.12
153.75385 	637540.07
154.45753 	620204.38
154.80937 	611536.08
155.16121 	602867.7
155.51305 	594199.4
155.86489 	585531.34
156.21673 	576863.64
156.56857 	568196.42
157.62409 	542198.61
157.97593 	533534.17
158.32777 	524870.52
158.67961 	516207.66
159.03144 	507545.58
159.38328 	498884.22
159.73512 	490223.53
160.08696 	481563.44
160.4388 	472903.84
160.79064 	464244.63
161.14248 	455585.69
161.49432 	446926.91
161.84616 	438268.14
162.90168 	412290.63
163.25352 	403630.61
163.9572 	386308.57
164.30904 	377646.32
164.66088 	368983.15
165.01272 	360318.94
165.71639 	342987.25
166.06823 	334319.67
167.12375 	308309.84
167.47559 	299637.56
167.82743 	290964.17
168.17927 	282289.71
168.53111 	273614.24
169.23479 	256260.56
169.58663 	247582.48
169.93847 	238903.7
170.64215 	221544.31
170.99399 	212863.87
171.34583 	204183.02
171.69767 	195501.84
172.04951 	186820.39
172.40134 	178138.72
172.75318 	169456.89
173.10502 	160774.94
174.16054 	134728.66
174.51238 	126046.5
174.86422 	117364.34
