0 	9520919.1
6.4128257 	9384832.5
34.468938 	8829443.7
37.675351 	8755788.4
40.881764 	8679514.3
50.501002 	8618774.5
53.707415 	8617970.5
62.52505 	8529824.8
65.731463 	8449653.5
68.937876 	8369469.9
69.739479 	8349420.5
96.993988 	7668574.6
103.40681 	7508546.5
106.61323 	7428476.6
116.23246 	7188065.6
123.44689 	7007711.4
125.05 	6967645.9
125.8517 	6947611.3
128.25651 	6887522.5
131.46293 	6807419.3
151.50301 	6306893.2
153.90782 	6246826.9
156.31263 	6186760.4
159.51904 	6106672.7
166.73347 	5926482.6
169.13828 	5866421
175.5511 	5706255
176.35271 	5686233.5
187.57515 	5405895.6
190.78156 	5325782.7
200.4008 	5085395.7
201.2024 	5065360.4
202.00401 	5045324.6
202.80561 	5025288.4
203.60721 	5005251.9
204.40882 	4985215
205.21042 	4965177.7
206.01202 	4945140.2
206.81363 	4925102.4
207.61523 	4905064.4
208.41683 	4885026.2
209.21844 	4864987.8
210.02004 	4844949.4
210.82164 	4824910.9
211.62325 	4804872.4
212.42485 	4784833.9
213.22645 	4764795.6
214.02806 	4744757.4
214.82966 	4724719.5
215.63126 	4704681.8
216.43287 	4684644.5
217.23447 	4664607.5
218.03607 	4644571
219.63928 	4604499.6
220.44088 	4584464.7
221.24248 	4564430.5
222.04409 	4544397
222.84569 	4524364.2
223.64729 	4504332.1
224.4489 	4484300.7
225.2505 	4464270.2
226.0521 	4444240.4
227.65531 	4404183.2
228.45691 	4384155.8
229.25852 	4364129.2
230.86172 	4324078.3
231.66333 	4304054
232.46493 	4284030.3
234.06814 	4243985
234.86974 	4223963.3
235.67134 	4203942.2
236.47295 	4183921.6
237.27455 	4163901.5
238.07615 	4143881.9
238.87776 	4123862.8
239.67936 	4103844.1
240.48096 	4083825.8
241.28257 	4063807.8
242.08417 	4043790.2
242.88577 	4023773
243.68737 	4003756
244.48898 	3983739.3
245.29058 	3963722.9
246.09218 	3943706.8
246.89379 	3923691
247.69539 	3903675.4
248.49699 	3883660
249.2986 	3863644.9
250.1002 	3843630
250.9018 	3823615.4
251.70341 	3803601
252.50501 	3783586.9
253.30661 	3763573
254.10822 	3743559.4
254.90982 	3723546
255.71142 	3703532.9
256.51303 	3683520
257.31463 	3663507.4
258.11623 	3643494.9
258.91784 	3623482.7
259.71944 	3603470.7
260.52104 	3583458.9
261.32265 	3563447.3
262.12425 	3543435.8
262.92585 	3523424.5
263.72745 	3503413.3
264.52906 	3483402.2
265.33066 	3463391.1
266.13226 	3443380.1
266.93387 	3423369.1
267.73547 	3403358
268.53707 	3383346.9
269.33868 	3363335.7
270.14028 	3343324.4
270.94188 	3323312.9
271.74349 	3303301.2
272.54509 	3283289.3
273.34669 	3263277.2
274.1483 	3243264.7
274.9499 	3223252
274.95 	3223249.5
275.7515 	3203238.9
276.55311 	3183225.4
277.35471 	3163211.6
278.95792 	3123182.7
279.75952 	3103167.6
280.56112 	3083152.1
281.36273 	3063136.1
282.16433 	3043119.6
282.96593 	3023102.6
283.76754 	3003085.2
284.56914 	2983067.3
285.37074 	2963048.9
286.17234 	2943030
286.97395 	2923010.7
288.57715 	2882970.6
289.37876 	2862949.9
290.18036 	2842928.8
290.98196 	2822907.2
291.78357 	2802885.2
292.58517 	2782862.8
293.38677 	2762840
294.18838 	2742816.8
294.98998 	2722793.3
295.79158 	2702769.4
296.59319 	2682745.1
297.39479 	2662720.6
298.19639 	2642695.7
298.998 	2622670.5
299.7996 	2602645.1
300.6012 	2582619.4
301.40281 	2562593.4
302.20441 	2542567.2
303.00601 	2522540.7
303.80762 	2502514
304.60922 	2482487.1
306.21242 	2442432.7
307.01403 	2422405.2
307.81563 	2402377.5
308.61723 	2382349.7
309.41884 	2362321.7
310.22044 	2342293.6
311.02204 	2322265.3
311.82365 	2302236.9
312.62525 	2282208.4
313.42685 	2262179.9
314.22846 	2242151.2
315.03006 	2222122.4
315.83166 	2202093.6
316.63327 	2182064.7
317.43487 	2162035.8
318.23647 	2142006.8
319.03808 	2121977.8
319.83968 	2101948.9
320.64128 	2081919.9
321.44289 	2061891
322.24449 	2041862.1
323.04609 	2021833.3
323.8477 	2001804.5
324.6493 	1981775.9
325.4509 	1961747.3
326.25251 	1941718.9
327.05411 	1921690.6
327.85571 	1901662.5
328.65731 	1881634.5
329.45892 	1861606.7
330.26052 	1841579.2
331.06212 	1821551.9
331.86373 	1801524.8
332.66533 	1781497.9
333.46693 	1761471.4
334.26854 	1741445.1
335.07014 	1721419.1
335.87174 	1701393.5
336.67335 	1681368.2
337.47495 	1661343.2
338.27655 	1641318.5
339.07816 	1621294.2
339.87976 	1601270.3
340.68136 	1581246.8
341.48297 	1561223.6
342.28457 	1541200.8
343.08617 	1521178.4
343.88778 	1501156.4
344.68938 	1481134.8
345.49098 	1461113.6
346.29259 	1441092.7
347.09419 	1421072.3
347.89579 	1401052.2
348.69739 	1381032.5
349.499 	1361013.2
350.3006 	1340994.2
351.1022 	1320975.6
351.90381 	1300957.3
352.70541 	1280939.3
353.50701 	1260921.7
354.30862 	1240904.3
355.11022 	1220887.3
355.91182 	1200870.5
356.71343 	1180853.9
357.51503 	1160837.6
358.31663 	1140821.5
359.11824 	1120805.7
359.91984 	1100790
360.72144 	1080774.5
361.52305 	1060759.1
362.32465 	1040743.8
363.12625 	1020728.7
363.92786 	1000713.7
364.72946 	980698.73
365.53106 	960683.83
366.33267 	940668.99
367.13427 	920654.17
367.93587 	900639.36
368.73747 	880624.56
369.53908 	860609.74
370.34068 	840594.9
371.14228 	820580.02
371.94389 	800565.09
372.74549 	780550.11
373.54709 	760535.06
374.3487 	740519.94
375.1503 	720504.75
375.9519 	700489.47
376.75351 	680474.1
377.55511 	660458.64
379.15832 	620427.46
379.95992 	600411.73
381.56313 	560379.99
382.36473 	540363.99
383.16633 	520347.91
383.96794 	500331.74
384.76954 	480315.5
385.57114 	460299.19
386.37275 	440282.81
387.17435 	420266.38
387.97595 	400249.88
388.77756 	380233.34
389.57916 	360216.76
390.38076 	340200.13
391.18236 	320183.48
391.98397 	300166.8
392.78557 	280150.11
393.58717 	260133.4
394.38878 	240116.69
395.19038 	220099.97
395.99198 	200083.26
396.79359 	180066.56
397.59519 	160049.88
399.1984 	120016.6
400 	100487.53
