0 	7565621.7
6.4128257 	7437621.5
34.468938 	6971739.9
37.675351 	6896829.1
40.881764 	6816805.8
50.501002 	6577525.8
53.707415 	6500786.2
62.52505 	6366828.9
65.731463 	6360821.9
68.937876 	6348432.8
69.739479 	6337302
96.993988 	5742964.6
103.40681 	5735746.9
106.61323 	5727611.2
116.23246 	5583166.8
123.44689 	5405587.8
125.05 	5369798.2
125.8517 	5353689.4
128.25651 	5296585.2
131.46293 	5210085.2
151.50301 	4754984.9
153.90782 	4721294.5
156.31263 	4656945.4
159.51904 	4570447.8
166.73347 	4389446.6
169.13828 	4319654.6
175.5511 	4138221
176.35271 	4119529.2
187.57515 	3838848.5
190.78156 	3770554.7
200.4008 	3755877.1
201.2024 	3755897
202.00401 	3755842.9
202.80561 	3755739.4
203.60721 	3755611.8
204.40882 	3755456.5
205.21042 	3755262.2
206.01202 	3755053.6
206.81363 	3754861.8
207.61523 	3754760.6
208.41683 	3754813.9
209.21844 	3755000
210.02004 	3755324.8
210.82164 	3755863.6
211.62325 	3756611.1
212.42485 	3757532.5
213.22645 	3758666.7
214.02806 	3759803.3
214.82966 	3760616.4
215.63126 	3760897.1
216.43287 	3760556.6
217.23447 	3759825.9
218.03607 	3758963.7
219.63928 	3757614.6
220.44088 	3757350.2
221.24248 	3757233.3
222.04409 	3757166.5
222.84569 	3757062
223.64729 	3756958.3
224.4489 	3756904.3
225.2505 	3756901
226.0521 	3756924.4
227.65531 	3756998.3
228.45691 	3756938.3
229.25852 	3756789.4
230.86172 	3756378.5
231.66333 	3756179
232.46493 	3756012.4
234.06814 	3755624.7
234.86974 	3755391.4
235.67134 	3755175.2
236.47295 	3754962.6
237.27455 	3754739.3
238.07615 	3754521.8
238.87776 	3754316.5
239.67936 	3754133.8
240.48096 	3753984.1
241.28257 	3753854.9
242.08417 	3753728.5
242.88577 	3753603.9
243.68737 	3753490.8
244.48898 	3753408
245.29058 	3753343.2
246.09218 	3753337.3
246.89379 	3753432.5
247.69539 	3753570.6
248.49699 	3753710.6
249.2986 	3753858.8
250.1002 	3754021.8
250.9018 	3754220.2
251.70341 	3754437.8
252.50501 	3754632.9
253.30661 	3754780.9
254.10822 	3754867.7
254.90982 	3754896.8
255.71142 	3754902.7
256.51303 	3754922.4
257.31463 	3754970.4
258.11623 	3754964.4
258.91784 	3754844.2
259.71944 	3754635.4
260.52104 	3754401.2
261.32265 	3754154
262.12425 	3753889.8
262.92585 	3753636.1
263.72745 	3753381.2
264.52906 	3753106.1
265.33066 	3752871.2
266.13226 	3752661.9
266.93387 	3752455.6
267.73547 	3752251.9
268.53707 	3752034.7
269.33868 	3751802.1
270.14028 	3751586.4
270.94188 	3751397.5
271.74349 	3751235.2
272.54509 	3751098.5
273.34669 	3750956
274.1483 	3750813.3
274.9499 	3750654.6
274.95 	3750654.6
275.7515 	3750500.6
276.55311 	3750353.7
277.35471 	3750215.4
278.95792 	3749979.6
279.75952 	3749868.4
280.56112 	3749791.4
281.36273 	3749736.4
282.16433 	3749683
282.96593 	3749614
283.76754 	3749547.4
284.56914 	3749498.1
285.37074 	3749464.6
286.17234 	3749450
286.97395 	3749410.4
288.57715 	3749129.7
289.37876 	3748968.8
290.18036 	3748767.7
290.98196 	3748411.5
291.78357 	3747732.9
292.58517 	3746419.7
293.38677 	3743526.8
294.18838 	3737328.6
294.98998 	3724709.5
295.79158 	3703697.6
296.59319 	3677236.7
297.39479 	3649492.7
298.19639 	3621737.9
298.998 	3594032.3
299.7996 	3566342.5
300.6012 	3538658.2
301.40281 	3510978.3
302.20441 	3483303.8
303.00601 	3455635.5
303.80762 	3427973.5
304.60922 	3400317.3
306.21242 	3345017.1
307.01403 	3317370
307.81563 	3289722.7
308.61723 	3262074
309.41884 	3234422.7
310.22044 	3206768
311.02204 	3179109.2
311.82365 	3151445.7
312.62525 	3123777.2
313.42685 	3096103.3
314.22846 	3068423.4
315.03006 	3040736.9
315.83166 	3013042.8
316.63327 	2985339.9
317.43487 	2957627.2
318.23647 	2929903.9
319.03808 	2902169.6
319.83968 	2874424.5
320.64128 	2846668.9
321.44289 	2818903.4
322.24449 	2791129
323.04609 	2763346.3
323.8477 	2735556.4
324.6493 	2707760.4
325.4509 	2679959.8
326.25251 	2652156.3
327.05411 	2624351.5
327.85571 	2596547
328.65731 	2568744.1
329.45892 	2540943.7
330.26052 	2513146.1
331.06212 	2485351.5
331.86373 	2457559.8
332.66533 	2429770.9
333.46693 	2401984.4
334.26854 	2374200.4
335.07014 	2346418.7
335.87174 	2318639.4
336.67335 	2290862.5
337.47495 	2263088.1
338.27655 	2235316.6
339.07816 	2207548.1
339.87976 	2179782.7
340.68136 	2152020.5
341.48297 	2124261.4
342.28457 	2096505.4
343.08617 	2068752.3
343.88778 	2041001.9
344.68938 	2013254.1
345.49098 	1985508.7
346.29259 	1957765.9
347.09419 	1930025.5
347.89579 	1902287.6
348.69739 	1874552.2
349.499 	1846819.2
350.3006 	1819088.5
351.1022 	1791359.8
351.90381 	1763633
352.70541 	1735907.7
353.50701 	1708183.5
354.30862 	1680460.2
355.11022 	1652737.4
355.91182 	1625014.9
356.71343 	1597292.3
357.51503 	1569569.7
358.31663 	1541846.8
359.11824 	1514123.6
359.91984 	1486399.9
360.72144 	1458675.8
361.52305 	1430951
362.32465 	1403225.4
363.12625 	1375499
363.92786 	1347771.5
364.72946 	1320042.8
365.53106 	1292312.8
366.33267 	1264581.3
367.13427 	1236848.4
367.93587 	1209114.2
368.73747 	1181378.6
369.53908 	1153642
370.34068 	1125904.6
371.14228 	1098166.6
371.94389 	1070428.6
372.74549 	1042690.7
373.54709 	1014953.3
374.3487 	987216.79
375.1503 	959481.33
375.9519 	931747.16
376.75351 	904014.46
377.55511 	876283.4
379.15832 	820826.9
379.95992 	793101.8
381.56313 	737658.4
382.36473 	709939.97
383.16633 	682223.39
383.96794 	654508.17
384.76954 	626793.73
385.57114 	599079.35
386.37275 	571364.36
387.17435 	543648.14
387.97595 	515930.18
388.77756 	488210.18
389.57916 	460488.02
390.38076 	432763.74
391.18236 	405037.53
391.98397 	377309.66
392.78557 	349580.47
393.58717 	321850.3
394.38878 	294119.45
395.19038 	266388.2
395.99198 	238656.75
396.79359 	210925.26
397.59519 	183193.82
399.1984 	127731.22
400 	100675.44
