0 	3836444.3
0.35183948 	3828574.8
0.70367896 	3820377.1
1.0555184 	3812182.7
1.4073579 	3803988.3
1.7591974 	3795793.9
2.1110369 	3787599.6
2.4628764 	3779405.2
2.8147158 	3771210.8
3.1665553 	3763016.4
3.5183948 	3754822.2
3.8702343 	3746621.5
4.2220737 	3738455.2
4.9257527 	3722057.7
5.6294317 	3705669.3
5.9812711 	3697429.7
6.3331106 	3689309.4
8.092308 	3648338.7
8.795987 	3631951.3
9.1478265 	3623762.8
10.203345 	3599195.6
10.907024 	3582807.1
11.258863 	3574612.9
11.610703 	3566418.7
11.962542 	3558224.4
12.666221 	3541840
13.018061 	3533689.6
13.3699 	3525570
13.72174 	3517746
14.777258 	3493265.9
15.480937 	3477136.5
15.832777 	3468938.9
16.536456 	3452556.5
17.591974 	3428083.4
18.647492 	3404303.1
19.351171 	3387917.1
19.703011 	3379724.6
20.05485 	3371532.1
20.40669 	3363339.7
20.758529 	3355147.4
21.462208 	3338763.2
22.165887 	3322379.6
22.869566 	3305996.8
23.573245 	3289614.8
23.925085 	3281424.3
24.276924 	3273234
24.628764 	3265044.1
25.332442 	3248665.1
25.684282 	3240476.2
26.387961 	3224099.3
26.7398 	3215910.8
27.09164 	3207717.6
27.443479 	3199521.4
27.795319 	3192314.4
28.147158 	3185358.7
28.850837 	3169033.1
29.202677 	3160849
29.554516 	3152665.6
29.906356 	3144482.9
30.258195 	3136300.9
30.610035 	3128119.4
30.961874 	3119938.6
31.665553 	3103578.3
32.017393 	3095398.8
32.369232 	3087219.6
32.721072 	3079040.8
33.072911 	3070862.2
33.424751 	3062683.7
33.77659 	3054502.9
34.128429 	3046306.7
34.480269 	3038379.2
34.832108 	3032948.8
35.183948 	3025293
35.535787 	3017125.8
35.887627 	3008947
36.239466 	3000767.8
36.591306 	2992588.8
37.294985 	2976231
37.646824 	2968052.2
37.998664 	2959873.5
38.702343 	2943516.2
39.406022 	2927159.3
39.757861 	2918980.9
41.165219 	2886267.9
41.517059 	2878089.8
41.868898 	2869911.8
42.220737 	2861733.8
42.924416 	2845378.1
43.276256 	2837200.4
43.628095 	2829022.7
43.979935 	2820845.1
44.683614 	2804490.2
45.035453 	2796312.8
45.387293 	2788135.5
46.090972 	2771781.2
46.442811 	2763604.3
47.14649 	2747250.6
47.49833 	2739074
48.202009 	2722721.1
48.553848 	2714544.9
49.257527 	2698192.9
49.609367 	2690017.2
49.961206 	2681841.7
50.313045 	2673666.4
50.664885 	2665491.3
51.016724 	2657316.4
51.720403 	2640967.4
52.072243 	2632793.3
52.424082 	2624619.4
52.775922 	2616445.8
53.127761 	2608272.5
54.18328 	2583749.6
54.535119 	2575678.8
54.886959 	2567738.3
55.238798 	2559592
55.590638 	2551409.1
55.942477 	2543224.5
56.997996 	2518671.9
57.349835 	2510488.1
57.701675 	2502304.6
58.053514 	2494121.3
58.405354 	2485938.1
58.757193 	2477755.2
59.109032 	2469572.4
59.460872 	2461389.7
60.164551 	2445024.8
60.51639 	2436842.5
60.86823 	2428660.3
61.220069 	2420478.2
61.571909 	2412296.1
61.923748 	2404114.1
62.275588 	2395932.2
62.627427 	2387750.3
62.979267 	2379568.4
63.331106 	2371386.5
63.682946 	2363204.7
64.034785 	2355022.9
64.386625 	2346841
64.738464 	2338659.2
65.442143 	2322295.5
65.793983 	2314113.7
66.497662 	2297750
67.55318 	2273204.3
68.256859 	2256840.4
68.608698 	2248658.5
69.312377 	2232294.5
70.016056 	2215930.5
70.367896 	2207748.4
70.719735 	2199566.3
71.071575 	2191384.2
71.423414 	2183202.2
72.830772 	2150473.5
73.182612 	2142291.3
73.534451 	2134109.1
73.886291 	2125926.8
74.941809 	2101380
75.293648 	2093197.6
75.645488 	2085015.3
75.997327 	2076832.9
77.052846 	2052285.7
77.404685 	2044103.2
77.756525 	2035920.7
78.460204 	2019555.7
78.812043 	2011373.1
79.163883 	2003190.5
80.219401 	1978642.6
81.27492 	1954094.3
81.626759 	1945911.5
81.978599 	1937728.6
82.330438 	1929545.7
82.682278 	1921362.8
83.034117 	1913179.8
83.385957 	1904996.8
83.737796 	1896813.7
84.089635 	1888630.6
84.441475 	1880447.5
85.496993 	1855897.8
86.552512 	1831347.8
86.904351 	1823164.4
89.015388 	1774063.2
89.367228 	1765879.6
90.070907 	1749512.2
90.422746 	1741328.5
90.774586 	1733144.8
91.126425 	1724961.1
91.478265 	1716777.3
91.830104 	1708593.5
92.533783 	1692226
93.237462 	1675858.4
93.589301 	1667674.6
93.941141 	1659490.8
94.29298 	1651307
96.052178 	1610387.7
96.404017 	1602203.9
96.755857 	1594020
97.459536 	1577652.1
97.811375 	1569468.1
98.163215 	1561284.1
98.515054 	1553100.1
99.922412 	1520363.6
100.27425 	1512179.4
100.62609 	1503995.1
101.32977 	1487626.4
102.03345 	1471257.5
102.38529 	1463072.8
103.79265 	1430332.3
104.14449 	1422146.4
104.49633 	1413956.6
105.2 	1397894.7
105.90368 	1385958.1
106.25552 	1377639.7
106.60736 	1369293.7
108.01472 	1336330.8
108.36656 	1328820.2
108.7184 	1321052.9
109.07024 	1313222.7
109.77392 	1307586.3
110.12576 	1306790
110.82944 	1305574.7
111.18128 	1305564.6
111.53311 	1305558.3
111.88495 	1305550.7
112.58863 	1305521.4
112.94047 	1305504.8
113.29231 	1305487.4
113.64415 	1305470.6
113.99599 	1305456.6
114.34783 	1305445
114.69967 	1305434
115.05151 	1305421.2
115.40335 	1305403.1
115.75519 	1305382.4
116.45887 	1305351
116.81071 	1305334.1
117.16255 	1305315.6
117.51439 	1305297.4
118.21806 	1305263.4
118.5699 	1305248
118.92174 	1305232.9
119.27358 	1305217.8
119.62542 	1305202.7
119.97726 	1305187.7
120.3291 	1305173.1
120.68094 	1305158.5
121.03278 	1305143.7
121.38462 	1305128.6
121.73646 	1305113
122.0883 	1305096.9
122.79198 	1305066
123.14382 	1305052.5
123.49566 	1305040.6
123.8475 	1305029.6
124.19934 	1305016.6
124.55118 	1304989.8
124.90302 	1304959.4
125.25485 	1304836.9
125.60669 	1302429.6
126.66221 	1278359.8
127.01405 	1269881.8
127.36589 	1261403.3
127.71773 	1252924.6
128.06957 	1244445.8
128.42141 	1235967
128.77325 	1227488.2
129.12509 	1219009.4
129.47693 	1210530.7
130.18061 	1193573.4
130.53245 	1185094.9
130.88429 	1176616.5
131.23613 	1168138.2
132.29164 	1142703.9
132.64348 	1134226
132.99532 	1125748.3
133.699 	1108793.1
134.05084 	1100315.6
134.40268 	1091838.3
134.75452 	1083361
135.4582 	1066406.8
135.81004 	1057929.9
136.16188 	1049453
136.51372 	1040976.2
136.86556 	1032499.4
137.56924 	1015546.1
137.92108 	1007069.6
138.27292 	998593.04
138.97659 	981640.07
139.68027 	964687.16
140.03211 	956210.72
140.38395 	947734.27
140.73579 	939257.81
141.08763 	930781.34
141.43947 	922304.85
141.79131 	913828.33
142.14315 	905351.77
142.49499 	896875.19
142.84683 	888398.56
144.25419 	854491.61
145.3097 	829060.87
145.66154 	820583.84
146.01338 	812106.76
146.36522 	803629.62
146.71706 	795152.43
147.0689 	786675.17
147.42074 	778197.86
148.12442 	761243.07
148.8281 	744288.06
149.17994 	735810.47
149.88362 	718855.14
150.23546 	710377.41
150.5873 	701899.62
151.29098 	684943.93
151.99465 	667988.07
152.69833 	651032.08
153.05017 	642554.04
153.40201 	634075.97
153.75385 	625597.88
154.45753 	608641.65
154.80937 	600163.51
155.16121 	591685.37
155.51305 	583207.21
155.86489 	574729.06
156.21673 	566250.9
156.56857 	557772.75
157.62409 	532338.35
157.97593 	523860.24
158.32777 	515382.15
158.67961 	506904.08
159.03144 	498426.04
159.38328 	489948.02
159.73512 	481470.03
160.08696 	472992.08
160.4388 	464514.15
160.79064 	456036.26
161.14248 	447558.41
161.49432 	439080.59
161.84616 	430602.82
162.90168 	405169.73
163.25352 	396692.13
163.9572 	379737.04
164.30904 	371259.57
164.66088 	362782.14
165.01272 	354304.75
165.71639 	337350.11
166.06823 	328872.86
167.12375 	303441.36
167.47559 	294964.28
167.82743 	286487.23
168.17927 	278010.23
168.53111 	269533.27
169.23479 	252579.45
169.58663 	244102.59
169.93847 	235625.77
170.64215 	218672.22
170.99399 	210195.49
171.34583 	201718.79
171.69767 	193242.12
172.04951 	184765.46
172.40134 	176288.84
172.75318 	167812.23
173.10502 	159335.65
174.16054 	133906
174.51238 	125429.49
174.86422 	116952.98
