0 	7912602.3
6.4128257 	7823119
34.468938 	7375301
37.675351 	7297602.4
40.881764 	7222525.2
50.501002 	6999041
53.707415 	6919526.4
62.52505 	6749228.3
65.731463 	6745944.2
68.937876 	6745215.3
69.739479 	6744555.5
96.993988 	6124170.6
103.40681 	5966750.1
106.61323 	5886760.6
116.23246 	5690342.5
123.44689 	5561411.6
125.05 	5555031.9
125.8517 	5551296.1
128.25651 	5508784.3
131.46293 	5422075.1
151.50301 	4944031.2
153.90782 	4881458.5
156.31263 	4822054.8
159.51904 	4751688.1
166.73347 	4591712.6
169.13828 	4585083.5
175.5511 	4582194.2
176.35271 	4581886.7
187.57515 	4577894.5
190.78156 	4576600.5
200.4008 	4576511.3
201.2024 	4576322.1
202.00401 	4576021.9
202.80561 	4575594.6
203.60721 	4575181.8
204.40882 	4574851.4
205.21042 	4574373.5
206.01202 	4573679.2
206.81363 	4573218.8
207.61523 	4573427.7
208.41683 	4573912.5
209.21844 	4574064.3
210.02004 	4573898.7
210.82164 	4573684.4
211.62325 	4573492.9
212.42485 	4573320.3
213.22645 	4573185.9
214.02806 	4573050.9
214.82966 	4572939.8
215.63126 	4572873.5
216.43287 	4572821.2
217.23447 	4572817.8
218.03607 	4572808.2
219.63928 	4572746.2
220.44088 	4572764.3
221.24248 	4572727.7
222.04409 	4572713.3
222.84569 	4572747.1
223.64729 	4572664.7
224.4489 	4572580.7
225.2505 	4572613.8
226.0521 	4572597
227.65531 	4572476.4
228.45691 	4572367
229.25852 	4572284.6
230.86172 	4571725.1
231.66333 	4571480.1
232.46493 	4571270.6
234.06814 	4570827.1
234.86974 	4570493.9
235.67134 	4570142
236.47295 	4569821.9
237.27455 	4569503.2
238.07615 	4569266.7
238.87776 	4569122.2
239.67936 	4569003.7
240.48096 	4568839.3
241.28257 	4568643
242.08417 	4568405.3
242.88577 	4568126.6
243.68737 	4567914.7
244.48898 	4567734.4
245.29058 	4567538.9
246.09218 	4567313.7
246.89379 	4567104.8
247.69539 	4566908.1
248.49699 	4566673.7
249.2986 	4566454.1
250.1002 	4566112.4
250.9018 	4565710.6
251.70341 	4564946.4
252.50501 	4563499.9
253.30661 	4560459.4
254.10822 	4553949
254.90982 	4541220.5
255.71142 	4520995.8
256.51303 	4496807.8
257.31463 	4472077
258.11623 	4447441.8
258.91784 	4422857.5
259.71944 	4398289.3
260.52104 	4373726.2
261.32265 	4349163.7
262.12425 	4324599.8
262.92585 	4300035
263.72745 	4275470.6
264.52906 	4250908
265.33066 	4226348.3
266.13226 	4201792.4
266.93387 	4177240.7
267.73547 	4152693.1
268.53707 	4128149.2
269.33868 	4103608.2
270.14028 	4079069.6
270.94188 	4054532.7
271.74349 	4029997.1
272.54509 	4005463
273.34669 	3980930.3
274.1483 	3956399.5
274.9499 	3931870.8
274.95 	3931867.8
275.7515 	3907344.7
276.55311 	3882821.6
277.35471 	3858301.8
278.95792 	3809272.3
279.75952 	3784762.2
280.56112 	3760254.8
281.36273 	3735749.2
282.16433 	3711245
282.96593 	3686741.5
283.76754 	3662238.2
284.56914 	3637734.7
285.37074 	3613230.5
286.17234 	3588725.4
286.97395 	3564219.2
288.57715 	3515202.5
289.37876 	3490691.9
290.18036 	3466180
290.98196 	3441666.9
291.78357 	3417153.1
292.58517 	3392639
293.38677 	3368124.9
294.18838 	3343611.1
294.98998 	3319097.9
295.79158 	3294585.1
296.59319 	3270072.7
297.39479 	3245560.7
298.19639 	3221048.8
298.998 	3196537.1
299.7996 	3172025.7
300.6012 	3147514.8
301.40281 	3123004.8
302.20441 	3098495.9
303.00601 	3073988.4
303.80762 	3049482.8
304.60922 	3024978.9
306.21242 	2975976.7
307.01403 	2951477.8
307.81563 	2926980.2
308.61723 	2902483.2
309.41884 	2877986.6
310.22044 	2853490
311.02204 	2828993.1
311.82365 	2804495.7
312.62525 	2779997.5
313.42685 	2755498.6
314.22846 	2730999
315.03006 	2706498.7
315.83166 	2681997.8
316.63327 	2657496.6
317.43487 	2632994.9
318.23647 	2608492.9
319.03808 	2583990.4
319.83968 	2559487.2
320.64128 	2534983.3
321.44289 	2510478.2
322.24449 	2485971.8
323.04609 	2461463.6
323.8477 	2436953.5
324.6493 	2412441.2
325.4509 	2387926.4
326.25251 	2363408.8
327.05411 	2338888.4
327.85571 	2314364.9
328.65731 	2289838.2
329.45892 	2265308.3
330.26052 	2240775
331.06212 	2216238.4
331.86373 	2191698.4
332.66533 	2167154.9
333.46693 	2142608.1
334.26854 	2118057.7
335.07014 	2093503.6
335.87174 	2068945.8
336.67335 	2044384.1
337.47495 	2019818.2
338.27655 	1995248
339.07816 	1970673.2
339.87976 	1946093.4
340.68136 	1921508.6
341.48297 	1896918.5
342.28457 	1872322.8
343.08617 	1847721.3
343.88778 	1823113.9
344.68938 	1798500.4
345.49098 	1773880.8
346.29259 	1749254.9
347.09419 	1724622.6
347.89579 	1699983.9
348.69739 	1675338.8
349.499 	1650687.3
350.3006 	1626029.4
351.1022 	1601365.3
351.90381 	1576694.9
352.70541 	1552018.4
353.50701 	1527336.1
354.30862 	1502648.1
355.11022 	1477954.8
355.91182 	1453256.6
356.71343 	1428553.8
357.51503 	1403847.1
358.31663 	1379136.9
359.11824 	1354424.1
359.91984 	1329709.2
360.72144 	1304993.1
361.52305 	1280276.7
362.32465 	1255560.8
363.12625 	1230846.3
363.92786 	1206134
364.72946 	1181425
365.53106 	1156720
366.33267 	1132020
367.13427 	1107325.7
367.93587 	1082637.8
368.73747 	1057957.2
369.53908 	1033284.4
370.34068 	1008619.9
371.14228 	983964.22
371.94389 	959317.72
372.74549 	934680.63
373.54709 	910053.1
374.3487 	885435.14
375.1503 	860826.65
375.9519 	836227.42
376.75351 	811637.12
377.55511 	787055.34
379.15832 	737915.19
379.95992 	713355.61
381.56313 	664254.08
382.36473 	639710.72
383.16633 	615171.38
383.96794 	590635.38
384.76954 	566102.09
385.57114 	541570.9
386.37275 	517041.26
387.17435 	492512.69
387.97595 	467984.72
388.77756 	443456.99
389.57916 	418929.16
390.38076 	394400.94
391.18236 	369872.13
391.98397 	345342.55
392.78557 	320812.08
393.58717 	296280.65
394.38878 	271748.24
395.19038 	247214.87
395.99198 	222680.6
396.79359 	198145.51
397.59519 	173609.75
399.1984 	124536.83
400 	100597.63
