0 	7913534.7
6.4128257 	7821329.8
34.468938 	7374900.3
37.675351 	7297613.4
40.881764 	7221804
50.501002 	6999607.4
53.707415 	6920125.4
62.52505 	6753845.4
65.731463 	6750526.4
68.937876 	6749412.3
69.739479 	6748644.5
96.993988 	6119667.7
103.40681 	5960981.2
106.61323 	5879986.2
116.23246 	5683715.2
123.44689 	5554588.6
125.05 	5548285.1
125.8517 	5544514.5
128.25651 	5506528.8
131.46293 	5434877.2
151.50301 	4980334.3
153.90782 	4921391.1
156.31263 	4857572.7
159.51904 	4763746.7
166.73347 	4588601.8
169.13828 	4583788.4
175.5511 	4581906.6
176.35271 	4581662.4
187.57515 	4578242.4
190.78156 	4576989.4
200.4008 	4578767.4
201.2024 	4578684.4
202.00401 	4578635.4
202.80561 	4578597.5
203.60721 	4578684.8
204.40882 	4578965.1
205.21042 	4579221.5
206.01202 	4579304.8
206.81363 	4579451.2
207.61523 	4579746.4
208.41683 	4579988.2
209.21844 	4580178.4
210.02004 	4580295.1
210.82164 	4580389.2
211.62325 	4580471.7
212.42485 	4580536.8
213.22645 	4580614.5
214.02806 	4580684.3
214.82966 	4580774
215.63126 	4580899.3
216.43287 	4581032.6
217.23447 	4581189.4
218.03607 	4581309.4
219.63928 	4581393.1
220.44088 	4581441
221.24248 	4581417.3
222.04409 	4581395.7
222.84569 	4581410.7
223.64729 	4581291.9
224.4489 	4581113.9
225.2505 	4581024.9
226.0521 	4580845.3
227.65531 	4580280.9
228.45691 	4579902.7
229.25852 	4579560.4
230.86172 	4578518.7
231.66333 	4578060.8
232.46493 	4577674
234.06814 	4576957.1
234.86974 	4576508.9
235.67134 	4576042.8
236.47295 	4575614.3
237.27455 	4575186.2
238.07615 	4574833.2
238.87776 	4574563.5
239.67936 	4574310.4
240.48096 	4573992.5
241.28257 	4573629.6
242.08417 	4573231.3
242.88577 	4572813.8
243.68737 	4572491.2
244.48898 	4572265.6
245.29058 	4572108.2
246.09218 	4572018.3
246.89379 	4572038
247.69539 	4572181
248.49699 	4572361.9
249.2986 	4572598
250.1002 	4572738
250.9018 	4572765.8
251.70341 	4572346.6
252.50501 	4570991.6
253.30661 	4567656.4
254.10822 	4560116.8
254.90982 	4545825.7
255.71142 	4524369.7
256.51303 	4499751
257.31463 	4474784.1
258.11623 	4449887.9
258.91784 	4425025.3
259.71944 	4400177.8
260.52104 	4375343.4
261.32265 	4350523.4
262.12425 	4325719.9
262.92585 	4300934.6
263.72745 	4276169.4
264.52906 	4251425.5
265.33066 	4226703.2
266.13226 	4202001.7
266.93387 	4177319.4
267.73547 	4152654.5
268.53707 	4128005.1
269.33868 	4103369.9
270.14028 	4078747.6
270.94188 	4054137.2
271.74349 	4029537.6
272.54509 	4004948.3
273.34669 	3980368.3
274.1483 	3955797.1
274.9499 	3931234
274.95 	3931230.9
275.7515 	3906678.3
276.55311 	3882129.5
277.35471 	3857586.7
278.95792 	3808516.2
279.75952 	3783987.2
280.56112 	3759461.3
281.36273 	3734937.9
282.16433 	3710416.2
282.96593 	3685895.2
283.76754 	3661374.2
284.56914 	3636852.1
285.37074 	3612328.4
286.17234 	3587802.8
286.97395 	3563275.5
288.57715 	3514217.6
289.37876 	3489688.5
290.18036 	3465160.3
290.98196 	3440633.5
291.78357 	3416108.3
292.58517 	3391585
293.38677 	3367063.3
294.18838 	3342543.1
294.98998 	3318024.1
295.79158 	3293505.8
296.59319 	3268987.9
297.39479 	3244470.1
298.19639 	3219952.1
298.998 	3195434.1
299.7996 	3170916.2
300.6012 	3146398.7
301.40281 	3121882.2
302.20441 	3097366.9
303.00601 	3072853.2
303.80762 	3048341.1
304.60922 	3023830.2
306.21242 	2974810.6
307.01403 	2950300.7
307.81563 	2925789.9
308.61723 	2901277.7
309.41884 	2876763.9
310.22044 	2852248.2
311.02204 	2827730.6
311.82365 	2803211.3
312.62525 	2778690.5
313.42685 	2754168.6
314.22846 	2729645.9
315.03006 	2705123
315.83166 	2680600.1
316.63327 	2656077.7
317.43487 	2631556.1
318.23647 	2607035.4
319.03808 	2582515.8
319.83968 	2557997.3
320.64128 	2533480
321.44289 	2508963.8
322.24449 	2484448.9
323.04609 	2459935
323.8477 	2435422.2
324.6493 	2410910.6
325.4509 	2386400.1
326.25251 	2361890.7
327.05411 	2337382.4
327.85571 	2312875.2
328.65731 	2288369.2
329.45892 	2263864.1
330.26052 	2239360
331.06212 	2214856.5
331.86373 	2190353.5
332.66533 	2165850.8
333.46693 	2141347.8
334.26854 	2116844.4
335.07014 	2092340.1
335.87174 	2067834.5
336.67335 	2043327.2
337.47495 	2018818
338.27655 	1994306.3
339.07816 	1969792.1
339.87976 	1945275.1
340.68136 	1920755.2
341.48297 	1896232.4
342.28457 	1871706.6
343.08617 	1847177.9
343.88778 	1822646.4
344.68938 	1798112.1
345.49098 	1773575.1
346.29259 	1749035.4
347.09419 	1724493
347.89579 	1699947.9
348.69739 	1675400
349.499 	1650849.5
350.3006 	1626296.1
351.1022 	1601739.9
351.90381 	1577181
352.70541 	1552619.3
353.50701 	1528055
354.30862 	1503488.1
355.11022 	1478918.8
355.91182 	1454347.1
356.71343 	1429773.2
357.51503 	1405197
358.31663 	1380618.8
359.11824 	1356038.3
359.91984 	1331455.6
360.72144 	1306870.7
361.52305 	1282283.4
362.32465 	1257693.7
363.12625 	1233101.6
363.92786 	1208506.9
364.72946 	1183909.8
365.53106 	1159310.3
366.33267 	1134708.4
367.13427 	1110104.2
367.93587 	1085497.9
368.73747 	1060889.6
369.53908 	1036279.3
370.34068 	1011667.3
371.14228 	987053.51
371.94389 	962438.15
372.74549 	937821.26
373.54709 	913202.89
374.3487 	888583.09
375.1503 	863961.88
375.9519 	839339.32
376.75351 	814715.41
377.55511 	790090.2
379.15832 	740835.94
379.95992 	716206.92
381.56313 	666945.17
382.36473 	642312.42
383.16633 	617678.37
383.96794 	593042.99
384.76954 	568406.21
385.57114 	543767.95
386.37275 	519128.14
387.17435 	494486.67
387.97595 	469843.47
388.77756 	445198.46
389.57916 	420551.59
390.38076 	395902.81
391.18236 	371252.14
391.98397 	346599.61
392.78557 	321945.28
393.58717 	297289.25
394.38878 	272631.66
395.19038 	247972.66
395.99198 	223312.43
396.79359 	198651.17
397.59519 	173989.09
399.1984 	124663.29
400 	100600.71
