0 	8278701.2
6.4128257 	8146203.9
34.468938 	7723887.4
37.675351 	7642927
40.881764 	7561942.3
50.501002 	7319126.4
53.707415 	7238245.2
62.52505 	7098750.4
65.731463 	7024227.1
68.937876 	6962807.1
69.739479 	6948580.4
96.993988 	6552525
103.40681 	6398211.1
106.61323 	6313588.7
116.23246 	6066046.7
123.44689 	5899809.5
125.05 	5864385.1
125.8517 	5846083.6
128.25651 	5790662.5
131.46293 	5717638.5
151.50301 	5514814.3
153.90782 	5514112.1
156.31263 	5512890.4
159.51904 	5511825.5
166.73347 	5510970.9
169.13828 	5510877.6
175.5511 	5509671.2
176.35271 	5509431.7
187.57515 	5511219.8
190.78156 	5510985.4
200.4008 	5509387.7
201.2024 	5509303.7
202.00401 	5508917.2
202.80561 	5508036.6
203.60721 	5506475.5
204.40882 	5503165.4
205.21042 	5496081.5
206.01202 	5482371.2
206.81363 	5462153.4
207.61523 	5439776.1
208.41683 	5417336.7
209.21844 	5394976
210.02004 	5372637.9
210.82164 	5350303.7
211.62325 	5327970.2
212.42485 	5305637.5
213.22645 	5283306.3
214.02806 	5260977.1
214.82966 	5238649.8
215.63126 	5216324
216.43287 	5193999
217.23447 	5171674.5
218.03607 	5149349.4
219.63928 	5104691.7
220.44088 	5082356.9
221.24248 	5060018
222.04409 	5037676.3
222.84569 	5015332.6
223.64729 	4992988
224.4489 	4970643.1
225.2505 	4948298.7
226.0521 	4925955.4
227.65531 	4881274.4
228.45691 	4858937.7
229.25852 	4836603.7
230.86172 	4791944.6
231.66333 	4769619.9
232.46493 	4747299.1
234.06814 	4702671.8
234.86974 	4680366.9
235.67134 	4658068.6
236.47295 	4635777.4
237.27455 	4613493.2
238.07615 	4591215.8
238.87776 	4568944.5
239.67936 	4546678.7
240.48096 	4524417.2
241.28257 	4502158.8
242.08417 	4479902.1
242.88577 	4457646
243.68737 	4435389.3
244.48898 	4413131.1
245.29058 	4390870.7
246.09218 	4368607.7
246.89379 	4346342
247.69539 	4324073.6
248.49699 	4301802.5
249.2986 	4279528.9
250.1002 	4257253.1
250.9018 	4234975.3
251.70341 	4212695.6
252.50501 	4190414.5
253.30661 	4168132.3
254.10822 	4145849.5
254.90982 	4123566.5
255.71142 	4101284.2
256.51303 	4079003.1
257.31463 	4056724.2
258.11623 	4034448.2
258.91784 	4012175.9
259.71944 	3989907.6
260.52104 	3967644
261.32265 	3945385.1
262.12425 	3923131.1
262.92585 	3900881.8
263.72745 	3878637
264.52906 	3856396.3
265.33066 	3834159.1
266.13226 	3811924.8
266.93387 	3789692.6
267.73547 	3767461.9
268.53707 	3745231.6
269.33868 	3723001
270.14028 	3700769.4
270.94188 	3678536.1
271.74349 	3656300.8
272.54509 	3634063.3
273.34669 	3611823.6
274.1483 	3589581.8
274.9499 	3567338.5
274.95 	3567335.7
275.7515 	3545094
276.55311 	3522848.7
277.35471 	3500603
278.95792 	3456111.8
279.75952 	3433866.8
280.56112 	3411622.2
281.36273 	3389378.1
282.16433 	3367134.6
282.96593 	3344891.6
283.76754 	3322649.2
284.56914 	3300407.4
285.37074 	3278166.1
286.17234 	3255925.3
286.97395 	3233685
288.57715 	3189205.3
289.37876 	3166965.9
290.18036 	3144726.7
290.98196 	3122487.7
291.78357 	3100249
292.58517 	3078010.7
293.38677 	3055772.9
294.18838 	3033535.9
294.98998 	3011299.8
295.79158 	2989065
296.59319 	2966831.7
297.39479 	2944600.2
298.19639 	2922370.6
298.998 	2900143.2
299.7996 	2877918.1
300.6012 	2855695.4
301.40281 	2833475
302.20441 	2811257.1
303.00601 	2789041.4
303.80762 	2766827.9
304.60922 	2744616.6
306.21242 	2700199.5
307.01403 	2677993.5
307.81563 	2655789.1
308.61723 	2633586.2
309.41884 	2611384.5
310.22044 	2589184.1
311.02204 	2566984.7
311.82365 	2544786.1
312.62525 	2522588.1
313.42685 	2500390.5
314.22846 	2478193.1
315.03006 	2455995.6
315.83166 	2433797.6
316.63327 	2411598.9
317.43487 	2389399.2
318.23647 	2367198.3
319.03808 	2344995.9
319.83968 	2322791.8
320.64128 	2300585.9
321.44289 	2278378
322.24449 	2256168
323.04609 	2233955.9
323.8477 	2211741.3
324.6493 	2189524.4
325.4509 	2167305
326.25251 	2145083
327.05411 	2122858.2
327.85571 	2100630.5
328.65731 	2078399.9
329.45892 	2056166.2
330.26052 	2033929.3
331.06212 	2011689.2
331.86373 	1989445.8
332.66533 	1967199.2
333.46693 	1944949.4
334.26854 	1922696.6
335.07014 	1900441
335.87174 	1878182.8
336.67335 	1855922.4
337.47495 	1833660
338.27655 	1811396.1
339.07816 	1789131.2
339.87976 	1766865.6
340.68136 	1744599.9
341.48297 	1722334.5
342.28457 	1700069.9
343.08617 	1677806.6
343.88778 	1655545.1
344.68938 	1633285.9
345.49098 	1611029.5
346.29259 	1588776.4
347.09419 	1566526.9
347.89579 	1544281.7
348.69739 	1522041.1
349.499 	1499805.6
350.3006 	1477575.5
351.1022 	1455351.2
351.90381 	1433132.9
352.70541 	1410921.1
353.50701 	1388715.7
354.30862 	1366517
355.11022 	1344324.9
355.91182 	1322139.5
356.71343 	1299960.5
357.51503 	1277787.9
358.31663 	1255621.2
359.11824 	1233460.1
359.91984 	1211304.2
360.72144 	1189152.9
361.52305 	1167005.7
362.32465 	1144861.7
363.12625 	1122720.4
363.92786 	1100581
364.72946 	1078442.6
365.53106 	1056304.4
366.33267 	1034165.6
367.13427 	1012025.2
367.93587 	989882.36
368.73747 	967736.15
369.53908 	945585.67
370.34068 	923430.06
371.14228 	901268.48
371.94389 	879100.12
372.74549 	856924.28
373.54709 	834740.31
374.3487 	812547.68
375.1503 	790345.96
375.9519 	768134.89
376.75351 	745914.31
377.55511 	723684.24
379.15832 	679196.48
379.95992 	656939.6
381.56313 	612402.9
382.36473 	590124.68
383.16633 	567841.11
383.96794 	545553.18
384.76954 	523261.93
385.57114 	500968.38
386.37275 	478673.56
387.17435 	456378.44
387.97595 	434083.91
388.77756 	411790.78
389.57916 	389499.76
390.38076 	367211.42
391.18236 	344926.22
391.98397 	322644.47
392.78557 	300366.35
393.58717 	278091.93
394.38878 	255821.12
395.19038 	233553.75
395.99198 	211289.52
396.79359 	189028.06
397.59519 	166768.92
399.1984 	122255.47
400 	100542.06
