0 	3836484.8
0.35183948 	3829088.6
0.70367896 	3821309.4
1.0555184 	3813530.4
1.4073579 	3805751.5
1.7591974 	3797975.5
2.1110369 	3790211.6
2.4628764 	3782459.7
2.8147158 	3774775.9
3.1665553 	3767056.4
3.5183948 	3759297.9
3.8702343 	3751591
4.2220737 	3743969.5
4.9257527 	3728422.9
5.6294317 	3713004.6
5.9812711 	3705389.9
6.3331106 	3697801.6
8.092308 	3663762.7
8.795987 	3648242.6
9.1478265 	3640493.7
10.203345 	3617260.2
10.907024 	3601705.9
11.258863 	3593938.1
11.610703 	3586254.3
11.962542 	3578565.4
12.666221 	3563015
13.018061 	3555237.1
13.3699 	3547459.3
13.72174 	3539681.5
14.777258 	3516348
15.480937 	3500792.3
15.832777 	3493014.2
16.536456 	3477415.6
17.591974 	3466710.1
18.647492 	3466592.1
19.351171 	3466518.9
19.703011 	3466482.5
20.05485 	3466446.2
20.40669 	3466410
20.758529 	3466373.8
21.462208 	3466300.1
22.165887 	3466232.1
22.869566 	3466150.5
23.573245 	3465664.5
23.925085 	3460779.3
24.276924 	3453179.4
24.628764 	3445388.9
25.332442 	3429790.7
25.684282 	3421991.4
26.387961 	3406392.9
26.7398 	3398593.7
27.09164 	3390794.5
27.443479 	3382995.3
27.795319 	3375196
28.147158 	3367396.8
28.850837 	3351798.2
29.202677 	3343998.9
29.554516 	3336199.6
29.906356 	3328400.2
30.258195 	3320600.9
30.610035 	3312801.5
30.961874 	3305002.1
31.665553 	3289403.3
32.017393 	3281603.9
32.369232 	3273804.5
32.721072 	3266005.1
33.072911 	3258205.7
33.424751 	3250406.3
33.77659 	3242606.8
34.128429 	3234807.4
34.480269 	3227008
34.832108 	3219208.5
35.183948 	3211409.1
35.535787 	3203609.7
35.887627 	3195810.2
36.239466 	3188010.8
36.591306 	3180211.4
37.294985 	3164612.5
37.646824 	3156813.1
37.998664 	3149013.6
38.702343 	3133414.8
39.406022 	3117815.9
39.757861 	3110016.5
41.165219 	3078818.8
41.517059 	3071019.4
41.868898 	3063220
42.220737 	3055420.6
42.924416 	3039821.8
43.276256 	3032022.4
43.628095 	3024223
43.979935 	3016423.6
44.683614 	3000824.9
45.035453 	2993025.5
45.387293 	2985226.2
46.090972 	2969627.5
46.442811 	2961828.1
47.14649 	2946229.4
47.49833 	2938430.1
48.202009 	2922831.5
48.553848 	2915032.1
49.257527 	2899433.5
49.609367 	2891634.2
49.961206 	2883834.9
50.313045 	2876035.6
50.664885 	2868236.4
51.016724 	2860437.1
51.720403 	2844838.6
52.072243 	2837039.3
52.424082 	2829240.1
52.775922 	2821440.8
53.127761 	2813641.6
54.18328 	2790243.9
54.535119 	2782444.7
54.886959 	2774645.5
55.238798 	2766846.3
55.590638 	2759047.1
55.942477 	2751248
56.997996 	2727850.5
57.349835 	2720051.4
57.701675 	2712252.2
58.053514 	2704453.1
58.405354 	2696654
58.757193 	2688854.9
59.109032 	2681055.8
59.460872 	2673256.7
60.164551 	2657658.6
60.51639 	2649859.6
60.86823 	2642060.5
61.220069 	2634261.5
61.571909 	2626462.5
61.923748 	2618663.4
62.275588 	2610864.4
62.627427 	2603065.4
62.979267 	2595266.5
63.331106 	2587467.5
63.682946 	2579668.5
64.034785 	2571869.6
64.386625 	2564070.6
64.738464 	2556271.7
65.442143 	2540673.8
65.793983 	2532874.9
66.497662 	2517277.2
67.55318 	2493880.6
68.256859 	2478282.9
68.608698 	2470484
69.312377 	2454886.4
70.016056 	2439288.8
70.367896 	2431490
70.719735 	2423691.2
71.071575 	2415892.5
71.423414 	2408093.7
72.830772 	2376898.8
73.182612 	2369100
73.534451 	2361301.3
73.886291 	2353502.6
74.941809 	2330106.5
75.293648 	2322307.9
75.645488 	2314509.2
75.997327 	2306710.5
77.052846 	2283314.6
77.404685 	2275516
77.756525 	2267717.3
78.460204 	2252120.1
78.812043 	2244321.5
79.163883 	2236522.9
80.219401 	2213127.1
81.27492 	2189731.4
81.626759 	2181932.8
81.978599 	2174134.3
82.330438 	2166335.7
82.682278 	2158537.2
83.034117 	2150738.6
83.385957 	2142940.1
83.737796 	2135141.5
84.089635 	2127343
84.441475 	2119544.5
85.496993 	2096148.9
86.552512 	2072753.4
86.904351 	2064954.9
89.015388 	2018163.9
89.367228 	2010365.5
90.070907 	1994768.5
90.422746 	1986970.1
90.774586 	1979171.6
91.126425 	1971373.1
91.478265 	1963574.7
91.830104 	1955776.2
92.533783 	1940179.3
93.237462 	1924582.4
93.589301 	1916784
93.941141 	1908985.6
94.29298 	1901187.1
96.052178 	1862195
96.404017 	1854396.6
96.755857 	1846598.2
97.459536 	1831001.4
97.811375 	1823203.1
98.163215 	1815404.7
98.515054 	1807606.3
99.922412 	1776412.8
100.27425 	1768614.5
100.62609 	1760816.1
101.32977 	1745219.4
102.03345 	1729622.7
102.38529 	1721824.4
103.79265 	1690631.2
104.14449 	1682832.9
104.49633 	1675034.6
105.2 	1659438
105.90368 	1643841.4
106.25552 	1636043.2
106.60736 	1628244.9
108.01472 	1597051.9
108.36656 	1589253.7
108.7184 	1581455.5
109.07024 	1573657.3
109.77392 	1558060.9
110.12576 	1550262.7
110.82944 	1534666.3
111.18128 	1526868.1
111.53311 	1519070
111.88495 	1511271.8
112.58863 	1495675.5
112.94047 	1487877.4
113.29231 	1480079.3
113.64415 	1472281.2
113.99599 	1464483
114.34783 	1456684.9
114.69967 	1448886.8
115.05151 	1441088.8
115.40335 	1433290.7
115.75519 	1425492.6
116.45887 	1409896.5
116.81071 	1402098.4
117.16255 	1394300.4
117.51439 	1386502.4
118.21806 	1370906.3
118.5699 	1363108.3
118.92174 	1355310.3
119.27358 	1347512.4
119.62542 	1339714.4
119.97726 	1331916.4
120.3291 	1324118.5
120.68094 	1316320.5
121.03278 	1308522.6
121.38462 	1300724.6
121.73646 	1292926.7
122.0883 	1285128.8
122.79198 	1269533
123.14382 	1261735.1
123.49566 	1253937.2
123.8475 	1246139.4
124.19934 	1238341.5
124.55118 	1230543.7
124.90302 	1222745.8
125.25485 	1214948
125.60669 	1207150.2
126.66221 	1183756.8
127.01405 	1175959
127.36589 	1168161.2
127.71773 	1160363.4
128.06957 	1152565.7
128.42141 	1144768
128.77325 	1136970.2
129.12509 	1129172.5
129.47693 	1121374.8
130.18061 	1105779.4
130.53245 	1097981.7
130.88429 	1090184
131.23613 	1082386.4
132.29164 	1058993.4
132.64348 	1051195.8
132.99532 	1043398.2
133.699 	1027803
134.05084 	1020005.4
134.40268 	1012207.9
134.75452 	1004410.3
135.4582 	988815.2
135.81004 	981017.66
136.16188 	973220.14
136.51372 	965422.63
136.86556 	957625.13
137.56924 	942030.16
137.92108 	934232.69
138.27292 	926435.23
138.97659 	910840.34
139.68027 	895245.49
140.03211 	887448.08
140.38395 	879650.68
140.73579 	871853.3
141.08763 	864055.92
141.43947 	856258.55
141.79131 	848461.2
142.14315 	840663.85
142.49499 	832866.52
142.84683 	825069.19
144.25419 	793879.99
145.3097 	770488.21
145.66154 	762690.96
146.01338 	754893.73
146.36522 	747096.51
146.71706 	739299.3
147.0689 	731502.1
147.42074 	723704.91
148.12442 	708110.56
148.8281 	692516.25
149.17994 	684719.12
149.88362 	669124.87
150.23546 	661327.76
150.5873 	653530.67
151.29098 	637936.5
151.99465 	622342.38
152.69833 	606748.3
153.05017 	598951.27
153.40201 	591154.25
153.75385 	583357.25
154.45753 	567763.27
154.80937 	559966.29
155.16121 	552169.32
155.51305 	544372.37
155.86489 	536575.42
156.21673 	528778.49
156.56857 	520981.56
157.62409 	497590.84
157.97593 	489793.95
158.32777 	481997.08
158.67961 	474200.21
159.03144 	466403.35
159.38328 	458606.5
159.73512 	450809.66
160.08696 	443012.83
160.4388 	435216.01
160.79064 	427419.2
161.14248 	419622.4
161.49432 	411825.61
161.84616 	404028.83
162.90168 	380638.54
163.25352 	372841.8
163.9572 	357248.34
164.30904 	349451.62
164.66088 	341654.91
165.01272 	333858.21
165.71639 	318264.84
166.06823 	310468.17
167.12375 	287078.21
167.47559 	279281.58
167.82743 	271484.95
168.17927 	263688.33
168.53111 	255891.72
169.23479 	240298.52
169.58663 	232501.94
169.93847 	224705.36
170.64215 	209112.24
170.99399 	201315.69
171.34583 	193519.15
171.69767 	185722.61
172.04951 	177926.09
172.40134 	170129.57
172.75318 	162333.06
173.10502 	154536.56
174.16054 	131147.1
174.51238 	123350.63
174.86422 	115554.13
