0 	4103900.1
0.3317994 	4100487.7
3.6497934 	4091169.1
4.3133922 	4076421.1
4.6451916 	4071660
4.976991 	4067332.1
5.3087904 	4060595.3
5.9723892 	4057566.7
6.3041886 	4057497.5
6.635988 	4057405.8
7.2995868 	4056934.3
7.6313862 	4056430.2
7.9631856 	4056261.9
8.6267844 	4056085.6
8.9585838 	4054766.2
9.953982 	4037351.4
11.944778 	3999785.5
12.276578 	3996373.6
12.608377 	3991746.9
12.940177 	3987010
13.271976 	3984228.9
13.603775 	3983420.5
13.935575 	3979531.5
14.267374 	3971857.8
14.599174 	3963385.5
15.262772 	3946284.3
15.594572 	3937728.4
15.926371 	3929171.6
16.258171 	3920614.2
16.58997 	3912056.5
16.921769 	3903499
17.253569 	3894942.4
17.585368 	3886387.6
18.248967 	3869286.3
18.580766 	3860741
18.912566 	3852199.6
19.244365 	3843662.2
19.576165 	3835128.5
19.907964 	3826598.2
20.571563 	3809546
20.903362 	3801023.1
22.562359 	3758425.1
22.894159 	3749906.8
23.225958 	3741388.7
23.889557 	3724352.2
24.221356 	3715833.8
24.884955 	3698796.4
25.216754 	3690277.4
25.880353 	3673238.8
26.875751 	3647679.9
27.207551 	3639160.3
27.53935 	3630640.7
27.871149 	3622121.3
28.202949 	3613602.2
28.534748 	3605083.6
28.866548 	3596565.5
29.198347 	3588048.1
29.861946 	3571015.5
30.193745 	3562500.6
30.525545 	3553986.6
30.857344 	3545473.7
31.189143 	3536961.9
31.852742 	3519941.4
32.184542 	3511432.7
32.516341 	3502925
32.84814 	3494418.2
33.17994 	3485912.2
33.511739 	3477406.9
33.843539 	3468902.2
34.175338 	3460398
34.507137 	3451894.1
35.834335 	3417878.9
36.166134 	3409374.5
36.497934 	3400869.7
36.829733 	3392364.3
37.161533 	3383858.3
37.825131 	3366843.8
38.156931 	3358335.3
38.48873 	3349825.9
39.152329 	3332804.2
39.484128 	3324292
39.815928 	3315778.7
40.147727 	3307264.5
40.479527 	3298749.4
41.806724 	3264680.3
42.138524 	3256161.1
42.802122 	3239120.5
43.133922 	3230599.3
43.465721 	3222077.5
43.797521 	3213555.2
44.461119 	3196509.2
44.792919 	3187985.7
45.124718 	3179461.8
45.456518 	3170937.7
46.120116 	3153888.8
46.783715 	3136839.5
47.115515 	3128314.8
47.779113 	3111265.8
48.110913 	3102741.5
48.442712 	3094217.4
49.106311 	3077170.2
49.43811 	3068647.1
49.76991 	3060124.5
50.101709 	3051602.4
50.433509 	3043080.9
50.765308 	3034559.9
51.097107 	3026039.5
51.428907 	3017519.8
51.760706 	3009000.7
52.092506 	3000482.4
52.756104 	2983448
53.087904 	2974931.9
53.419703 	2966416.6
53.751503 	2957902.2
54.083302 	2949388.5
54.415101 	2940875.7
54.746901 	2932363.7
55.0787 	2923852.5
55.4105 	2915342.1
55.742299 	2906832.6
56.074098 	2898323.9
57.069497 	2872802.7
57.401296 	2864297.2
57.733095 	2855792.6
58.396694 	2838785.6
58.728494 	2830283.2
59.060293 	2821781.6
59.392092 	2813280.7
59.723892 	2804780.5
60.055691 	2796281.1
60.71929 	2779284.1
61.051089 	2770786.7
62.046488 	2745297.8
62.710086 	2728307.9
63.041886 	2719813.7
63.373685 	2711319.9
63.705485 	2702826.5
64.369083 	2685840.8
65.032682 	2668856.2
65.364482 	2660364.2
65.696281 	2651872.3
66.02808 	2643380.5
66.35988 	2634888.8
66.691679 	2626397.1
67.023479 	2617905.4
67.355278 	2609413.6
67.687077 	2600921.7
68.350676 	2583937.3
68.682476 	2575444.8
69.014275 	2566952
69.346074 	2558458.9
69.677874 	2549965.4
70.009673 	2541471.6
71.005071 	2515987.8
71.336871 	2507492.4
71.66867 	2498996.5
72.664068 	2473506
72.995868 	2465008.3
73.659467 	2448011.5
73.991266 	2439512.5
74.323065 	2431013.1
75.650263 	2397012.2
76.313862 	2380010
76.645661 	2371508.7
76.977461 	2363007.2
77.30926 	2354505.5
77.641059 	2346003.9
77.972859 	2337502.2
78.304658 	2329000.5
78.636458 	2320498.8
78.968257 	2311997.2
79.300056 	2303495.8
79.963655 	2286493.5
80.959053 	2260992
81.290853 	2252492.1
81.622652 	2243992.7
81.954452 	2235493.6
82.286251 	2226995
82.61805 	2218496.8
83.613448 	2193005.4
83.945248 	2184509.4
84.277047 	2176013.9
84.608847 	2167519
84.940646 	2159024.7
88.922239 	2057143.1
89.254038 	2048657.1
89.585838 	2040171.8
89.917637 	2031687.1
90.249436 	2023203
90.913035 	2006236.6
91.244835 	1997754.2
92.240233 	1972310.3
92.572032 	1963830
93.235631 	1946870.9
93.56743 	1938392
93.89923 	1929913.5
94.231029 	1921435.4
94.562829 	1912957.6
94.894628 	1904480.2
95.226427 	1896003.1
95.558227 	1887526.4
95.890026 	1879049.8
96.221826 	1870573.6
96.553625 	1862097.5
96.885424 	1853621.7
98.544421 	1811244.5
98.876221 	1802769.3
99.53982 	1785818.9
99.871619 	1777343.7
100.86702 	1751917.9
101.19882 	1743442.4
101.86242 	1726491.2
102.19421 	1718015.4
102.52601 	1709539.4
102.85781 	1701063.3
103.18961 	1692587
103.52141 	1684110.5
103.85321 	1675633.8
104.51681 	1658679.9
104.84861 	1650202.7
105.51221 	1633247.6
105.84401 	1624769.7
107.17121 	1590856.5
107.50301 	1582377.7
108.1666 	1565419.7
108.4984 	1556940.4
108.8302 	1548461.1
109.8256 	1523022.3
110.1574 	1514542.6
110.4892 	1506062.8
110.821 	1497582.9
111.1528 	1489103
111.4846 	1480623.1
112.48 	1455183.4
113.14359 	1438223.8
113.47539 	1429744.1
114.13899 	1412785
114.80259 	1395826.5
115.13439 	1387347.4
116.12979 	1361911.3
116.46159 	1353432.9
117.78879 	1319522
118.12059 	1311044.9
119.11598 	1285615.2
119.77958 	1268663.5
121.10678 	1234763.8
121.77038 	1217815.8
122.10218 	1209342.3
122.43398 	1200869.1
122.76578 	1192396.2
123.09758 	1183923.7
123.76118 	1166979.5
124.09298 	1158507.9
124.75657 	1141565.5
125.08837 	1133094.8
125.42017 	1124624.3
125.75197 	1116154.1
126.08377 	1107684.2
126.41557 	1099214.5
127.07917 	1082275.9
127.41097 	1073807
128.07457 	1056869.7
128.40637 	1048401.3
130.39716 	997594.49
131.72436 	963725.36
132.05616 	955258.21
132.38796 	946791.08
132.71976 	938323.97
133.05156 	929856.86
133.38336 	921389.73
133.71516 	912922.58
134.04696 	904455.39
134.71056 	887520.85
135.04236 	879053.48
135.37415 	870586.03
135.70595 	862118.5
136.36955 	845183.12
136.70135 	836715.27
137.03315 	828247.31
137.36495 	819779.22
137.69675 	811311
138.02855 	802842.65
138.36035 	794374.17
139.02395 	777436.8
140.01935 	752029.7
140.68295 	735090.96
141.01474 	726621.39
141.67834 	709681.87
142.01014 	701211.94
143.00554 	675801.49
143.33734 	667331.15
144.00094 	650390.22
144.33274 	641919.65
144.66454 	633449.02
144.99634 	624978.35
145.32814 	616507.63
145.65994 	608036.89
145.99174 	599566.12
146.32353 	591095.34
146.65533 	582624.57
146.98713 	574153.8
147.31893 	565683.06
147.65073 	557212.34
147.98253 	548741.66
148.31433 	540271.04
148.64613 	531800.47
148.97793 	523329.98
149.30973 	514859.57
149.64153 	506389.24
150.30513 	489448.9
150.63693 	480978.9
150.96873 	472509.03
151.30053 	464039.28
151.63233 	455569.68
151.96412 	447100.23
153.29132 	413224.01
153.62312 	404755.39
154.28672 	387818.69
154.61852 	379350.62
154.95032 	370882.74
155.61392 	353947.57
155.94572 	345480.28
156.60932 	328546.29
156.94112 	320079.59
157.27292 	311613.08
157.93651 	294680.65
158.26831 	286214.72
158.60011 	277748.97
158.93191 	269283.41
159.26371 	260818.02
160.59091 	226958.12
160.92271 	218493.53
162.24991 	184636.49
162.58171 	176172.52
162.9135 	167708.65
163.2453 	159244.86
163.9089 	142317.52
164.2407 	133853.94
164.5725 	125390.41
164.9043 	116926.91
165.2361 	108463.45
165.5679 	100420.34
