0 	9607643.1
6.4128257 	9502605.3
34.468938 	9174276.4
37.675351 	9115348.7
40.881764 	9035676.7
50.501002 	8796832.3
53.707415 	8717133
62.52505 	8497702.1
65.731463 	8417847.4
68.937876 	8337975.3
69.739479 	8318005.3
96.993988 	7639276.8
103.40681 	7479760.5
106.61323 	7399990.1
116.23246 	7160550.4
123.44689 	6980843.4
125.05 	6940900.9
125.8517 	6920925.1
128.25651 	6861002.2
131.46293 	6781101
151.50301 	6281901
153.90782 	6222062.6
156.31263 	6162245.5
159.51904 	6082521.1
166.73347 	5903239.3
169.13828 	5843492.4
175.5511 	5684146.6
176.35271 	5664223.4
187.57515 	5385128.8
190.78156 	5305327
200.4008 	5065770.5
201.2024 	5045798.2
202.00401 	5025824.7
202.80561 	5005850.1
203.60721 	4985874.5
204.40882 	4965898
205.21042 	4945920.7
206.01202 	4925942.7
206.81363 	4905964.1
207.61523 	4885985.2
208.41683 	4866005.9
209.21844 	4846026.5
210.02004 	4826047
210.82164 	4806067.7
211.62325 	4786088.5
212.42485 	4766109.8
213.22645 	4746131.4
214.02806 	4726153.6
214.82966 	4706176.5
215.63126 	4686200.2
216.43287 	4666224.6
217.23447 	4646249.9
218.03607 	4626276.2
219.63928 	4586331.7
220.44088 	4566360.9
221.24248 	4546391.1
222.04409 	4526422.3
222.84569 	4506454.4
223.64729 	4486487.5
224.4489 	4466521.4
225.2505 	4446556
226.0521 	4426591.4
227.65531 	4386663.9
228.45691 	4366700.8
229.25852 	4346738.1
230.86172 	4306813.4
231.66333 	4286851.1
232.46493 	4266888.8
234.06814 	4226963.6
234.86974 	4207000.6
235.67134 	4187037.1
236.47295 	4167073.3
237.27455 	4147108.9
238.07615 	4127143.9
238.87776 	4107178.4
239.67936 	4087212.2
240.48096 	4067245.5
241.28257 	4047278.1
242.08417 	4027310.1
242.88577 	4007341.5
243.68737 	3987372.3
244.48898 	3967402.7
245.29058 	3947432.6
246.09218 	3927462.1
246.89379 	3907491.3
247.69539 	3887520.3
248.49699 	3867549.1
249.2986 	3847577.9
250.1002 	3827606.7
250.9018 	3807635.5
251.70341 	3787664.6
252.50501 	3767694
253.30661 	3747723.8
254.10822 	3727754.1
254.90982 	3707785
255.71142 	3687816.5
256.51303 	3667848.7
257.31463 	3647881.7
258.11623 	3627915.6
258.91784 	3607950.5
259.71944 	3587986.3
260.52104 	3568023.1
261.32265 	3548061.1
262.12425 	3528100.1
262.92585 	3508140.3
263.72745 	3488181.7
264.52906 	3468224.3
265.33066 	3448268
266.13226 	3428313
266.93387 	3408359.2
267.73547 	3388406.6
268.53707 	3368455.2
269.33868 	3348505
270.14028 	3328556
270.94188 	3308608.1
271.74349 	3288661.4
272.54509 	3268715.7
273.34669 	3248771.2
274.1483 	3228827.7
274.9499 	3208885.3
274.95 	3208882.8
275.7515 	3188943.8
276.55311 	3169003.4
277.35471 	3149063.8
278.95792 	3109187.4
279.75952 	3089250.5
280.56112 	3069314.4
281.36273 	3049379.1
282.16433 	3029444.5
282.96593 	3009510.7
283.76754 	2989577.5
284.56914 	2969645.1
285.37074 	2949713.2
286.17234 	2929782
286.97395 	2909851.3
288.57715 	2869991.7
289.37876 	2850062.7
290.18036 	2830134.2
290.98196 	2810206.1
291.78357 	2790278.5
292.58517 	2770351.4
293.38677 	2750424.6
294.18838 	2730498.2
294.98998 	2710572.3
295.79158 	2690646.6
296.59319 	2670721.4
297.39479 	2650796.4
298.19639 	2630871.8
298.998 	2610947.4
299.7996 	2591023.4
300.6012 	2571099.6
301.40281 	2551176
302.20441 	2531252.7
303.00601 	2511329.6
303.80762 	2491406.7
304.60922 	2471484
306.21242 	2431639.1
307.01403 	2411716.9
307.81563 	2391794.9
308.61723 	2371872.9
309.41884 	2351951.1
310.22044 	2332029.3
311.02204 	2312107.7
311.82365 	2292186.1
312.62525 	2272264.5
313.42685 	2252343
314.22846 	2232421.6
315.03006 	2212500.1
315.83166 	2192578.7
316.63327 	2172657.2
317.43487 	2152735.7
318.23647 	2132814.1
319.03808 	2112892.5
319.83968 	2092970.8
320.64128 	2073049
321.44289 	2053127.2
322.24449 	2033205.2
323.04609 	2013283
323.8477 	1993360.8
324.6493 	1973438.4
325.4509 	1953515.8
326.25251 	1933593.1
327.05411 	1913670.2
327.85571 	1893747.1
328.65731 	1873823.8
329.45892 	1853900.3
330.26052 	1833976.6
331.06212 	1814052.7
331.86373 	1794128.6
332.66533 	1774204.3
333.46693 	1754279.7
334.26854 	1734354.9
335.07014 	1714429.9
335.87174 	1694504.6
336.67335 	1674579.2
337.47495 	1654653.5
338.27655 	1634727.6
339.07816 	1614801.4
339.87976 	1594875
340.68136 	1574948.4
341.48297 	1555021.6
342.28457 	1535094.6
343.08617 	1515167.4
343.88778 	1495239.9
344.68938 	1475312.2
345.49098 	1455384.3
346.29259 	1435456.3
347.09419 	1415528
347.89579 	1395599.5
348.69739 	1375670.8
349.499 	1355741.8
350.3006 	1335812.7
351.1022 	1315883.4
351.90381 	1295953.9
352.70541 	1276024.2
353.50701 	1256094.3
354.30862 	1236164.3
355.11022 	1216234
355.91182 	1196303.5
356.71343 	1176372.9
357.51503 	1156442.1
358.31663 	1136511.1
359.11824 	1116579.9
359.91984 	1096648.6
360.72144 	1076717.1
361.52305 	1056785.4
362.32465 	1036853.6
363.12625 	1016921.7
363.92786 	996989.59
364.72946 	977057.37
365.53106 	957125.04
366.33267 	937192.59
367.13427 	917260.04
367.93587 	897327.38
368.73747 	877394.64
369.53908 	857461.82
370.34068 	837528.92
371.14228 	817595.96
371.94389 	797662.94
372.74549 	777729.87
373.54709 	757796.75
374.3487 	737863.6
375.1503 	717930.41
375.9519 	697997.2
376.75351 	678063.97
377.55511 	658130.72
379.15832 	618264.19
379.95992 	598330.91
381.56313 	558464.34
382.36473 	538531.06
383.16633 	518597.77
383.96794 	498664.48
384.76954 	478731.2
385.57114 	458797.91
386.37275 	438864.63
387.17435 	418931.35
387.97595 	398998.07
388.77756 	379064.79
389.57916 	359131.52
390.38076 	339198.25
391.18236 	319264.98
391.98397 	299331.72
392.78557 	279398.47
393.58717 	259465.23
394.38878 	239532
395.19038 	219598.79
395.99198 	199665.59
396.79359 	179732.42
397.59519 	159799.27
399.1984 	119933.06
400 	100485.49
