0 	8845837
6.4128257 	8780039
34.468938 	8224466.3
37.675351 	8146849.4
40.881764 	8106158.9
50.501002 	7911604
53.707415 	7842855.4
62.52505 	7652800.9
65.731463 	7579527.4
68.937876 	7506577.2
69.739479 	7487243.5
96.993988 	6909721.1
103.40681 	6775141.2
106.61323 	6750840.5
116.23246 	6746964.7
123.44689 	6743051.3
125.05 	6742451.9
125.8517 	6742082.1
128.25651 	6740951.3
131.46293 	6740048.8
151.50301 	6569622.4
153.90782 	6507170.9
156.31263 	6444720.1
159.51904 	6361457.3
166.73347 	6174078.2
169.13828 	6111593.4
175.5511 	5944971
176.35271 	5924147.4
187.57515 	5632699.5
190.78156 	5549452.1
200.4008 	5299740.8
201.2024 	5278935.4
202.00401 	5258130.7
202.80561 	5237326.5
203.60721 	5216523
204.40882 	5195720
205.21042 	5174917.7
206.01202 	5154116.2
206.81363 	5133315.3
207.61523 	5112515.4
208.41683 	5091716.3
209.21844 	5070918.1
210.02004 	5050120.9
210.82164 	5029324.6
211.62325 	5008529.1
212.42485 	4987734.5
213.22645 	4966940.6
214.02806 	4946147.3
214.82966 	4925354.4
215.63126 	4904561.8
216.43287 	4883769.4
217.23447 	4862976.8
218.03607 	4842184.1
219.63928 	4800597.4
220.44088 	4779803.1
221.24248 	4759008
222.04409 	4738211.8
222.84569 	4717414.4
223.64729 	4696615.6
224.4489 	4675815.1
225.2505 	4655012.7
226.0521 	4634208.2
227.65531 	4592591.8
228.45691 	4571779.5
229.25852 	4550964.3
230.86172 	4509324.4
231.66333 	4488499.6
232.46493 	4467671.5
234.06814 	4426005.4
234.86974 	4405167.5
235.67134 	4384326.5
236.47295 	4363482.4
237.27455 	4342635.3
238.07615 	4321785.4
238.87776 	4300932.7
239.67936 	4280077.4
240.48096 	4259219.5
241.28257 	4238359.2
242.08417 	4217496.4
242.88577 	4196631.3
243.68737 	4175763.9
244.48898 	4154894.3
245.29058 	4134022.3
246.09218 	4113148.1
246.89379 	4092271.7
247.69539 	4071392.9
248.49699 	4050511.7
249.2986 	4029628.2
250.1002 	4008742.2
250.9018 	3987853.7
251.70341 	3966962.8
252.50501 	3946069.2
253.30661 	3925173
254.10822 	3904274.1
254.90982 	3883372.5
255.71142 	3862468.1
256.51303 	3841560.9
257.31463 	3820650.9
258.11623 	3799738.1
258.91784 	3778822.5
259.71944 	3757904.2
260.52104 	3736983.2
261.32265 	3716059.6
262.12425 	3695133.5
262.92585 	3674204.9
263.72745 	3653274.1
264.52906 	3632341.2
265.33066 	3611406.3
266.13226 	3590469.6
266.93387 	3569531.1
267.73547 	3548591.2
268.53707 	3527649.9
269.33868 	3506707.4
270.14028 	3485763.8
270.94188 	3464819.4
271.74349 	3443874.2
272.54509 	3422928.4
273.34669 	3401982.2
274.1483 	3381035.6
274.9499 	3360088.9
274.95 	3360086.3
275.7515 	3339142.2
276.55311 	3318195.6
277.35471 	3297249.3
278.95792 	3255357.8
279.75952 	3234412.9
280.56112 	3213468.7
281.36273 	3192525.3
282.16433 	3171582.8
282.96593 	3150641.3
283.76754 	3129700.8
284.56914 	3108761.4
285.37074 	3087823.2
286.17234 	3066886.2
286.97395 	3045950.4
288.57715 	3004082.5
289.37876 	2983150.3
290.18036 	2962219.4
290.98196 	2941289.6
291.78357 	2920360.9
292.58517 	2899433.3
293.38677 	2878506.8
294.18838 	2857581.2
294.98998 	2836656.7
295.79158 	2815733.1
296.59319 	2794810.4
297.39479 	2773888.6
298.19639 	2752967.7
298.998 	2732047.7
299.7996 	2711128.7
300.6012 	2690210.5
301.40281 	2669293.2
302.20441 	2648376.9
303.00601 	2627461.5
303.80762 	2606547.1
304.60922 	2585633.6
306.21242 	2543809.3
307.01403 	2522898.6
307.81563 	2501988.8
308.61723 	2481079.8
309.41884 	2460171.6
310.22044 	2439264.2
311.02204 	2418357.6
311.82365 	2397451.7
312.62525 	2376546.4
313.42685 	2355641.7
314.22846 	2334737.5
315.03006 	2313833.8
315.83166 	2292930.6
316.63327 	2272027.7
317.43487 	2251125.3
318.23647 	2230223.2
319.03808 	2209321.4
319.83968 	2188419.9
320.64128 	2167518.7
321.44289 	2146617.9
322.24449 	2125717.3
323.04609 	2104817.2
323.8477 	2083917.4
324.6493 	2063018
325.4509 	2042119
326.25251 	2021220.6
327.05411 	2000322.6
327.85571 	1979425.2
328.65731 	1958528.3
329.45892 	1937632
330.26052 	1916736.4
331.06212 	1895841.4
331.86373 	1874946.9
332.66533 	1854053.1
333.46693 	1833159.9
334.26854 	1812267.3
335.07014 	1791375.3
335.87174 	1770483.7
336.67335 	1749592.7
337.47495 	1728702
338.27655 	1707811.7
339.07816 	1686921.7
339.87976 	1666032
340.68136 	1645142.4
341.48297 	1624253
342.28457 	1603363.6
343.08617 	1582474.3
343.88778 	1561585
344.68938 	1540695.6
345.49098 	1519806.2
346.29259 	1498916.7
347.09419 	1478027.1
347.89579 	1457137.5
348.69739 	1436248
349.499 	1415358.5
350.3006 	1394469.3
351.1022 	1373580.3
351.90381 	1352691.7
352.70541 	1331803.6
353.50701 	1310916.2
354.30862 	1290029.6
355.11022 	1269143.9
355.91182 	1248259.5
356.71343 	1227376.3
357.51503 	1206494.5
358.31663 	1185614.4
359.11824 	1164736.1
359.91984 	1143859.5
360.72144 	1122985
361.52305 	1102112.5
362.32465 	1081242.2
363.12625 	1060373.9
363.92786 	1039507.9
364.72946 	1018643.9
365.53106 	997782.05
366.33267 	976922.17
367.13427 	956064.18
367.93587 	935207.92
368.73747 	914353.23
369.53908 	893499.92
370.34068 	872647.78
371.14228 	851796.56
371.94389 	830946.01
372.74549 	810095.85
373.54709 	789245.8
374.3487 	768395.57
375.1503 	747544.86
375.9519 	726693.36
376.75351 	705840.77
377.55511 	684986.8
379.15832 	643273.58
379.95992 	622413.81
381.56313 	580686.73
382.36473 	559819.03
383.16633 	538948.32
383.96794 	518074.47
384.76954 	497197.39
385.57114 	476317
386.37275 	455433.27
387.17435 	434546.19
387.97595 	413655.79
388.77756 	392762.14
389.57916 	371865.3
390.38076 	350965.42
391.18236 	330062.62
391.98397 	309157.07
392.78557 	288248.97
393.58717 	267338.52
394.38878 	246425.95
395.19038 	225511.49
395.99198 	204595.41
396.79359 	183677.96
397.59519 	162759.41
399.1984 	120920.15
400 	100509.54
