0 	3836478
0.35183948 	3828965.6
0.70367896 	3821068.9
1.0555184 	3813209.3
1.4073579 	3805308.3
1.7591974 	3797410.9
2.1110369 	3789526
2.4628764 	3781623.1
2.8147158 	3773786.7
3.1665553 	3765872.8
3.5183948 	3757976.2
3.8702343 	3750067.6
4.2220737 	3742289.1
4.9257527 	3726572.6
5.6294317 	3710763.3
5.9812711 	3702866.7
6.3331106 	3694962.3
8.092308 	3655451.3
8.795987 	3639646.5
9.1478265 	3631724.7
10.203345 	3608218.5
10.907024 	3592434.8
11.258863 	3584562.1
11.610703 	3576649.5
11.962542 	3568757.7
12.666221 	3552960.2
13.018061 	3545063.5
13.3699 	3537163.5
13.72174 	3529262
14.777258 	3505435.3
15.480937 	3492723.2
15.832777 	3484822.2
16.536456 	3469028.3
17.591974 	3447844.1
18.647492 	3424153.4
19.351171 	3408362.2
19.703011 	3400466.6
20.05485 	3392571.1
20.40669 	3384675.5
20.758529 	3376780
21.462208 	3360988.9
22.165887 	3345198
22.869566 	3329407.1
23.573245 	3313616.2
23.925085 	3305720.7
24.276924 	3297825.3
24.628764 	3289929.8
25.332442 	3274139
25.684282 	3266243.5
26.387961 	3250452.7
26.7398 	3242557.3
27.09164 	3234661.9
27.443479 	3226766.5
27.795319 	3218871.1
28.147158 	3210975.7
28.850837 	3195184.9
29.202677 	3187289.5
29.554516 	3179394.1
29.906356 	3171498.7
30.258195 	3163603.4
30.610035 	3155708
30.961874 	3147812.6
31.665553 	3132021.9
32.017393 	3124126.5
32.369232 	3116231.2
32.721072 	3108335.8
33.072911 	3100440.5
33.424751 	3092545.1
33.77659 	3084649.8
34.128429 	3076754.4
34.480269 	3068859.1
34.832108 	3060963.8
35.183948 	3053068.4
35.535787 	3045173.1
35.887627 	3037277.7
36.239466 	3029382.4
36.591306 	3021487.1
37.294985 	3005696.4
37.646824 	2997801.1
37.998664 	2989905.8
38.702343 	2974115.2
39.406022 	2958324.6
39.757861 	2950429.3
41.165219 	2918848.2
41.517059 	2910953
41.868898 	2903057.8
42.220737 	2895162.6
42.924416 	2879372.3
43.276256 	2871477.1
43.628095 	2863582
43.979935 	2855686.9
44.683614 	2839896.8
45.035453 	2832001.8
45.387293 	2824106.9
46.090972 	2808317.1
46.442811 	2800422.3
47.14649 	2784632.7
47.49833 	2776738.1
48.202009 	2760948.8
48.553848 	2753054.3
49.257527 	2737265.4
49.609367 	2729371
49.961206 	2721476.7
50.313045 	2713582.4
50.664885 	2705688.2
51.016724 	2697794.1
51.720403 	2682006
52.072243 	2674112
52.424082 	2666218
52.775922 	2658324.1
53.127761 	2650430.2
54.18328 	2626748.7
54.535119 	2618854.9
54.886959 	2610961.2
55.238798 	2603067.4
55.590638 	2595173.5
55.942477 	2587279.7
56.997996 	2563597.9
57.349835 	2555703.8
57.701675 	2547809.5
58.053514 	2539915.2
58.405354 	2532020.7
58.757193 	2524126
59.109032 	2516231.2
59.460872 	2508336.1
60.164551 	2492545.4
60.51639 	2484649.7
60.86823 	2476753.9
61.220069 	2468858.2
61.571909 	2460963
61.923748 	2453067.7
62.275588 	2445157.9
62.627427 	2437171.2
62.979267 	2430019.2
63.331106 	2427580.6
63.682946 	2427410.4
64.034785 	2427380.4
64.386625 	2427354.4
64.738464 	2427326.7
65.442143 	2427280.4
65.793983 	2427257.3
66.497662 	2427206.5
67.55318 	2427133.6
68.256859 	2427086.2
68.608698 	2427060.7
69.312377 	2427010.1
70.016056 	2426957.8
70.367896 	2426928.3
70.719735 	2426898.8
71.071575 	2426868.5
71.423414 	2426828.9
72.830772 	2418395.1
73.182612 	2410529.1
73.534451 	2402593.5
73.886291 	2394654.4
74.941809 	2370837.4
75.293648 	2362898.8
75.645488 	2354960.3
75.997327 	2347022
77.052846 	2323206.3
77.404685 	2315267.4
77.756525 	2307328.3
78.460204 	2291449.3
78.812043 	2283509.5
79.163883 	2275569.4
80.219401 	2251748.2
81.27492 	2227925.8
81.626759 	2219984.8
81.978599 	2212043.8
82.330438 	2204102.8
82.682278 	2196161.7
83.034117 	2188220.7
83.385957 	2180279.6
83.737796 	2172338.6
84.089635 	2164397.5
84.441475 	2156456.5
85.496993 	2132633.5
86.552512 	2108810.7
86.904351 	2100869.7
89.015388 	2053224.5
89.367228 	2045283.7
90.070907 	2029402
90.422746 	2021461.2
90.774586 	2013520.3
91.126425 	2005579.5
91.478265 	1997638.6
91.830104 	1989697.8
92.533783 	1973816
93.237462 	1957934.2
93.589301 	1949993.3
93.941141 	1942052.4
94.29298 	1934111.5
96.052178 	1894406.9
96.404017 	1886466
96.755857 	1878525
97.459536 	1862643.2
97.811375 	1854702.2
98.163215 	1846761.3
98.515054 	1838820.4
99.922412 	1807056.8
100.27425 	1799115.9
100.62609 	1791175.1
101.32977 	1775293.4
102.03345 	1759411.8
102.38529 	1751471.1
103.79265 	1719708.3
104.14449 	1711767.6
104.49633 	1703827
105.2 	1687945.9
105.90368 	1672064.8
106.25552 	1664124.4
106.60736 	1656184
108.01472 	1624422.5
108.36656 	1616482.3
108.7184 	1608542
109.07024 	1600601.8
109.77392 	1584721.5
110.12576 	1576781.4
110.82944 	1560901.2
111.18128 	1552961.2
111.53311 	1545021.2
111.88495 	1537081.2
112.58863 	1521201.4
112.94047 	1513261.5
113.29231 	1505321.6
113.64415 	1497381.8
113.99599 	1489442
114.34783 	1481502.2
114.69967 	1473562.5
115.05151 	1465622.7
115.40335 	1457683
115.75519 	1449743.4
116.45887 	1433864
116.81071 	1425924.4
117.16255 	1417984.8
117.51439 	1410045.2
118.21806 	1394166.1
118.5699 	1386226.5
118.92174 	1378287
119.27358 	1370347.4
119.62542 	1362407.9
119.97726 	1354468.4
120.3291 	1346528.9
120.68094 	1338589.4
121.03278 	1330649.9
121.38462 	1322710.4
121.73646 	1314770.9
122.0883 	1306831.4
122.79198 	1290952.4
123.14382 	1283012.9
123.49566 	1275073.4
123.8475 	1267133.9
124.19934 	1259194.4
124.55118 	1251254.8
124.90302 	1243315.3
125.25485 	1235375.7
125.60669 	1227436.2
126.66221 	1203617.5
127.01405 	1195677.8
127.36589 	1187738.2
127.71773 	1179798.6
128.06957 	1171858.9
128.42141 	1163919.2
128.77325 	1155979.5
129.12509 	1148039.8
129.47693 	1140100.1
130.18061 	1124220.6
130.53245 	1116280.8
130.88429 	1108341
131.23613 	1100401.1
132.29164 	1076581.5
132.64348 	1068641.6
132.99532 	1060701.6
133.699 	1044821.7
134.05084 	1036881.7
134.40268 	1028941.6
134.75452 	1021001.6
135.4582 	1005121.4
135.81004 	997181.31
136.16188 	989241.18
136.51372 	981301.04
136.86556 	973360.88
137.56924 	957480.51
137.92108 	949540.3
138.27292 	941600.08
138.97659 	925719.6
139.68027 	909839.08
140.03211 	901898.8
140.38395 	893958.52
140.73579 	886018.22
141.08763 	878077.92
141.43947 	870137.62
141.79131 	862197.31
142.14315 	854257
142.49499 	846316.68
142.84683 	838376.37
144.25419 	806615.1
145.3097 	782794.19
145.66154 	774853.9
146.01338 	766913.61
146.36522 	758973.33
146.71706 	751033.06
147.0689 	743092.8
147.42074 	735152.55
148.12442 	719272.09
148.8281 	703391.68
149.17994 	695451.49
149.88362 	679571.17
150.23546 	671631.04
150.5873 	663690.92
151.29098 	647810.73
151.99465 	631930.62
152.69833 	616050.59
153.05017 	608110.61
153.40201 	600170.65
153.75385 	592230.71
154.45753 	576350.9
154.80937 	568411.02
155.16121 	560471.17
155.51305 	552531.35
155.86489 	544591.55
156.21673 	536651.77
156.56857 	528712.02
157.62409 	504892.91
157.97593 	496953.25
158.32777 	489013.63
158.67961 	481074.02
159.03144 	473134.45
159.38328 	465194.9
159.73512 	457255.37
160.08696 	449315.87
160.4388 	441376.39
160.79064 	433436.94
161.14248 	425497.52
161.49432 	417558.12
161.84616 	409618.75
162.90168 	385800.78
163.25352 	377861.51
163.9572 	361983.04
164.30904 	354043.84
164.66088 	346104.66
165.01272 	338165.51
165.71639 	322287.28
166.06823 	314348.19
167.12375 	290531.08
167.47559 	282592.09
167.82743 	274653.11
168.17927 	266714.16
168.53111 	258775.23
169.23479 	242897.42
169.58663 	234958.54
169.93847 	227019.69
170.64215 	211142.02
170.99399 	203203.22
171.34583 	195264.43
171.69767 	187325.65
172.04951 	179386.89
172.40134 	171448.15
172.75318 	163509.41
173.10502 	155570.69
174.16054 	131754.61
174.51238 	123815.93
174.86422 	115877.27
