0 	10051313
6.4128257 	9902077.2
34.468938 	9205012.6
37.675351 	9125324
40.881764 	9045630.1
50.501002 	8806515.9
53.707415 	8726800.3
62.52505 	8507554.7
65.731463 	8427819.2
68.937876 	8348078.7
69.739479 	8328142.8
96.993988 	7650151.9
103.40681 	7490581.1
106.61323 	7410790
116.23246 	7171394.9
123.44689 	6991827.7
125.05 	6951924.1
125.8517 	6931968.2
128.25651 	6872106.7
131.46293 	6792288.5
151.50301 	6293350.8
153.90782 	6233469.9
156.31263 	6173587.3
159.51904 	6093741.1
166.73347 	5914076
169.13828 	5854184.3
175.5511 	5694465
176.35271 	5674499.3
187.57515 	5394960.8
190.78156 	5315086.5
200.4008 	5075447.9
201.2024 	5055477
202.00401 	5035506
202.80561 	5015534.7
203.60721 	4995563.4
204.40882 	4975591.8
205.21042 	4955620.2
206.01202 	4935648.3
206.81363 	4915676.4
207.61523 	4895704.2
208.41683 	4875732
209.21844 	4855759.5
210.02004 	4835787
210.82164 	4815814.3
211.62325 	4795841.4
212.42485 	4775868.4
213.22645 	4755895.3
214.02806 	4735922
214.82966 	4715948.5
215.63126 	4695975
216.43287 	4676001.3
217.23447 	4656027.4
218.03607 	4636053.4
219.63928 	4596105
220.44088 	4576130.6
221.24248 	4556156.1
222.04409 	4536181.5
222.84569 	4516206.7
223.64729 	4496231.7
224.4489 	4476256.7
225.2505 	4456281.5
226.0521 	4436306.2
227.65531 	4396355.1
228.45691 	4376379.4
229.25852 	4356403.6
230.86172 	4316451.6
231.66333 	4296475.4
232.46493 	4276499
234.06814 	4236546
234.86974 	4216569.3
235.67134 	4196592.5
236.47295 	4176615.6
237.27455 	4156638.5
238.07615 	4136661.4
238.87776 	4116684.1
239.67936 	4096706.7
240.48096 	4076729.2
241.28257 	4056751.6
242.08417 	4036773.8
242.88577 	4016796
243.68737 	3996818
244.48898 	3976839.9
245.29058 	3956861.8
246.09218 	3936883.5
246.89379 	3916905.1
247.69539 	3896926.6
248.49699 	3876948
249.2986 	3856969.2
250.1002 	3836990.4
250.9018 	3817011.5
251.70341 	3797032.5
252.50501 	3777053.3
253.30661 	3757074.1
254.10822 	3737094.8
254.90982 	3717115.3
255.71142 	3697135.8
256.51303 	3677156.2
257.31463 	3657176.5
258.11623 	3637196.6
258.91784 	3617216.7
259.71944 	3597236.7
260.52104 	3577256.6
261.32265 	3557276.4
262.12425 	3537296.1
262.92585 	3517315.7
263.72745 	3497335.2
264.52906 	3477354.7
265.33066 	3457374
266.13226 	3437393.3
266.93387 	3417412.4
267.73547 	3397431.5
268.53707 	3377450.5
269.33868 	3357469.4
270.14028 	3337488.2
270.94188 	3317507
271.74349 	3297525.6
272.54509 	3277544.2
273.34669 	3257562.7
274.1483 	3237581.1
274.9499 	3217599.4
274.95 	3217597
275.7515 	3197617.7
276.55311 	3177635.9
277.35471 	3157654
278.95792 	3117690
279.75952 	3097707.8
280.56112 	3077725.6
281.36273 	3057743.4
282.16433 	3037761
282.96593 	3017778.6
283.76754 	2997796.1
284.56914 	2977813.6
285.37074 	2957830.9
286.17234 	2937848.2
286.97395 	2917865.5
288.57715 	2877899.7
289.37876 	2857916.8
290.18036 	2837933.8
290.98196 	2817950.7
291.78357 	2797967.5
292.58517 	2777984.3
293.38677 	2758001
294.18838 	2738017.7
294.98998 	2718034.3
295.79158 	2698050.9
296.59319 	2678067.3
297.39479 	2658083.8
298.19639 	2638100.2
298.998 	2618116.5
299.7996 	2598132.7
300.6012 	2578149
301.40281 	2558165.1
302.20441 	2538181.2
303.00601 	2518197.3
303.80762 	2498213.3
304.60922 	2478229.2
306.21242 	2438261
307.01403 	2418276.8
307.81563 	2398292.6
308.61723 	2378308.3
309.41884 	2358323.9
310.22044 	2338339.6
311.02204 	2318355.2
311.82365 	2298370.7
312.62525 	2278386.2
313.42685 	2258401.7
314.22846 	2238417.1
315.03006 	2218432.5
315.83166 	2198447.8
316.63327 	2178463.1
317.43487 	2158478.4
318.23647 	2138493.6
319.03808 	2118508.8
319.83968 	2098523.9
320.64128 	2078539.1
321.44289 	2058554.2
322.24449 	2038569.2
323.04609 	2018584.3
323.8477 	1998599.3
324.6493 	1978614.2
325.4509 	1958629.2
326.25251 	1938644.1
327.05411 	1918659
327.85571 	1898673.8
328.65731 	1878688.7
329.45892 	1858703.5
330.26052 	1838718.3
331.06212 	1818733
331.86373 	1798747.8
332.66533 	1778762.5
333.46693 	1758777.2
334.26854 	1738791.9
335.07014 	1718806.5
335.87174 	1698821.2
336.67335 	1678835.8
337.47495 	1658850.4
338.27655 	1638865
339.07816 	1618879.6
339.87976 	1598894.1
340.68136 	1578908.7
341.48297 	1558923.2
342.28457 	1538937.7
343.08617 	1518952.2
343.88778 	1498966.7
344.68938 	1478981.2
345.49098 	1458995.7
346.29259 	1439010.2
347.09419 	1419024.6
347.89579 	1399039.1
348.69739 	1379053.6
349.499 	1359068
350.3006 	1339082.4
351.1022 	1319096.9
351.90381 	1299111.3
352.70541 	1279125.8
353.50701 	1259140.2
354.30862 	1239154.6
355.11022 	1219169
355.91182 	1199183.5
356.71343 	1179197.9
357.51503 	1159212.3
358.31663 	1139226.8
359.11824 	1119241.2
359.91984 	1099255.7
360.72144 	1079270.1
361.52305 	1059284.6
362.32465 	1039299
363.12625 	1019313.5
363.92786 	999327.97
364.72946 	979342.45
365.53106 	959356.95
366.33267 	939371.45
367.13427 	919385.96
367.93587 	899400.49
368.73747 	879415.03
369.53908 	859429.58
370.34068 	839444.15
371.14228 	819458.73
371.94389 	799473.32
372.74549 	779487.93
373.54709 	759502.56
374.3487 	739517.21
375.1503 	719531.87
375.9519 	699546.55
376.75351 	679561.25
377.55511 	659575.98
379.15832 	619605.48
379.95992 	599620.27
381.56313 	559649.91
382.36473 	539664.77
383.16633 	519679.66
383.96794 	499694.57
384.76954 	479709.5
385.57114 	459724.46
386.37275 	439739.46
387.17435 	419754.48
387.97595 	399769.52
388.77756 	379784.6
389.57916 	359799.71
390.38076 	339814.86
391.18236 	319830.03
391.98397 	299845.24
392.78557 	279860.48
393.58717 	259875.75
394.38878 	239891.06
395.19038 	219906.41
395.99198 	199921.79
396.79359 	179937.21
397.59519 	159952.66
399.1984 	119983.64
400 	100486.58
