0 	3836483.5
0.35183948 	3829080.2
0.70367896 	3821295.9
1.0555184 	3813512.8
1.4073579 	3805781.7
1.7591974 	3798178.5
2.1110369 	3790448.3
2.4628764 	3782676.2
2.8147158 	3774886.2
3.1665553 	3767201.6
3.5183948 	3759680.5
3.8702343 	3751918.4
4.2220737 	3744169.1
4.9257527 	3728640.6
5.6294317 	3713192.5
5.9812711 	3705290.4
6.3331106 	3698830.9
8.092308 	3660088.6
8.795987 	3648286.8
9.1478265 	3640495.2
10.203345 	3617122.4
10.907024 	3601540.6
11.258863 	3593749.8
11.610703 	3585959
11.962542 	3578168.2
12.666221 	3562586.8
13.018061 	3554796.2
13.3699 	3547005.6
13.72174 	3539215
14.777258 	3515843.6
15.480937 	3500262.9
15.832777 	3492472.7
16.536456 	3476892.3
17.591974 	3453522
18.647492 	3430152.1
19.351171 	3414572.2
19.703011 	3406782.3
20.05485 	3398992.4
20.40669 	3391202.5
20.758529 	3383412.6
21.462208 	3367794.9
22.165887 	3356376.6
22.869566 	3355938.6
23.573245 	3355869
23.925085 	3355834.3
24.276924 	3355799.7
24.628764 	3355765.1
25.332442 	3355695.9
25.684282 	3355661.2
26.387961 	3355591.2
26.7398 	3355555.7
27.09164 	3355519.2
27.443479 	3355486.9
27.795319 	3355457.5
28.147158 	3355404.4
28.850837 	3353948.5
29.202677 	3347506.9
29.554516 	3339767.6
29.906356 	3331961.5
30.258195 	3324152.3
30.610035 	3316342.9
30.961874 	3308533.4
31.665553 	3292914.5
32.017393 	3285105.1
32.369232 	3277295.7
32.721072 	3269486.3
33.072911 	3261676.9
33.424751 	3253867.5
33.77659 	3246058.2
34.128429 	3238248.8
34.480269 	3230439.6
34.832108 	3222630.3
35.183948 	3214821.1
35.535787 	3207011.9
35.887627 	3199202.7
36.239466 	3191393.6
36.591306 	3183584.5
37.294985 	3167966.4
37.646824 	3160157.4
37.998664 	3152348.5
38.702343 	3136730.7
39.406022 	3121113.1
39.757861 	3113304.3
41.165219 	3082069.8
41.517059 	3074261.2
41.868898 	3066452.7
42.220737 	3058644.3
42.924416 	3043027.5
43.276256 	3035219.2
43.628095 	3027410.9
43.979935 	3019602.6
44.683614 	3003986.2
45.035453 	2996178.1
45.387293 	2988369.9
46.090972 	2972753.8
46.442811 	2964945.8
47.14649 	2949329.9
47.49833 	2941522
48.202009 	2925906.2
48.553848 	2918098.4
49.257527 	2902482.8
49.609367 	2894675.1
49.961206 	2886867.4
50.313045 	2879059.7
50.664885 	2871252
51.016724 	2863444.3
51.720403 	2847829.1
52.072243 	2840021.5
52.424082 	2832213.9
52.775922 	2824406.4
53.127761 	2816598.9
54.18328 	2793176.3
54.535119 	2785368.9
54.886959 	2777561.4
55.238798 	2769754
55.590638 	2761946.5
55.942477 	2754139.1
56.997996 	2730716.9
57.349835 	2722909.5
57.701675 	2715102.2
58.053514 	2707294.8
58.405354 	2699487.5
58.757193 	2691680.1
59.109032 	2683872.8
59.460872 	2676065.5
60.164551 	2660450.8
60.51639 	2652643.5
60.86823 	2644836.2
61.220069 	2637028.9
61.571909 	2629221.6
61.923748 	2621414.3
62.275588 	2613607
62.627427 	2605799.8
62.979267 	2597992.5
63.331106 	2590185.2
63.682946 	2582378
64.034785 	2574570.7
64.386625 	2566763.4
64.738464 	2558956.2
65.442143 	2543341.7
65.793983 	2535534.4
66.497662 	2519919.9
67.55318 	2496498.2
68.256859 	2480883.8
68.608698 	2473076.5
69.312377 	2457462.1
70.016056 	2441847.7
70.367896 	2434040.5
70.719735 	2426233.3
71.071575 	2418426.1
71.423414 	2410618.9
72.830772 	2379390.2
73.182612 	2371583
73.534451 	2363775.9
73.886291 	2355968.7
74.941809 	2332547.3
75.293648 	2324740.2
75.645488 	2316933.1
75.997327 	2309126
77.052846 	2285704.7
77.404685 	2277897.6
77.756525 	2270090.6
78.460204 	2254476.5
78.812043 	2246669.4
79.163883 	2238862.4
80.219401 	2215441.4
81.27492 	2192020.5
81.626759 	2184213.5
81.978599 	2176406.6
82.330438 	2168599.6
82.682278 	2160792.7
83.034117 	2152985.8
83.385957 	2145178.9
83.737796 	2137372
84.089635 	2129565.1
84.441475 	2121758.2
85.496993 	2098337.7
86.552512 	2074917.2
86.904351 	2067110.4
89.015388 	2020269.7
89.367228 	2012462.9
90.070907 	1996849.4
90.422746 	1989042.7
90.774586 	1981236
91.126425 	1973429.2
91.478265 	1965622.5
91.830104 	1957815.8
92.533783 	1942202.4
93.237462 	1926589
93.589301 	1918782.3
93.941141 	1910975.7
94.29298 	1903169
96.052178 	1864135.6
96.404017 	1856329
96.755857 	1848522.3
97.459536 	1832909
97.811375 	1825102.4
98.163215 	1817295.7
98.515054 	1809489.1
99.922412 	1778262.5
100.27425 	1770455.8
100.62609 	1762649.2
101.32977 	1747035.9
102.03345 	1731422.6
102.38529 	1723616
103.79265 	1692389.4
104.14449 	1684582.7
104.49633 	1676776.1
105.2 	1661162.8
105.90368 	1645549.5
106.25552 	1637742.9
106.60736 	1629936.2
108.01472 	1598709.6
108.36656 	1590903
108.7184 	1583096.3
109.07024 	1575289.7
109.77392 	1559676.4
110.12576 	1551869.7
110.82944 	1536256.5
111.18128 	1528449.8
111.53311 	1520643.2
111.88495 	1512836.5
112.58863 	1497223.2
112.94047 	1489416.6
113.29231 	1481610
113.64415 	1473803.3
113.99599 	1465996.7
114.34783 	1458190.1
114.69967 	1450383.5
115.05151 	1442576.9
115.40335 	1434770.2
115.75519 	1426963.6
116.45887 	1411350.4
116.81071 	1403543.8
117.16255 	1395737.2
117.51439 	1387930.6
118.21806 	1372317.5
118.5699 	1364510.9
118.92174 	1356704.3
119.27358 	1348897.8
119.62542 	1341091.2
119.97726 	1333284.7
120.3291 	1325478.1
120.68094 	1317671.6
121.03278 	1309865.1
121.38462 	1302058.5
121.73646 	1294252
122.0883 	1286445.5
122.79198 	1270832.5
123.14382 	1263026.1
123.49566 	1255219.6
123.8475 	1247413.1
124.19934 	1239606.7
124.55118 	1231800.3
124.90302 	1223993.8
125.25485 	1216187.4
125.60669 	1208381
126.66221 	1184961.9
127.01405 	1177155.5
127.36589 	1169349.1
127.71773 	1161542.8
128.06957 	1153736.5
128.42141 	1145930.2
128.77325 	1138123.9
129.12509 	1130317.6
129.47693 	1122511.3
130.18061 	1106898.8
130.53245 	1099092.6
130.88429 	1091286.3
131.23613 	1083480.1
132.29164 	1060061.6
132.64348 	1052255.4
132.99532 	1044449.3
133.699 	1028837
134.05084 	1021030.9
134.40268 	1013224.8
134.75452 	1005418.7
135.4582 	989806.64
135.81004 	982000.6
136.16188 	974194.58
136.51372 	966388.57
136.86556 	958582.57
137.56924 	942970.62
137.92108 	935164.66
138.27292 	927358.71
138.97659 	911746.86
139.68027 	896135.06
140.03211 	888329.18
140.38395 	880523.31
140.73579 	872717.45
141.08763 	864911.61
141.43947 	857105.77
141.79131 	849299.95
142.14315 	841494.14
142.49499 	833688.33
142.84683 	825882.54
144.25419 	794659.48
145.3097 	771242.29
145.66154 	763436.57
146.01338 	755630.87
146.36522 	747825.17
146.71706 	740019.49
147.0689 	732213.81
147.42074 	724408.13
148.12442 	708796.81
148.8281 	693185.52
149.17994 	685379.88
149.88362 	669768.62
150.23546 	661963
150.5873 	654157.39
151.29098 	638546.17
151.99465 	622934.98
152.69833 	607323.8
153.05017 	599518.22
153.40201 	591712.64
153.75385 	583907.07
154.45753 	568295.93
154.80937 	560490.36
155.16121 	552684.8
155.51305 	544879.24
155.86489 	537073.68
156.21673 	529268.12
156.56857 	521462.57
157.62409 	498045.92
157.97593 	490240.37
158.32777 	482434.83
158.67961 	474629.29
159.03144 	466823.74
159.38328 	459018.2
159.73512 	451212.66
160.08696 	443407.13
160.4388 	435601.59
160.79064 	427796.05
161.14248 	419990.52
161.49432 	412184.99
161.84616 	404379.45
162.90168 	380962.86
163.25352 	373157.34
163.9572 	357546.29
164.30904 	349740.76
164.66088 	341935.24
165.01272 	334129.72
165.71639 	318518.68
166.06823 	310713.17
167.12375 	287296.64
167.47559 	279491.13
167.82743 	271685.63
168.17927 	263880.12
168.53111 	256074.63
169.23479 	240463.64
169.58663 	232658.15
169.93847 	224852.67
170.64215 	209241.71
170.99399 	201436.24
171.34583 	193630.77
171.69767 	185825.31
172.04951 	178019.85
172.40134 	170214.4
172.75318 	162408.95
173.10502 	154603.51
174.16054 	131187.22
174.51238 	123381.8
174.86422 	115576.36
