0 	9809403.7
6.4128257 	9703025.1
34.468938 	9116403.7
37.675351 	9037268.4
40.881764 	8958135
50.501002 	8720743.8
53.707415 	8641616.4
62.52505 	8424023.4
65.731463 	8344901.3
68.937876 	8265780.4
69.739479 	8246000.3
96.993988 	7573507.2
103.40681 	7415280.7
106.61323 	7336168.5
116.23246 	7098836.7
123.44689 	6920842.2
125.05 	6881290.8
125.8517 	6861511.5
128.25651 	6802181.2
131.46293 	6723074.8
151.50301 	6228673.5
153.90782 	6169347
156.31263 	6110020.7
159.51904 	6030919.5
166.73347 	5852943.9
169.13828 	5793619.3
175.5511 	5635422
176.35271 	5615647.4
187.57515 	5338807.9
190.78156 	5259712.2
200.4008 	5022428.5
201.2024 	5002655.1
202.00401 	4982881.7
202.80561 	4963108.4
203.60721 	4943335.1
204.40882 	4923561.8
205.21042 	4903788.6
206.01202 	4884015.4
206.81363 	4864242.3
207.61523 	4844469.1
208.41683 	4824696.1
209.21844 	4804923
210.02004 	4785150
210.82164 	4765377.1
211.62325 	4745604.1
212.42485 	4725831.2
213.22645 	4706058.4
214.02806 	4686285.6
214.82966 	4666512.8
215.63126 	4646740.1
216.43287 	4626967.3
217.23447 	4607194.7
218.03607 	4587422
219.63928 	4547876.9
220.44088 	4528104.4
221.24248 	4508331.9
222.04409 	4488559.4
222.84569 	4468787
223.64729 	4449014.7
224.4489 	4429242.3
225.2505 	4409470
226.0521 	4389697.8
227.65531 	4350153.4
228.45691 	4330381.2
229.25852 	4310609.1
230.86172 	4271065
231.66333 	4251293
232.46493 	4231521
234.06814 	4191977.2
234.86974 	4172205.4
235.67134 	4152433.6
236.47295 	4132661.8
237.27455 	4112890.1
238.07615 	4093118.3
238.87776 	4073346.7
239.67936 	4053575.1
240.48096 	4033803.5
241.28257 	4014031.9
242.08417 	3994260.4
242.88577 	3974488.9
243.68737 	3954717.5
244.48898 	3934946.1
245.29058 	3915174.7
246.09218 	3895403.4
246.89379 	3875632.1
247.69539 	3855860.8
248.49699 	3836089.6
249.2986 	3816318.4
250.1002 	3796547.2
250.9018 	3776776.1
251.70341 	3757005.1
252.50501 	3737234
253.30661 	3717463
254.10822 	3697692.1
254.90982 	3677921.1
255.71142 	3658150.2
256.51303 	3638379.4
257.31463 	3618608.6
258.11623 	3598837.8
258.91784 	3579067.1
259.71944 	3559296.3
260.52104 	3539525.7
261.32265 	3519755
262.12425 	3499984.5
262.92585 	3480213.9
263.72745 	3460443.4
264.52906 	3440672.9
265.33066 	3420902.4
266.13226 	3401132
266.93387 	3381361.7
267.73547 	3361591.3
268.53707 	3341821
269.33868 	3322050.8
270.14028 	3302280.5
270.94188 	3282510.3
271.74349 	3262740.2
272.54509 	3242970.1
273.34669 	3223200
274.1483 	3203430
274.9499 	3183660
274.95 	3183657.5
275.7515 	3163890
276.55311 	3144120.1
277.35471 	3124350.2
278.95792 	3084810.5
279.75952 	3065040.7
280.56112 	3045271
281.36273 	3025501.3
282.16433 	3005731.6
282.96593 	2985962
283.76754 	2966192.4
284.56914 	2946422.8
285.37074 	2926653.3
286.17234 	2906883.8
286.97395 	2887114.3
288.57715 	2847575.6
289.37876 	2827806.2
290.18036 	2808036.9
290.98196 	2788267.7
291.78357 	2768498.4
292.58517 	2748729.3
293.38677 	2728960.1
294.18838 	2709191
294.98998 	2689421.9
295.79158 	2669652.9
296.59319 	2649883.9
297.39479 	2630114.9
298.19639 	2610346
298.998 	2590577.1
299.7996 	2570808.3
300.6012 	2551039.5
301.40281 	2531270.7
302.20441 	2511501.9
303.00601 	2491733.2
303.80762 	2471964.6
304.60922 	2452196
306.21242 	2412658.8
307.01403 	2392890.3
307.81563 	2373121.8
308.61723 	2353353.4
309.41884 	2333585
310.22044 	2313816.6
311.02204 	2294048.3
311.82365 	2274280
312.62525 	2254511.8
313.42685 	2234743.6
314.22846 	2214975.4
315.03006 	2195207.3
315.83166 	2175439.2
316.63327 	2155671.1
317.43487 	2135903.1
318.23647 	2116135.1
319.03808 	2096367.1
319.83968 	2076599.2
320.64128 	2056831.4
321.44289 	2037063.5
322.24449 	2017295.7
323.04609 	1997528
323.8477 	1977760.2
324.6493 	1957992.6
325.4509 	1938224.9
326.25251 	1918457.3
327.05411 	1898689.7
327.85571 	1878922.2
328.65731 	1859154.7
329.45892 	1839387.2
330.26052 	1819619.8
331.06212 	1799852.4
331.86373 	1780085.1
332.66533 	1760317.8
333.46693 	1740550.5
334.26854 	1720783.3
335.07014 	1701016.1
335.87174 	1681248.9
336.67335 	1661481.8
337.47495 	1641714.7
338.27655 	1621947.7
339.07816 	1602180.7
339.87976 	1582413.7
340.68136 	1562646.8
341.48297 	1542879.9
342.28457 	1523113
343.08617 	1503346.2
343.88778 	1483579.4
344.68938 	1463812.7
345.49098 	1444046
346.29259 	1424279.3
347.09419 	1404512.7
347.89579 	1384746.1
348.69739 	1364979.5
349.499 	1345213
350.3006 	1325446.5
351.1022 	1305680.1
351.90381 	1285913.7
352.70541 	1266147.3
353.50701 	1246381
354.30862 	1226614.7
355.11022 	1206848.5
355.91182 	1187082.3
356.71343 	1167316.1
357.51503 	1147550
358.31663 	1127783.9
359.11824 	1108017.8
359.91984 	1088251.8
360.72144 	1068485.8
361.52305 	1048719.8
362.32465 	1028953.9
363.12625 	1009188.1
363.92786 	989422.24
364.72946 	969656.45
365.53106 	949890.7
366.33267 	930124.98
367.13427 	910359.3
367.93587 	890593.66
368.73747 	870828.06
369.53908 	851062.5
370.34068 	831296.98
371.14228 	811531.49
371.94389 	791766.05
372.74549 	772000.64
373.54709 	752235.27
374.3487 	732469.94
375.1503 	712704.65
375.9519 	692939.39
376.75351 	673174.18
377.55511 	653409
379.15832 	613878.77
379.95992 	594113.71
381.56313 	554583.71
382.36473 	534818.76
383.16633 	515053.86
383.96794 	495289
384.76954 	475524.17
385.57114 	455759.39
386.37275 	435994.64
387.17435 	416229.93
387.97595 	396465.27
388.77756 	376700.64
389.57916 	356936.05
390.38076 	337171.5
391.18236 	317406.99
391.98397 	297642.52
392.78557 	277878.09
393.58717 	258113.7
394.38878 	238349.35
395.19038 	218585.04
395.99198 	198820.76
396.79359 	179056.53
397.59519 	159292.34
399.1984 	119764.08
400 	100481.38
