0 	7625326.2
6.4128257 	7483830.8
34.468938 	7008838.2
37.675351 	6930468.4
40.881764 	6851706.5
50.501002 	6622305.8
53.707415 	6574617.4
62.52505 	6453322.7
65.731463 	6443900
68.937876 	6372624.8
69.739479 	6351990.1
96.993988 	5855432.7
103.40681 	5792058.6
106.61323 	5734168.2
116.23246 	5570223.1
123.44689 	5389137.3
125.05 	5347708.8
125.8517 	5327011.1
128.25651 	5264894.6
131.46293 	5181867.1
151.50301 	4788549.7
153.90782 	4732046.9
156.31263 	4674315.3
159.51904 	4590773.9
166.73347 	4388366.9
169.13828 	4306881.1
175.5511 	4124667
176.35271 	4104600.5
187.57515 	3886377
190.78156 	3868075
200.4008 	3865824.9
201.2024 	3865709.5
202.00401 	3865594.2
202.80561 	3865488.5
203.60721 	3865387.7
204.40882 	3865305.9
205.21042 	3865257.5
206.01202 	3865247.7
206.81363 	3865263.5
207.61523 	3865296
208.41683 	3865316.9
209.21844 	3865338
210.02004 	3865402.4
210.82164 	3865477.2
211.62325 	3865549.9
212.42485 	3865671.4
213.22645 	3865808.5
214.02806 	3865893.6
214.82966 	3866047.6
215.63126 	3866278.6
216.43287 	3866508.7
217.23447 	3866733.4
218.03607 	3866917.1
219.63928 	3867306.3
220.44088 	3867449
221.24248 	3867559.7
222.04409 	3867740.7
222.84569 	3867948.6
223.64729 	3868122.7
224.4489 	3868190
225.2505 	3868164.6
226.0521 	3868133.7
227.65531 	3868189
228.45691 	3868520.7
229.25852 	3869151.8
230.86172 	3869890
231.66333 	3869964.8
232.46493 	3869978
234.06814 	3870044
234.86974 	3870131.9
235.67134 	3870207
236.47295 	3870267.7
237.27455 	3870369.5
238.07615 	3870484.2
238.87776 	3870595.9
239.67936 	3870729.5
240.48096 	3870878.2
241.28257 	3871052.7
242.08417 	3871272.5
242.88577 	3871510.7
243.68737 	3871738.9
244.48898 	3871939.3
245.29058 	3872067
246.09218 	3872100.3
246.89379 	3871972.7
247.69539 	3871691.6
248.49699 	3871294.8
249.2986 	3870785.9
250.1002 	3870146.6
250.9018 	3869420.1
251.70341 	3868682.3
252.50501 	3867976.6
253.30661 	3867325.1
254.10822 	3866756.1
254.90982 	3866286.7
255.71142 	3865906
256.51303 	3865612.7
257.31463 	3865427.9
258.11623 	3865333.7
258.91784 	3865293.2
259.71944 	3865294.1
260.52104 	3865318.4
261.32265 	3865341.5
262.12425 	3865378.1
262.92585 	3865408.4
263.72745 	3865417.1
264.52906 	3865429
265.33066 	3865431.1
266.13226 	3865388.9
266.93387 	3865359.4
267.73547 	3865337.3
268.53707 	3865320.4
269.33868 	3865324
270.14028 	3865334
270.94188 	3865334.9
271.74349 	3865331.5
272.54509 	3865312.8
273.34669 	3865289.9
274.1483 	3865277.9
274.9499 	3865250.9
274.95 	3865250.9
275.7515 	3865214.3
276.55311 	3865143.2
277.35471 	3865057.1
278.95792 	3864835.8
279.75952 	3864724
280.56112 	3864615.8
281.36273 	3864490.9
282.16433 	3864358.7
282.96593 	3864212.1
283.76754 	3864025.3
284.56914 	3863773.5
285.37074 	3863398.2
286.17234 	3862726.9
286.97395 	3861350.5
288.57715 	3852411.4
289.37876 	3840010.9
290.18036 	3819457.3
290.98196 	3793507.9
291.78357 	3766323.3
292.58517 	3739145.7
293.38677 	3712014.3
294.18838 	3684892.6
294.98998 	3657769.4
295.79158 	3630642.7
296.59319 	3603513.4
297.39479 	3576383.2
298.19639 	3549252.5
298.998 	3522120.6
299.7996 	3494985.7
300.6012 	3467846.1
301.40281 	3440700.1
302.20441 	3413547.1
303.00601 	3386387.7
303.80762 	3359222.8
304.60922 	3332053.8
306.21242 	3277705.7
307.01403 	3250526.1
307.81563 	3223342
308.61723 	3196152.6
309.41884 	3168957.5
310.22044 	3141756.2
311.02204 	3114548.4
311.82365 	3087333.5
312.62525 	3060111.1
313.42685 	3032880.8
314.22846 	3005642.4
315.03006 	2978396.3
315.83166 	2951143.1
316.63327 	2923884
317.43487 	2896620
318.23647 	2869352.4
319.03808 	2842081.8
319.83968 	2814808.6
320.64128 	2787532.8
321.44289 	2760254.3
322.24449 	2732972.6
323.04609 	2705687.7
323.8477 	2678399.5
324.6493 	2651108.1
325.4509 	2623814
326.25251 	2596517.7
327.05411 	2569219.7
327.85571 	2541920.5
328.65731 	2514620.7
329.45892 	2487320.5
330.26052 	2460020.3
331.06212 	2432720.3
331.86373 	2405421
332.66533 	2378122.4
333.46693 	2350824.9
334.26854 	2323528.6
335.07014 	2296233.7
335.87174 	2268940.4
336.67335 	2241648.9
337.47495 	2214359.2
338.27655 	2187071.7
339.07816 	2159786.6
339.87976 	2132504.4
340.68136 	2105225.5
341.48297 	2077950.2
342.28457 	2050679.1
343.08617 	2023412.4
343.88778 	1996150.5
344.68938 	1968893.7
345.49098 	1941642.3
346.29259 	1914396.4
347.09419 	1887156.2
347.89579 	1859921.7
348.69739 	1832692.8
349.499 	1805469.3
350.3006 	1778251
351.1022 	1751037.2
351.90381 	1723827.5
352.70541 	1696621.2
353.50701 	1669417.5
354.30862 	1642215.6
355.11022 	1615014.7
355.91182 	1587814
356.71343 	1560612.8
357.51503 	1533410.3
358.31663 	1506205.9
359.11824 	1478999.3
359.91984 	1451790
360.72144 	1424578
361.52305 	1397363.2
362.32465 	1370145.8
363.12625 	1342926
363.92786 	1315704.4
364.72946 	1288481.5
365.53106 	1261257.8
366.33267 	1234034.2
367.13427 	1206811.6
367.93587 	1179590.6
368.73747 	1152372.5
369.53908 	1125158.2
370.34068 	1097948.9
371.14228 	1070745.8
371.94389 	1043550.1
372.74549 	1016363.3
373.54709 	989186.46
374.3487 	962020.96
375.1503 	934867.99
375.9519 	907728.65
376.75351 	880603.93
377.55511 	853494.7
379.15832 	799325.32
379.95992 	772266.06
381.56313 	718199.41
382.36473 	691191.9
383.16633 	664201.27
383.96794 	637227.11
384.76954 	610268.87
385.57114 	583325.91
386.37275 	556397.51
387.17435 	529482.86
387.97595 	502581.12
388.77756 	475691.38
389.57916 	448812.74
390.38076 	421944.26
391.18236 	395085.03
391.98397 	368234.12
392.78557 	341390.63
393.58717 	314553.71
394.38878 	287722.5
395.19038 	260896.19
395.99198 	234074.02
396.79359 	207255.23
397.59519 	180439.12
399.1984 	126812.18
400 	100653.05
