0 	4592792.5
0.3317994 	4592426.3
3.6497934 	4556152.2
4.3133922 	4554342.5
4.6451916 	4546714.9
4.976991 	4537600
5.3087904 	4528364.8
5.9723892 	4509870.1
6.3041886 	4500618.1
6.635988 	4491364
7.2995868 	4472851.8
7.6313862 	4463594.8
7.9631856 	4454337.8
8.6267844 	4435823.8
8.9585838 	4426566.8
9.953982 	4398795
11.944778 	4343245.2
12.276578 	4333986.7
12.608377 	4324728.4
12.940177 	4315470.5
13.271976 	4306213
13.603775 	4296956.1
13.935575 	4287699.9
14.267374 	4278444.4
14.599174 	4269189.7
15.262772 	4250683.3
15.594572 	4241431.7
15.926371 	4232181.3
16.258171 	4222932
16.58997 	4213684
16.921769 	4204437.3
17.253569 	4195192
17.585368 	4185948
18.248967 	4167464
18.580766 	4158224.1
18.912566 	4148985.5
19.244365 	4139748.1
19.576165 	4130511.9
19.907964 	4121276.7
20.571563 	4102809.3
20.903362 	4093576.7
22.562359 	4047420.2
22.894159 	4038189.1
23.225958 	4028957.9
23.889557 	4010494.1
24.221356 	4001261.5
24.884955 	3982794
25.216754 	3973559.1
25.880353 	3955086.6
26.875751 	3927370.2
27.207551 	3918129.2
27.53935 	3908887.1
27.871149 	3899643.8
28.202949 	3890399.4
28.534748 	3881153.8
28.866548 	3871907
29.198347 	3862659.2
29.861946 	3844160.2
30.193745 	3834909.2
30.525545 	3825657.2
30.857344 	3816404.5
31.189143 	3807150.9
31.852742 	3788641.8
32.184542 	3779386.4
32.516341 	3770130.7
32.84814 	3760874.7
33.17994 	3751618.5
33.511739 	3742362.3
33.843539 	3733106
34.175338 	3723849.9
34.507137 	3714594
35.834335 	3677573.7
36.166134 	3668319.8
36.497934 	3659066.4
36.829733 	3649813.5
37.161533 	3640561.1
37.825131 	3622057.9
38.156931 	3612807
38.48873 	3603556.6
39.152329 	3585056.9
39.484128 	3575807.6
39.815928 	3566558.5
40.147727 	3557309.7
40.479527 	3548061.1
41.806724 	3511067.6
42.138524 	3501819.2
42.802122 	3483322.5
43.133922 	3474074.1
43.465721 	3464825.6
43.797521 	3455577.1
44.461119 	3437079.9
44.792919 	3427831.4
45.124718 	3418582.9
45.456518 	3409334.5
46.120116 	3390838.3
46.783715 	3372343
47.115515 	3363095.9
47.779113 	3344603.1
48.110913 	3335357.4
48.442712 	3326112.5
49.106311 	3307624.6
49.43811 	3298381.8
49.76991 	3289139.9
50.101709 	3279898.8
50.433509 	3270658.7
50.765308 	3261419.6
51.097107 	3252181.5
51.428907 	3242944.5
51.760706 	3233708.5
52.092506 	3224473.6
52.756104 	3206007.1
53.087904 	3196775.5
53.419703 	3187545
53.751503 	3178315.7
54.083302 	3169087.4
54.415101 	3159860.2
54.746901 	3150634.1
55.0787 	3141409.1
55.4105 	3132185
55.742299 	3122962
56.074098 	3113739.9
57.069497 	3086079.3
57.401296 	3076860.9
57.733095 	3067643.3
58.396694 	3049210.4
58.728494 	3039995
59.060293 	3030780.4
59.392092 	3021566.5
59.723892 	3012353.2
60.055691 	3003140.6
60.71929 	2984717.2
61.051089 	2975506.4
62.046488 	2947877.3
62.710086 	2929460.6
63.041886 	2920253.1
63.373685 	2911046.2
63.705485 	2901839.8
64.369083 	2883428.8
65.032682 	2865020.2
65.364482 	2855816.8
65.696281 	2846614
66.02808 	2837412
66.35988 	2828210.6
66.691679 	2819009.9
67.023479 	2809809.9
67.355278 	2800610.7
67.687077 	2791412.3
68.350676 	2773017.8
68.682476 	2763821.7
69.014275 	2754626.5
69.346074 	2745432.2
69.677874 	2736238.7
70.009673 	2727046.1
71.005071 	2699473.7
71.336871 	2690284.6
71.66867 	2681096.4
72.664068 	2653537.2
72.995868 	2644352.4
73.659467 	2625985.4
73.991266 	2616803.1
74.323065 	2607621.6
75.650263 	2570902.6
76.313862 	2552547
76.645661 	2543370.1
76.977461 	2534193.8
77.30926 	2525017.9
77.641059 	2515842.6
77.972859 	2506667.7
78.304658 	2497493.3
78.636458 	2488319.3
78.968257 	2479145.8
79.300056 	2469972.6
79.963655 	2451627.3
80.959053 	2424112.1
81.290853 	2414941
81.622652 	2405770.2
81.954452 	2396599.8
82.286251 	2387429.7
82.61805 	2378260
83.613448 	2350752.9
83.945248 	2341584.7
84.277047 	2332416.9
84.608847 	2323249.5
84.940646 	2314082.6
88.922239 	2204123.8
89.254038 	2194965
89.585838 	2185807
89.917637 	2176649.8
90.249436 	2167493.4
90.913035 	2149183
91.244835 	2140029.2
92.240233 	2112572.7
92.572032 	2103422.4
93.235631 	2085124.3
93.56743 	2075976.6
93.89923 	2066829.8
94.231029 	2057683.9
94.562829 	2048538.9
94.894628 	2039394.8
95.226427 	2030251.6
95.558227 	2021109.3
95.890026 	2011967.8
96.221826 	2002827.3
96.553625 	1993687.6
96.885424 	1984548.8
98.544421 	1938867.6
98.876221 	1929733.9
99.53982 	1911469
99.871619 	1902337.8
100.86702 	1874949
101.19882 	1865821
101.86242 	1847567.4
102.19421 	1838441.8
102.52601 	1829317
102.85781 	1820192.9
103.18961 	1811069.5
103.52141 	1801946.9
103.85321 	1792825.1
104.51681 	1774583.5
104.84861 	1765463.8
105.51221 	1747226.4
105.84401 	1738108.7
107.17121 	1701644.2
107.50301 	1692529.5
108.1666 	1674301.8
108.4984 	1665188.8
108.8302 	1656076.2
109.8256 	1628741
110.1574 	1619630.1
110.4892 	1610519.5
110.821 	1601409.3
111.1528 	1592299.4
111.4846 	1583189.7
112.48 	1555862.1
113.14359 	1537644.6
113.47539 	1528536.1
114.13899 	1510319.3
114.80259 	1492102.7
115.13439 	1482994.4
116.12979 	1455669.6
116.46159 	1446561.3
117.78879 	1410127.5
118.12059 	1401018.9
119.11598 	1373692.6
119.77958 	1355474.8
121.10678 	1319038.6
121.77038 	1300820.5
122.10218 	1291711.4
122.43398 	1282602.4
122.76578 	1273493.5
123.09758 	1264384.6
123.76118 	1246167.2
124.09298 	1237058.7
124.75657 	1218842.2
125.08837 	1209734.2
125.42017 	1200626.4
125.75197 	1191518.9
126.08377 	1182411.6
126.41557 	1173304.5
127.07917 	1155091.3
127.41097 	1145985.1
128.07457 	1127773.8
128.40637 	1118668.7
130.39716 	1064045.7
131.72436 	1027638.3
132.05616 	1018537.4
132.38796 	1009437
132.71976 	1000336.9
133.05156 	991237.17
133.38336 	982137.82
133.71516 	973038.84
134.04696 	963940.21
134.71056 	945743.95
135.04236 	936646.29
135.37415 	927548.92
135.70595 	918451.84
136.36955 	900258.44
136.70135 	891162.09
137.03315 	882065.95
137.36495 	872970
137.69675 	863874.22
138.02855 	854778.58
138.36035 	845683.08
139.02395 	827492.37
140.01935 	800206.77
140.68295 	782016.45
141.01474 	772921.26
141.67834 	754730.73
142.01014 	745635.36
143.00554 	718348.65
143.33734 	709252.85
144.00094 	691060.83
144.33274 	681964.6
144.66454 	672868.23
144.99634 	663771.69
145.32814 	654675
145.65994 	645578.15
145.99174 	636481.15
146.32353 	627384.01
146.65533 	618286.71
146.98713 	609189.28
147.31893 	600091.73
147.65073 	590994.06
147.98253 	581896.28
148.31433 	572798.41
148.64613 	563700.46
148.97793 	554602.46
149.30973 	545504.41
149.64153 	536406.34
150.30513 	518210.21
150.63693 	509112.19
150.96873 	500014.24
151.30053 	490916.36
151.63233 	481818.6
151.96412 	472720.96
153.29132 	436332.21
153.62312 	427235.58
154.28672 	409043.15
154.61852 	399947.39
154.95032 	390851.96
155.61392 	372662.16
155.94572 	363567.83
156.60932 	345380.35
156.94112 	336287.23
157.27292 	327194.53
157.93651 	309010.44
158.26831 	299919.05
158.60011 	290828.1
158.93191 	281737.59
159.26371 	272647.52
160.59091 	236291.43
160.92271 	227203.41
162.24991 	190854.84
162.58171 	181768.48
162.9135 	172682.39
163.2453 	163596.54
163.9089 	145425.46
164.2407 	136340.17
164.5725 	127255.01
164.9043 	118169.95
165.2361 	109084.95
165.5679 	100451.21
