0 	3836484.6
0.35183948 	3829095.4
0.70367896 	3821324.6
1.0555184 	3813553.8
1.4073579 	3805783
1.7591974 	3798012.2
2.1110369 	3790241.3
2.4628764 	3782474.6
2.8147158 	3774787.9
3.1665553 	3767164.9
3.5183948 	3759432.1
3.8702343 	3751725.6
4.2220737 	3743947.3
4.9257527 	3728309.5
5.6294317 	3713753.8
5.9812711 	3706062
6.3331106 	3701793.3
8.092308 	3664432.2
8.795987 	3648950.6
9.1478265 	3641177
10.203345 	3617856.2
10.907024 	3602297.9
11.258863 	3594503.3
11.610703 	3588132.9
11.962542 	3586520.4
12.666221 	3586359.6
13.018061 	3586320.9
13.3699 	3586282.9
13.72174 	3586244.1
14.777258 	3586127.1
15.480937 	3586055.6
15.832777 	3586025.7
16.536456 	3585955.6
17.591974 	3585802
18.647492 	3572678.7
19.351171 	3557111.7
19.703011 	3549324
20.05485 	3541536.3
20.40669 	3533748.6
20.758529 	3525960.9
21.462208 	3510385.6
22.165887 	3494810.3
22.869566 	3479235.1
23.573245 	3463659.9
23.925085 	3455872.3
24.276924 	3448084.8
24.628764 	3440297.2
25.332442 	3424722
25.684282 	3416934.4
26.387961 	3401359.3
26.7398 	3393571.7
27.09164 	3385784.1
27.443479 	3377996.4
27.795319 	3370208.8
28.147158 	3362421.2
28.850837 	3346845.8
29.202677 	3339058.1
29.554516 	3331270.4
29.906356 	3323482.7
30.258195 	3315695
30.610035 	3307907.2
30.961874 	3300119.5
31.665553 	3284543.9
32.017393 	3276756.1
32.369232 	3268968.2
32.721072 	3261180.4
33.072911 	3253392.5
33.424751 	3245604.6
33.77659 	3237816.7
34.128429 	3230028.8
34.480269 	3222240.8
34.832108 	3214452.9
35.183948 	3206664.9
35.535787 	3198876.9
35.887627 	3191088.9
36.239466 	3183300.9
36.591306 	3175512.9
37.294985 	3159936.9
37.646824 	3152148.8
37.998664 	3144360.8
38.702343 	3128784.6
39.406022 	3113208.5
39.757861 	3105420.4
41.165219 	3074268.1
41.517059 	3066480
41.868898 	3058692
42.220737 	3050903.9
42.924416 	3035327.8
43.276256 	3027539.7
43.628095 	3019751.7
43.979935 	3011963.6
44.683614 	2996387.6
45.035453 	2988599.6
45.387293 	2980811.6
46.090972 	2965235.6
46.442811 	2957447.7
47.14649 	2941871.8
47.49833 	2934083.9
48.202009 	2918508.1
48.553848 	2910720.3
49.257527 	2895144.6
49.609367 	2887356.8
49.961206 	2879569
50.313045 	2871781.2
50.664885 	2863993.5
51.016724 	2856205.8
51.720403 	2840630.4
52.072243 	2832842.7
52.424082 	2825055.1
52.775922 	2817267.5
53.127761 	2809479.9
54.18328 	2786117.2
54.535119 	2778329.7
54.886959 	2770542.2
55.238798 	2762754.7
55.590638 	2754967.2
55.942477 	2747179.8
56.997996 	2723817.6
57.349835 	2716030.2
57.701675 	2708242.9
58.053514 	2700455.6
58.405354 	2692668.3
58.757193 	2684881
59.109032 	2677093.8
59.460872 	2669306.5
60.164551 	2653732.1
60.51639 	2645944.9
60.86823 	2638157.7
61.220069 	2630370.6
61.571909 	2622583.4
61.923748 	2614796.3
62.275588 	2607009.2
62.627427 	2599222.1
62.979267 	2591435.1
63.331106 	2583648
63.682946 	2575861
64.034785 	2568073.9
64.386625 	2560286.9
64.738464 	2552499.9
65.442143 	2536926
65.793983 	2529139
66.497662 	2513565.2
67.55318 	2490204.5
68.256859 	2474630.7
68.608698 	2466843.9
69.312377 	2451270.2
70.016056 	2435696.6
70.367896 	2427909.8
70.719735 	2420123.1
71.071575 	2412336.3
71.423414 	2404549.5
72.830772 	2373402.6
73.182612 	2365615.9
73.534451 	2357829.2
73.886291 	2350042.6
74.941809 	2326682.6
75.293648 	2318895.9
75.645488 	2311109.3
75.997327 	2303322.7
77.052846 	2279962.9
77.404685 	2272176.3
77.756525 	2264389.7
78.460204 	2248816.6
78.812043 	2241030.1
79.163883 	2233243.5
80.219401 	2209884
81.27492 	2186524.5
81.626759 	2178738
81.978599 	2170951.5
82.330438 	2163165.1
82.682278 	2155378.6
83.034117 	2147592.2
83.385957 	2139805.7
83.737796 	2132019.3
84.089635 	2124232.8
84.441475 	2116446.4
85.496993 	2093087.2
86.552512 	2069728
86.904351 	2061941.6
89.015388 	2015223.5
89.367228 	2007437.1
90.070907 	1991864.4
90.422746 	1984078.1
90.774586 	1976291.8
91.126425 	1968505.5
91.478265 	1960719.2
91.830104 	1952932.9
92.533783 	1937360.2
93.237462 	1921787.7
93.589301 	1914001.4
93.941141 	1906215.1
94.29298 	1898428.8
96.052178 	1859497.5
96.404017 	1851711.2
96.755857 	1843925
97.459536 	1828352.5
97.811375 	1820566.2
98.163215 	1812780
98.515054 	1804993.8
99.922412 	1773848.9
100.27425 	1766062.7
100.62609 	1758276.4
101.32977 	1742704
102.03345 	1727131.6
102.38529 	1719345.4
103.79265 	1688200.7
104.14449 	1680414.5
104.49633 	1672628.3
105.2 	1657056
105.90368 	1641483.6
106.25552 	1633697.5
106.60736 	1625911.3
108.01472 	1594766.7
108.36656 	1586980.6
108.7184 	1579194.5
109.07024 	1571408.3
109.77392 	1555836.1
110.12576 	1548050
110.82944 	1532477.7
111.18128 	1524691.6
111.53311 	1516905.5
111.88495 	1509119.4
112.58863 	1493547.2
112.94047 	1485761.1
113.29231 	1477975
113.64415 	1470188.9
113.99599 	1462402.8
114.34783 	1454616.8
114.69967 	1446830.7
115.05151 	1439044.6
115.40335 	1431258.5
115.75519 	1423472.5
116.45887 	1407900.4
116.81071 	1400114.3
117.16255 	1392328.3
117.51439 	1384542.2
118.21806 	1368970.2
118.5699 	1361184.1
118.92174 	1353398.1
119.27358 	1345612.1
119.62542 	1337826.1
119.97726 	1330040.1
120.3291 	1322254.1
120.68094 	1314468.1
121.03278 	1306682.1
121.38462 	1298896.1
121.73646 	1291110.1
122.0883 	1283324.1
122.79198 	1267752.2
123.14382 	1259966.2
123.49566 	1252180.2
123.8475 	1244394.3
124.19934 	1236608.3
124.55118 	1228822.4
124.90302 	1221036.4
125.25485 	1213250.5
125.60669 	1205464.6
126.66221 	1182106.8
127.01405 	1174320.9
127.36589 	1166535
127.71773 	1158749.2
128.06957 	1150963.3
128.42141 	1143177.4
128.77325 	1135391.5
129.12509 	1127605.7
129.47693 	1119819.8
130.18061 	1104248.1
130.53245 	1096462.3
130.88429 	1088676.4
131.23613 	1080890.6
132.29164 	1057533.2
132.64348 	1049747.4
132.99532 	1041961.6
133.699 	1026390.1
134.05084 	1018604.3
134.40268 	1010818.6
134.75452 	1003032.8
135.4582 	987461.33
135.81004 	979675.61
136.16188 	971889.89
136.51372 	964104.19
136.86556 	956318.49
137.56924 	940747.12
137.92108 	932961.44
138.27292 	925175.78
138.97659 	909604.48
139.68027 	894033.21
140.03211 	886247.59
140.38395 	878461.98
140.73579 	870676.38
141.08763 	862890.79
141.43947 	855105.21
141.79131 	847319.63
142.14315 	839534.07
142.49499 	831748.52
142.84683 	823962.97
144.25419 	792820.89
145.3097 	769464.44
145.66154 	761678.97
146.01338 	753893.52
146.36522 	746108.08
146.71706 	738322.64
147.0689 	730537.22
147.42074 	722751.81
148.12442 	707181.02
148.8281 	691610.27
149.17994 	683824.91
149.88362 	668254.22
150.23546 	660468.9
150.5873 	652683.58
151.29098 	637112.99
151.99465 	621542.44
152.69833 	605971.93
153.05017 	598186.7
153.40201 	590401.47
153.75385 	582616.26
154.45753 	567045.87
154.80937 	559260.69
155.16121 	551475.52
155.51305 	543690.36
155.86489 	535905.22
156.21673 	528120.09
156.56857 	520334.97
157.62409 	496979.67
157.97593 	489194.6
158.32777 	481409.53
158.67961 	473624.48
159.03144 	465839.44
159.38328 	458054.41
159.73512 	450269.39
160.08696 	442484.39
160.4388 	434699.39
160.79064 	426914.41
161.14248 	419129.44
161.49432 	411344.48
161.84616 	403559.53
162.90168 	380204.75
163.25352 	372419.84
163.9572 	356850.07
164.30904 	349065.2
164.66088 	341280.34
165.01272 	333495.49
165.71639 	317925.82
166.06823 	310141
167.12375 	286786.61
167.47559 	279001.84
167.82743 	271217.07
168.17927 	263432.31
168.53111 	255647.57
169.23479 	240078.11
169.58663 	232293.39
169.93847 	224508.69
170.64215 	208939.3
170.99399 	201154.63
171.34583 	193369.96
171.69767 	185585.3
172.04951 	177800.65
172.40134 	170016.01
172.75318 	162231.37
173.10502 	154446.75
174.16054 	131092.93
174.51238 	123308.33
174.86422 	115523.7
