0 	7277567.7
6.4128257 	7208663.5
34.468938 	6546456.9
37.675351 	6475647.7
40.881764 	6409134.5
50.501002 	6276888.5
53.707415 	6256951.8
62.52505 	6071260.8
65.731463 	5977513.4
68.937876 	5917028.7
69.739479 	5900569.5
96.993988 	5475608.8
103.40681 	5375088.2
106.61323 	5346574
116.23246 	5118816.2
123.44689 	5018209.5
125.05 	4994201.5
125.8517 	4990078.9
128.25651 	4986248.4
131.46293 	4984796.7
151.50301 	4508470.7
153.90782 	4454552.2
156.31263 	4412530.3
159.51904 	4338717.8
166.73347 	4209172.7
169.13828 	4195598.7
175.5511 	4056177.1
176.35271 	4037049.7
187.57515 	3744966.9
190.78156 	3671153.1
200.4008 	3418022
201.2024 	3392710.8
202.00401 	3364504.6
202.80561 	3339971.5
203.60721 	3325512.2
204.40882 	3319150
205.21042 	3316510.6
206.01202 	3315388.7
206.81363 	3314892.7
207.61523 	3314536.2
208.41683 	3314176.7
209.21844 	3313824.5
210.02004 	3313476
210.82164 	3313121.4
211.62325 	3312736.4
212.42485 	3312352.5
213.22645 	3312020.8
214.02806 	3311732
214.82966 	3311452.3
215.63126 	3311209.3
216.43287 	3311083.4
217.23447 	3311063.2
218.03607 	3311075.1
219.63928 	3310961.6
220.44088 	3310842.3
221.24248 	3310713.8
222.04409 	3310598.3
222.84569 	3310560.6
223.64729 	3310604.9
224.4489 	3310701.7
225.2505 	3310823.3
226.0521 	3310919.6
227.65531 	3311062
228.45691 	3311333.5
229.25852 	3312000.7
230.86172 	3313411.5
231.66333 	3313808.3
232.46493 	3314172.7
234.06814 	3314848.7
234.86974 	3315167.1
235.67134 	3315457.4
236.47295 	3315736.7
237.27455 	3315994.8
238.07615 	3316209
238.87776 	3316373.3
239.67936 	3316463.5
240.48096 	3316468.6
241.28257 	3316347.1
242.08417 	3316116.7
242.88577 	3315828.7
243.68737 	3315520.3
244.48898 	3315173
245.29058 	3314768.4
246.09218 	3314304.5
246.89379 	3313812.2
247.69539 	3313340.6
248.49699 	3312905.2
249.2986 	3312504.4
250.1002 	3312124.6
250.9018 	3311746.2
251.70341 	3311388
252.50501 	3311060.3
253.30661 	3310757.8
254.10822 	3310487.5
254.90982 	3310235.6
255.71142 	3310021
256.51303 	3309847.4
257.31463 	3309700.7
258.11623 	3309571.4
258.91784 	3309482.1
259.71944 	3309414.9
260.52104 	3309339.8
261.32265 	3309273.6
262.12425 	3309229.5
262.92585 	3309211.1
263.72745 	3309233.6
264.52906 	3309293.5
265.33066 	3309372
266.13226 	3309462.9
266.93387 	3309554.4
267.73547 	3309651.3
268.53707 	3309761
269.33868 	3309887.8
270.14028 	3310024
270.94188 	3310146.8
271.74349 	3310231
272.54509 	3310239.6
273.34669 	3310129.8
274.1483 	3309884.3
274.9499 	3309486.6
274.95 	3309486.6
275.7515 	3308945.7
276.55311 	3308329.6
277.35471 	3307717.9
278.95792 	3306738.5
279.75952 	3306400.3
280.56112 	3306239.4
281.36273 	3306195.8
282.16433 	3306090.8
282.96593 	3305943.1
283.76754 	3305803.8
284.56914 	3305681.3
285.37074 	3305575.3
286.17234 	3305482.3
286.97395 	3305388.2
288.57715 	3305233.9
289.37876 	3305166.9
290.18036 	3305108.2
290.98196 	3305067.5
291.78357 	3305056.3
292.58517 	3305071.8
293.38677 	3305088
294.18838 	3305082.2
294.98998 	3304980.7
295.79158 	3304757
296.59319 	3304528.6
297.39479 	3304345.6
298.19639 	3304196.7
298.998 	3304100.7
299.7996 	3303944.2
300.6012 	3303772.3
301.40281 	3303635.5
302.20441 	3303424.6
303.00601 	3303214.4
303.80762 	3303010.5
304.60922 	3302854
306.21242 	3302566.9
307.01403 	3302460.3
307.81563 	3302344.6
308.61723 	3302258
309.41884 	3302205.3
310.22044 	3302129.5
311.02204 	3302019.9
311.82365 	3301962.3
312.62525 	3301981.5
313.42685 	3301989.9
314.22846 	3301945.3
315.03006 	3301861.7
315.83166 	3301704.1
316.63327 	3301448.1
317.43487 	3300881.5
318.23647 	3300093
319.03808 	3298788.6
319.83968 	3295943.9
320.64128 	3289936.1
321.44289 	3277883.7
322.24449 	3256647.2
323.04609 	3227144.5
323.8477 	3194755.5
324.6493 	3162161.8
325.4509 	3129648
326.25251 	3097167.5
327.05411 	3064700.2
327.85571 	3032240.2
328.65731 	2999784.1
329.45892 	2967329.3
330.26052 	2934872.9
331.06212 	2902411.6
331.86373 	2869944
332.66533 	2837470.8
333.46693 	2804994.4
334.26854 	2772516.6
335.07014 	2740038.4
335.87174 	2707559.3
336.67335 	2675077.8
337.47495 	2642592.2
338.27655 	2610100.5
339.07816 	2577601.2
339.87976 	2545093.7
340.68136 	2512577.8
341.48297 	2480053.9
342.28457 	2447522.7
343.08617 	2414985
343.88778 	2382441.4
344.68938 	2349892.7
345.49098 	2317339.3
346.29259 	2284781.5
347.09419 	2252219.2
347.89579 	2219652.5
348.69739 	2187081.4
349.499 	2154506.2
350.3006 	2121927.1
351.1022 	2089344.1
351.90381 	2056757.4
352.70541 	2024166.5
353.50701 	1991571.3
354.30862 	1958971.7
355.11022 	1926367.9
355.91182 	1893760.3
356.71343 	1861149.7
357.51503 	1828537
358.31663 	1795922.8
359.11824 	1763307.8
359.91984 	1730692.7
360.72144 	1698077.6
361.52305 	1665462.9
362.32465 	1632848.9
363.12625 	1600235.7
363.92786 	1567623.6
364.72946 	1535012.7
365.53106 	1502403.1
366.33267 	1469794.6
367.13427 	1437187.2
367.93587 	1404580.6
368.73747 	1371974.7
369.53908 	1339368.8
370.34068 	1306762.6
371.14228 	1274155.3
371.94389 	1241546.2
372.74549 	1208934.5
373.54709 	1176319.2
374.3487 	1143699.8
375.1503 	1111075.7
375.9519 	1078446.7
376.75351 	1045813.2
377.55511 	1013175.7
379.15832 	947892.41
379.95992 	915248.94
381.56313 	849964.36
382.36473 	817325.44
383.16633 	784689.89
383.96794 	752058.22
384.76954 	719430.63
385.57114 	686807.09
386.37275 	654187.33
387.17435 	621570.99
387.97595 	588957.69
388.77756 	556347.11
389.57916 	523739.02
390.38076 	491133.26
391.18236 	458529.76
391.98397 	425928.47
392.78557 	393329.3
393.58717 	360732.14
394.38878 	328136.82
395.19038 	295543.1
395.99198 	262950.73
396.79359 	230359.43
397.59519 	197768.93
399.1984 	132589.44
400 	100793.77
