0 	9895133.6
6.4128257 	9752849.2
34.468938 	9064076.9
37.675351 	8985363.2
40.881764 	8906650.7
50.501002 	8670520.4
53.707415 	8591813
62.52505 	8375375.9
65.731463 	8296674.6
68.937876 	8217975
69.739479 	8198300.4
96.993988 	7529429.2
103.40681 	7372066.5
106.61323 	7293387.7
116.23246 	7057361.4
123.44689 	6880351.3
125.05 	6841019.3
125.8517 	6821349.8
128.25651 	6762349.2
131.46293 	6683683
151.50301 	6192054.7
153.90782 	6133063.4
156.31263 	6074072.8
159.51904 	5995420.1
166.73347 	5818457.1
169.13828 	5759471.1
175.5511 	5602179.2
176.35271 	5582518.1
187.57515 	5307272.8
190.78156 	5228634.5
200.4008 	4992728.4
201.2024 	4973070.2
202.00401 	4953412
202.80561 	4933753.9
203.60721 	4914095.9
204.40882 	4894438
205.21042 	4874780.2
206.01202 	4855122.4
206.81363 	4835464.8
207.61523 	4815807.2
208.41683 	4796149.7
209.21844 	4776492.3
210.02004 	4756835
210.82164 	4737177.8
211.62325 	4717520.6
212.42485 	4697863.6
213.22645 	4678206.6
214.02806 	4658549.7
214.82966 	4638892.9
215.63126 	4619236.2
216.43287 	4599579.5
217.23447 	4579923
218.03607 	4560266.5
219.63928 	4520953.8
220.44088 	4501297.6
221.24248 	4481641.5
222.04409 	4461985.4
222.84569 	4442329.5
223.64729 	4422673.6
224.4489 	4403017.8
225.2505 	4383362
226.0521 	4363706.4
227.65531 	4324395.3
228.45691 	4304739.9
229.25852 	4285084.6
230.86172 	4245774.2
231.66333 	4226119.1
232.46493 	4206464.1
234.06814 	4167154.3
234.86974 	4147499.6
235.67134 	4127844.9
236.47295 	4108190.3
237.27455 	4088535.7
238.07615 	4068881.3
238.87776 	4049226.9
239.67936 	4029572.6
240.48096 	4009918.4
241.28257 	3990264.2
242.08417 	3970610.1
242.88577 	3950956.1
243.68737 	3931302.2
244.48898 	3911648.4
245.29058 	3891994.6
246.09218 	3872340.9
246.89379 	3852687.3
247.69539 	3833033.7
248.49699 	3813380.3
249.2986 	3793726.9
250.1002 	3774073.5
250.9018 	3754420.3
251.70341 	3734767.1
252.50501 	3715114
253.30661 	3695461
254.10822 	3675808
254.90982 	3656155.2
255.71142 	3636502.3
256.51303 	3616849.6
257.31463 	3597196.9
258.11623 	3577544.4
258.91784 	3557891.8
259.71944 	3538239.4
260.52104 	3518587
261.32265 	3498934.7
262.12425 	3479282.5
262.92585 	3459630.3
263.72745 	3439978.2
264.52906 	3420326.2
265.33066 	3400674.2
266.13226 	3381022.3
266.93387 	3361370.5
267.73547 	3341718.8
268.53707 	3322067.1
269.33868 	3302415.5
270.14028 	3282764
270.94188 	3263112.5
271.74349 	3243461.1
272.54509 	3223809.8
273.34669 	3204158.5
274.1483 	3184507.3
274.9499 	3164856.2
274.95 	3164853.7
275.7515 	3145205.1
276.55311 	3125554.1
277.35471 	3105903.2
278.95792 	3066601.6
279.75952 	3046950.9
280.56112 	3027300.2
281.36273 	3007649.6
282.16433 	2987999.1
282.96593 	2968348.6
283.76754 	2948698.2
284.56914 	2929047.9
285.37074 	2909397.7
286.17234 	2889747.5
286.97395 	2870097.3
288.57715 	2830797.3
289.37876 	2811147.3
290.18036 	2791497.5
290.98196 	2771847.7
291.78357 	2752197.9
292.58517 	2732548.2
293.38677 	2712898.6
294.18838 	2693249.1
294.98998 	2673599.6
295.79158 	2653950.2
296.59319 	2634300.8
297.39479 	2614651.5
298.19639 	2595002.3
298.998 	2575353.1
299.7996 	2555704
300.6012 	2536054.9
301.40281 	2516405.9
302.20441 	2496757
303.00601 	2477108.2
303.80762 	2457459.4
304.60922 	2437810.6
306.21242 	2398513.3
307.01403 	2378864.8
307.81563 	2359216.3
308.61723 	2339567.8
309.41884 	2319919.5
310.22044 	2300271.2
311.02204 	2280622.9
311.82365 	2260974.7
312.62525 	2241326.6
313.42685 	2221678.5
314.22846 	2202030.5
315.03006 	2182382.5
315.83166 	2162734.6
316.63327 	2143086.8
317.43487 	2123439
318.23647 	2103791.3
319.03808 	2084143.6
319.83968 	2064496
320.64128 	2044848.5
321.44289 	2025201
322.24449 	2005553.6
323.04609 	1985906.2
323.8477 	1966258.9
324.6493 	1946611.6
325.4509 	1926964.4
326.25251 	1907317.3
327.05411 	1887670.2
327.85571 	1868023.2
328.65731 	1848376.2
329.45892 	1828729.3
330.26052 	1809082.4
331.06212 	1789435.6
331.86373 	1769788.9
332.66533 	1750142.2
333.46693 	1730495.6
334.26854 	1710849
335.07014 	1691202.5
335.87174 	1671556
336.67335 	1651909.6
337.47495 	1632263.2
338.27655 	1612616.9
339.07816 	1592970.7
339.87976 	1573324.5
340.68136 	1553678.3
341.48297 	1534032.2
342.28457 	1514386.2
343.08617 	1494740.2
343.88778 	1475094.3
344.68938 	1455448.4
345.49098 	1435802.6
346.29259 	1416156.8
347.09419 	1396511.1
347.89579 	1376865.4
348.69739 	1357219.8
349.499 	1337574.2
350.3006 	1317928.7
351.1022 	1298283.3
351.90381 	1278637.9
352.70541 	1258992.5
353.50701 	1239347.2
354.30862 	1219702
355.11022 	1200056.8
355.91182 	1180411.6
356.71343 	1160766.5
357.51503 	1141121.5
358.31663 	1121476.5
359.11824 	1101831.5
359.91984 	1082186.6
360.72144 	1062541.8
361.52305 	1042897
362.32465 	1023252.2
363.12625 	1003607.5
363.92786 	983962.85
364.72946 	964318.25
365.53106 	944673.69
366.33267 	925029.18
367.13427 	905384.72
367.93587 	885740.31
368.73747 	866095.94
369.53908 	846451.63
370.34068 	826807.36
371.14228 	807163.13
371.94389 	787518.96
372.74549 	767874.83
373.54709 	748230.75
374.3487 	728586.71
375.1503 	708942.72
375.9519 	689298.78
376.75351 	669654.88
377.55511 	650011.03
379.15832 	610723.46
379.95992 	591079.74
381.56313 	551792.44
382.36473 	532148.86
383.16633 	512505.32
383.96794 	492861.82
384.76954 	473218.37
385.57114 	453574.97
386.37275 	433931.6
387.17435 	414288.28
387.97595 	394645
388.77756 	375001.77
389.57916 	355358.57
390.38076 	335715.42
391.18236 	316072.32
391.98397 	296429.25
392.78557 	276786.23
393.58717 	257143.24
394.38878 	237500.3
395.19038 	217857.4
395.99198 	198214.54
396.79359 	178571.72
397.59519 	158928.94
399.1984 	119643.52
400 	100478.62
