0 	7649294.7
6.4128257 	7526259.9
34.468938 	6992317.7
37.675351 	6920542.1
40.881764 	6902407.4
50.501002 	6891080.4
53.707415 	6851365.4
62.52505 	6639319.1
65.731463 	6558399.5
68.937876 	6487181.6
69.739479 	6467233
96.993988 	6112959.3
103.40681 	5942928.1
106.61323 	5858401.1
116.23246 	5610580.4
123.44689 	5431412.7
125.05 	5391580.2
125.8517 	5371653.6
128.25651 	5320434.7
131.46293 	5253363.3
151.50301 	4875713.8
153.90782 	4830185.4
156.31263 	4768759.3
159.51904 	4685810.2
166.73347 	4501826.6
169.13828 	4441318
175.5511 	4284421.5
176.35271 	4260697.8
187.57515 	4164884.8
190.78156 	4164281
200.4008 	4165943.8
201.2024 	4165799
202.00401 	4165666.8
202.80561 	4165580.7
203.60721 	4165647.2
204.40882 	4166224.5
205.21042 	4167335.8
206.01202 	4168097.2
206.81363 	4168364
207.61523 	4168458.5
208.41683 	4168491.8
209.21844 	4168502.6
210.02004 	4168505.5
210.82164 	4168525
211.62325 	4168589.5
212.42485 	4168735.7
213.22645 	4168919.7
214.02806 	4169086.3
214.82966 	4169287.5
215.63126 	4169485.5
216.43287 	4169597.5
217.23447 	4169679.4
218.03607 	4169728.2
219.63928 	4169407.6
220.44088 	4169190.1
221.24248 	4168945.9
222.04409 	4168704.1
222.84569 	4168380.5
223.64729 	4168064.4
224.4489 	4167794.5
225.2505 	4167462.3
226.0521 	4167025.8
227.65531 	4166195.6
228.45691 	4165915.9
229.25852 	4165722.1
230.86172 	4165452.5
231.66333 	4165446
232.46493 	4165387.8
234.06814 	4165221.9
234.86974 	4165235.5
235.67134 	4165288.9
236.47295 	4165360.3
237.27455 	4165397.3
238.07615 	4165371.5
238.87776 	4165339.9
239.67936 	4165321.9
240.48096 	4165279.8
241.28257 	4165181.4
242.08417 	4165076
242.88577 	4164931
243.68737 	4164742.6
244.48898 	4164522.4
245.29058 	4164261.3
246.09218 	4163979.2
246.89379 	4163719.6
247.69539 	4163500.7
248.49699 	4163337.5
249.2986 	4163224.8
250.1002 	4163177.7
250.9018 	4163215.3
251.70341 	4163285.5
252.50501 	4163390.4
253.30661 	4163609.1
254.10822 	4163941.9
254.90982 	4164358.1
255.71142 	4164797.4
256.51303 	4165186.3
257.31463 	4165484.6
258.11623 	4165650.1
258.91784 	4165657
259.71944 	4165524.2
260.52104 	4165248.2
261.32265 	4164873.2
262.12425 	4164468
262.92585 	4164075.5
263.72745 	4163728.9
264.52906 	4163430.7
265.33066 	4163163.7
266.13226 	4162900.3
266.93387 	4162685.4
267.73547 	4162459.4
268.53707 	4162211.8
269.33868 	4161978.7
270.14028 	4161677
270.94188 	4161124.6
271.74349 	4160157.8
272.54509 	4158136.3
273.34669 	4153920
274.1483 	4145039.9
274.9499 	4128583.4
274.95 	4128580.9
275.7515 	4105265.1
276.55311 	4079391.6
277.35471 	4053290.1
278.95792 	4001246.1
279.75952 	3975247.6
280.56112 	3949254.6
281.36273 	3923266.4
282.16433 	3897283
282.96593 	3871304.5
283.76754 	3845330.5
284.56914 	3819360.9
285.37074 	3793395.6
286.17234 	3767434.6
286.97395 	3741477.6
288.57715 	3689574.1
289.37876 	3663626.7
290.18036 	3637682.2
290.98196 	3611740.9
291.78357 	3585803.4
292.58517 	3559870.4
293.38677 	3533942.1
294.18838 	3508019
294.98998 	3482101.1
295.79158 	3456188.6
296.59319 	3430281.2
297.39479 	3404378.7
298.19639 	3378480.4
298.998 	3352585.8
299.7996 	3326694.5
300.6012 	3300806.2
301.40281 	3274920.9
302.20441 	3249038.9
303.00601 	3223160.1
303.80762 	3197284.4
304.60922 	3171411.2
306.21242 	3119669.4
307.01403 	3093799.3
307.81563 	3067929
308.61723 	3042058.1
309.41884 	3016186.6
310.22044 	2990314.5
311.02204 	2964441.6
311.82365 	2938568.1
312.62525 	2912693.7
313.42685 	2886818.6
314.22846 	2860942.6
315.03006 	2835066
315.83166 	2809188.6
316.63327 	2783310.7
317.43487 	2757432.3
318.23647 	2731553.3
319.03808 	2705673.9
319.83968 	2679794
320.64128 	2653913.8
321.44289 	2628033.3
322.24449 	2602152.9
323.04609 	2576272.7
323.8477 	2550393
324.6493 	2524514.1
325.4509 	2498636.2
326.25251 	2472759.4
327.05411 	2446883.9
327.85571 	2421009.7
328.65731 	2395137
329.45892 	2369265.8
330.26052 	2343396.4
331.06212 	2317528.7
331.86373 	2291663.2
332.66533 	2265799.9
333.46693 	2239939
334.26854 	2214080.7
335.07014 	2188225
335.87174 	2162372.1
336.67335 	2136522
337.47495 	2110674.8
338.27655 	2084830.3
339.07816 	2058988.7
339.87976 	2033149.9
340.68136 	2007313.9
341.48297 	1981480.8
342.28457 	1955650.6
343.08617 	1929823.3
343.88778 	1903999
344.68938 	1878177.7
345.49098 	1852359.7
346.29259 	1826544.9
347.09419 	1800733.5
347.89579 	1774925.6
348.69739 	1749121.3
349.499 	1723320.7
350.3006 	1697523.8
351.1022 	1671730.6
351.90381 	1645941.2
352.70541 	1620155.5
353.50701 	1594373.4
354.30862 	1568594.7
355.11022 	1542819.2
355.91182 	1517046.6
356.71343 	1491276.6
357.51503 	1465508.9
358.31663 	1439743.1
359.11824 	1413979
359.91984 	1388216.3
360.72144 	1362454.7
361.52305 	1336693.9
362.32465 	1310933.7
363.12625 	1285173.9
363.92786 	1259414.5
364.72946 	1233655.1
365.53106 	1207895.9
366.33267 	1182136.5
367.13427 	1156377.1
367.93587 	1130617.5
368.73747 	1104857.8
369.53908 	1079097.9
370.34068 	1053337.9
371.14228 	1027577.7
371.94389 	1001817.3
372.74549 	976056.79
373.54709 	950296.12
374.3487 	924535.26
375.1503 	898774.18
375.9519 	873012.83
376.75351 	847251.17
377.55511 	821489.13
379.15832 	769963.69
379.95992 	744200.21
381.56313 	692671.62
382.36473 	666906.53
383.16633 	641140.97
383.96794 	615374.97
384.76954 	589608.6
385.57114 	563841.92
386.37275 	538074.98
387.17435 	512307.81
387.97595 	486540.44
388.77756 	460772.88
389.57916 	435005.12
390.38076 	409237.14
391.18236 	383468.92
391.98397 	357700.43
392.78557 	331931.63
393.58717 	306162.52
394.38878 	280393.09
395.19038 	254623.34
395.99198 	228853.29
396.79359 	203082.97
397.59519 	177312.42
399.1984 	125770.89
400 	100627.69
