0 	3836481.5
0.35183948 	3829248.4
0.70367896 	3821481.3
1.0555184 	3813690.7
1.4073579 	3806075.2
1.7591974 	3798532.8
2.1110369 	3790752.3
2.4628764 	3782954.8
2.8147158 	3775147.4
3.1665553 	3767359.3
3.5183948 	3759549.3
3.8702343 	3751831.4
4.2220737 	3744018.2
4.9257527 	3728429.7
5.6294317 	3712969.2
5.9812711 	3705160.3
6.3331106 	3697349.7
8.092308 	3660393.6
8.795987 	3644852.9
9.1478265 	3637087.1
10.203345 	3615780.5
10.907024 	3601099.1
11.258863 	3593290.3
11.610703 	3585481.5
11.962542 	3577672.7
12.666221 	3562055.1
13.018061 	3554246.3
13.3699 	3546437.5
13.72174 	3538628.7
14.777258 	3515202.5
15.480937 	3499585.1
15.832777 	3491776.4
16.536456 	3476159
17.591974 	3452733
18.647492 	3429307.1
19.351171 	3413689.8
19.703011 	3405881.2
20.05485 	3398072.5
20.40669 	3390263.9
20.758529 	3382455.2
21.462208 	3366838
22.165887 	3351220.6
22.869566 	3335603.3
23.573245 	3319986
23.925085 	3312177.3
24.276924 	3304368.6
24.628764 	3296559.9
25.332442 	3280942.5
25.684282 	3273133.7
26.387961 	3257516.2
26.7398 	3249707.5
27.09164 	3241898.7
27.443479 	3234089.9
27.795319 	3226281.1
28.147158 	3218472.3
28.850837 	3202854.8
29.202677 	3195046.1
29.554516 	3187237.4
29.906356 	3179429
30.258195 	3171619.8
30.610035 	3163798
30.961874 	3155935.9
31.665553 	3147503
32.017393 	3147378.1
32.369232 	3147340.8
32.721072 	3147306.5
33.072911 	3147272.3
33.424751 	3147238
33.77659 	3147203.7
34.128429 	3147169.5
34.480269 	3147135.3
34.832108 	3147101.3
35.183948 	3147067.4
35.535787 	3147033.8
35.887627 	3147000.5
36.239466 	3146967.5
36.591306 	3146934.6
37.294985 	3146870.5
37.646824 	3146843.2
37.998664 	3146785.8
38.702343 	3144563.4
39.406022 	3129841.8
39.757861 	3122012.9
41.165219 	3090688.7
41.517059 	3082857.6
41.868898 	3075026.4
42.220737 	3067195.2
42.924416 	3051532.7
43.276256 	3043701.5
43.628095 	3035870.3
43.979935 	3028039.1
44.683614 	3012376.7
45.035453 	3004545.6
45.387293 	2996714.5
46.090972 	2981052.3
46.442811 	2973221.3
47.14649 	2957559.4
47.49833 	2949728.5
48.202009 	2934066.8
48.553848 	2926236.1
49.257527 	2910574.6
49.609367 	2902744
49.961206 	2894913.4
50.313045 	2887082.9
50.664885 	2879252.3
51.016724 	2871421.9
51.720403 	2855761.1
52.072243 	2847930.7
52.424082 	2840100.4
52.775922 	2832270.1
53.127761 	2824439.8
54.18328 	2800949.3
54.535119 	2793119.1
54.886959 	2785289
55.238798 	2777458.9
55.590638 	2769628.9
55.942477 	2761798.8
56.997996 	2738308.8
57.349835 	2730478.9
57.701675 	2722648.9
58.053514 	2714819
58.405354 	2706989
58.757193 	2699159.1
59.109032 	2691329.2
59.460872 	2683499.3
60.164551 	2667839.6
60.51639 	2660009.7
60.86823 	2652179.8
61.220069 	2644350
61.571909 	2636520.2
61.923748 	2628690.3
62.275588 	2620860.5
62.627427 	2613030.7
62.979267 	2605200.8
63.331106 	2597371
63.682946 	2589541.2
64.034785 	2581711.4
64.386625 	2573881.6
64.738464 	2566051.8
65.442143 	2550392.3
65.793983 	2542562.5
66.497662 	2526902.9
67.55318 	2503413.6
68.256859 	2487754.1
68.608698 	2479924.3
69.312377 	2464264.8
70.016056 	2448605.3
70.367896 	2440775.6
70.719735 	2432945.8
71.071575 	2425116.1
71.423414 	2417286.4
72.830772 	2385967.5
73.182612 	2378137.7
73.534451 	2370308
73.886291 	2362478.3
74.941809 	2338989.2
75.293648 	2331159.5
75.645488 	2323329.8
75.997327 	2315500.1
77.052846 	2292011.1
77.404685 	2284181.4
77.756525 	2276351.8
78.460204 	2260692.5
78.812043 	2252862.8
79.163883 	2245033.2
80.219401 	2221544.3
81.27492 	2198055.5
81.626759 	2190226
81.978599 	2182396.4
82.330438 	2174566.8
82.682278 	2166737.2
83.034117 	2158907.7
83.385957 	2151078.1
83.737796 	2143248.6
84.089635 	2135419.1
84.441475 	2127589.6
85.496993 	2104101.1
86.552512 	2080612.7
86.904351 	2072783.2
89.015388 	2025806.9
89.367228 	2017977.5
90.070907 	2002318.9
90.422746 	1994489.6
90.774586 	1986660.3
91.126425 	1978831
91.478265 	1971001.7
91.830104 	1963172.5
92.533783 	1947514.1
93.237462 	1931855.7
93.589301 	1924026.5
93.941141 	1916197.4
94.29298 	1908368.3
96.052178 	1869222.9
96.404017 	1861393.9
96.755857 	1853564.9
97.459536 	1837907
97.811375 	1830078
98.163215 	1822249.1
98.515054 	1814420.2
99.922412 	1783104.7
100.27425 	1775275.9
100.62609 	1767447.1
101.32977 	1751789.5
102.03345 	1736132
102.38529 	1728303.3
103.79265 	1696988.5
104.14449 	1689159.8
104.49633 	1681331.2
105.2 	1665673.9
105.90368 	1650016.7
106.25552 	1642188.1
106.60736 	1634359.5
108.01472 	1603045.2
108.36656 	1595216.6
108.7184 	1587388.1
109.07024 	1579559.5
109.77392 	1563902.5
110.12576 	1556073.9
110.82944 	1540416.9
111.18128 	1532588.3
111.53311 	1524759.8
111.88495 	1516931.3
112.58863 	1501274.2
112.94047 	1493445.7
113.29231 	1485617.2
113.64415 	1477788.6
113.99599 	1469960.1
114.34783 	1462131.6
114.69967 	1454303
115.05151 	1446474.5
115.40335 	1438645.9
115.75519 	1430817.4
116.45887 	1415160.2
116.81071 	1407331.7
117.16255 	1399503.1
117.51439 	1391674.5
118.21806 	1376017.3
118.5699 	1368188.7
118.92174 	1360360.1
119.27358 	1352531.5
119.62542 	1344702.9
119.97726 	1336874.2
120.3291 	1329045.6
120.68094 	1321217
121.03278 	1313388.3
121.38462 	1305559.6
121.73646 	1297731
122.0883 	1289902.3
122.79198 	1274244.9
123.14382 	1266416.2
123.49566 	1258587.5
123.8475 	1250758.8
124.19934 	1242930.1
124.55118 	1235101.3
124.90302 	1227272.6
125.25485 	1219443.8
125.60669 	1211615.1
126.66221 	1188128.8
127.01405 	1180300
127.36589 	1172471.2
127.71773 	1164642.4
128.06957 	1156813.7
128.42141 	1148984.9
128.77325 	1141156
129.12509 	1133327.2
129.47693 	1125498.4
130.18061 	1109840.8
130.53245 	1102012
130.88429 	1094183.1
131.23613 	1086354.3
132.29164 	1062867.8
132.64348 	1055039
132.99532 	1047210.2
133.699 	1031552.5
134.05084 	1023723.7
134.40268 	1015894.8
134.75452 	1008066
135.4582 	992408.33
135.81004 	984579.5
136.16188 	976750.68
136.51372 	968921.86
136.86556 	961093.04
137.56924 	945435.42
137.92108 	937606.61
138.27292 	929777.81
138.97659 	914120.23
139.68027 	898462.67
140.03211 	890633.9
140.38395 	882805.13
140.73579 	874976.38
141.08763 	867147.63
141.43947 	859318.88
141.79131 	851490.15
142.14315 	843661.42
142.49499 	835832.7
142.84683 	828003.99
144.25419 	796689.24
145.3097 	773203.28
145.66154 	765374.64
146.01338 	757546.02
146.36522 	749717.4
146.71706 	741888.8
147.0689 	734060.2
147.42074 	726231.62
148.12442 	710574.48
148.8281 	694917.39
149.17994 	687088.86
149.88362 	671431.83
150.23546 	663603.33
150.5873 	655774.84
151.29098 	640117.9
151.99465 	624461
152.69833 	608804.14
153.05017 	600975.73
153.40201 	593147.32
153.75385 	585318.93
154.45753 	569662.18
154.80937 	561833.82
155.16121 	554005.47
155.51305 	546177.13
155.86489 	538348.8
156.21673 	530520.48
156.56857 	522692.17
157.62409 	499207.3
157.97593 	491379.03
158.32777 	483550.77
158.67961 	475722.52
159.03144 	467894.27
159.38328 	460066.04
159.73512 	452237.82
160.08696 	444409.6
160.4388 	436581.39
160.79064 	428753.2
161.14248 	420925.01
161.49432 	413096.83
161.84616 	405268.66
162.90168 	381784.19
163.25352 	373956.06
163.9572 	358299.81
164.30904 	350471.69
164.66088 	342643.59
165.01272 	334815.49
165.71639 	319159.32
166.06823 	311331.25
167.12375 	287847.08
167.47559 	280019.03
167.82743 	272191
168.17927 	264362.97
168.53111 	256534.95
169.23479 	240878.94
169.58663 	233050.94
169.93847 	225222.95
170.64215 	209567
170.99399 	201739.03
171.34583 	193911.07
171.69767 	186083.12
172.04951 	178255.18
172.40134 	170427.24
172.75318 	162599.31
173.10502 	154771.39
174.16054 	131287.68
174.51238 	123459.78
174.86422 	115631.87
