0 	3836472.1
0.35183948 	3828857.4
0.70367896 	3820853.8
1.0555184 	3812840
1.4073579 	3804868.3
1.7591974 	3796866.4
2.1110369 	3788864.9
2.4628764 	3780861.7
2.8147158 	3772858.3
3.1665553 	3764850.8
3.5183948 	3756940.7
3.8702343 	3748873.7
4.2220737 	3740875.7
4.9257527 	3724902.6
5.6294317 	3708923
5.9812711 	3700942.1
6.3331106 	3693143
8.092308 	3653209.8
8.795987 	3637206.4
9.1478265 	3629199.2
10.203345 	3605205.8
10.907024 	3589205.7
11.258863 	3581184
11.610703 	3573471.7
11.962542 	3565451.4
12.666221 	3549457.4
13.018061 	3541481.2
13.3699 	3533479.7
13.72174 	3525480
14.777258 	3501480.8
15.480937 	3485481.4
15.832777 	3477481.8
16.536456 	3461482.5
17.591974 	3437483.7
18.647492 	3413484.9
19.351171 	3397485.7
19.703011 	3389486.1
20.05485 	3381486.5
20.40669 	3373486.8
20.758529 	3365487.2
21.462208 	3349487.5
22.165887 	3334007.8
22.869566 	3320887.6
23.573245 	3304859.2
23.925085 	3296822.2
24.276924 	3290531.6
24.628764 	3283769.9
25.332442 	3267772.1
25.684282 	3259769.1
26.387961 	3243763.2
26.7398 	3235760.4
27.09164 	3227757.6
27.443479 	3219754.9
27.795319 	3211752.3
28.147158 	3203749.7
28.850837 	3187744.8
29.202677 	3179742.5
29.554516 	3171740.2
29.906356 	3163738.1
30.258195 	3155736
30.610035 	3147733.9
30.961874 	3139732
31.665553 	3123728.4
32.017393 	3115726.7
32.369232 	3107725.1
32.721072 	3099723.5
33.072911 	3091722.1
33.424751 	3083720.8
33.77659 	3075719.5
34.128429 	3067718.3
34.480269 	3059717.3
34.832108 	3051716.3
35.183948 	3043715.4
35.535787 	3035714.6
35.887627 	3027714
36.239466 	3019713.4
36.591306 	3011712.9
37.294985 	2995712.3
37.646824 	2987712.2
37.998664 	2979712.2
38.702343 	2963712.5
39.406022 	2947713.3
39.757861 	2939713.8
41.165219 	2907717.3
41.517059 	2899718.5
41.868898 	2891719.8
42.220737 	2883721.2
42.924416 	2867724.3
43.276256 	2859726.1
43.628095 	2851727.9
43.979935 	2843729.9
44.683614 	2827734.1
45.035453 	2819736.3
45.387293 	2811738.7
46.090972 	2795743.5
46.442811 	2787746.1
47.14649 	2771751.3
47.49833 	2763753.9
48.202009 	2747759.3
48.553848 	2739762
49.257527 	2723767.3
49.609367 	2715769.9
49.961206 	2707772.5
50.313045 	2699775
50.664885 	2691777.4
51.016724 	2683779.7
51.720403 	2667783.9
52.072243 	2659785.8
52.424082 	2651787.6
52.775922 	2643789.1
53.127761 	2635790.5
54.18328 	2611793.2
54.535119 	2603793.5
54.886959 	2595793.6
55.238798 	2587793.5
55.590638 	2579792.9
55.942477 	2571792.1
56.997996 	2547787.5
57.349835 	2539785.2
57.701675 	2531782.5
58.053514 	2523779.5
58.405354 	2515776
58.757193 	2507772.2
59.109032 	2499767.9
59.460872 	2491763.3
60.164551 	2475752.7
60.51639 	2467746.8
60.86823 	2459740.5
61.220069 	2451733.9
61.571909 	2443726.8
61.923748 	2435719.4
62.275588 	2427711.6
62.627427 	2419703.4
62.979267 	2411695
63.331106 	2403686.2
63.682946 	2395677.1
64.034785 	2387667.7
64.386625 	2379658.1
64.738464 	2371648.2
65.442143 	2355627.9
65.793983 	2347617.5
66.497662 	2331596.2
67.55318 	2307563.7
68.256859 	2291541.9
68.608698 	2283531
69.312377 	2267509.5
70.016056 	2251488.4
70.367896 	2243478.1
70.719735 	2235467.9
71.071575 	2227457.9
71.423414 	2219448.1
72.830772 	2187411.4
73.182612 	2179402.9
73.534451 	2171394.7
73.886291 	2163386.7
74.941809 	2139364.8
75.293648 	2131358.1
75.645488 	2123351.7
75.997327 	2115345.7
77.052846 	2091329.4
77.404685 	2083324.7
77.756525 	2075320.2
78.460204 	2059312.2
78.812043 	2051308.6
79.163883 	2043305.4
80.219401 	2019297.3
81.27492 	1995291.7
81.626759 	1987290.3
81.978599 	1979289.1
82.330438 	1971288.2
82.682278 	1963287.4
83.034117 	1955286.9
83.385957 	1947286.4
83.737796 	1939286
84.089635 	1931284.6
84.441475 	1923264.9
85.496993 	1903324.4
86.552512 	1902019.9
86.904351 	1902008.1
89.015388 	1901945.4
89.367228 	1901935.2
90.070907 	1901915.9
90.422746 	1901907
90.774586 	1901897.5
91.126425 	1901887.3
91.478265 	1901875.6
91.830104 	1901861.7
92.533783 	1901824.3
93.237462 	1901782.7
93.589301 	1901758.8
93.941141 	1901731.1
94.29298 	1901701.1
96.052178 	1901555.6
96.404017 	1901500.9
96.755857 	1901455.8
97.459536 	1896296.5
97.811375 	1888530.2
98.163215 	1880459.7
98.515054 	1872371.3
99.922412 	1840014.1
100.27425 	1831924.8
100.62609 	1823835.4
101.32977 	1807656.5
102.03345 	1791477.2
102.38529 	1783387.5
103.79265 	1751027.9
104.14449 	1742937.8
104.49633 	1734847.6
105.2 	1718666.9
105.90368 	1702485.8
106.25552 	1694395
106.60736 	1686304.2
108.01472 	1653939.7
108.36656 	1645848.2
108.7184 	1637756.6
109.07024 	1629664.9
109.77392 	1613481.1
110.12576 	1605389.1
110.82944 	1589204.5
111.18128 	1581112.1
111.53311 	1573019.5
111.88495 	1564926.8
112.58863 	1548741.1
112.94047 	1540648.1
113.29231 	1532554.9
113.64415 	1524461.7
113.99599 	1516368.3
114.34783 	1508274.8
114.69967 	1500181.2
115.05151 	1492087.5
115.40335 	1483993.7
115.75519 	1475899.8
116.45887 	1459711.6
116.81071 	1451617.3
117.16255 	1443522.9
117.51439 	1435428.4
118.21806 	1419239.1
118.5699 	1411144.3
118.92174 	1403049.3
119.27358 	1394954.2
119.62542 	1386859.1
119.97726 	1378763.8
120.3291 	1370668.4
120.68094 	1362572.8
121.03278 	1354477.2
121.38462 	1346381.5
121.73646 	1338285.6
122.0883 	1330189.6
122.79198 	1313997.4
123.14382 	1305901.1
123.49566 	1297804.7
123.8475 	1289708.3
124.19934 	1281611.7
124.55118 	1273515
124.90302 	1265418.2
125.25485 	1257321.4
125.60669 	1249224.4
126.66221 	1224933.1
127.01405 	1216835.8
127.36589 	1208738.4
127.71773 	1200641
128.06957 	1192543.5
128.42141 	1184446
128.77325 	1176348.3
129.12509 	1168250.7
129.47693 	1160152.9
130.18061 	1143957.3
130.53245 	1135859.4
130.88429 	1127761.4
131.23613 	1119663.5
132.29164 	1095369.3
132.64348 	1087271.1
132.99532 	1079173
133.699 	1062976.6
134.05084 	1054878.3
134.40268 	1046780.1
134.75452 	1038681.8
135.4582 	1022485.3
135.81004 	1014387.1
136.16188 	1006288.8
136.51372 	998190.54
136.86556 	990092.3
137.56924 	973895.88
137.92108 	965797.71
138.27292 	957699.58
138.97659 	941503.43
139.68027 	925307.49
140.03211 	917209.61
140.38395 	909111.8
140.73579 	901014.07
141.08763 	892916.41
141.43947 	884818.85
141.79131 	876721.37
142.14315 	868624
142.49499 	860526.74
142.84683 	852429.58
144.25419 	820042.2
145.3097 	795753.12
145.66154 	787657.06
146.01338 	779561.16
146.36522 	771465.43
146.71706 	763369.86
147.0689 	755274.46
147.42074 	747179.24
148.12442 	730989.32
148.8281 	714800.13
149.17994 	706705.81
149.88362 	690517.73
150.23546 	682423.97
150.5873 	674330.4
151.29098 	658143.81
151.99465 	641957.97
152.69833 	625772.86
153.05017 	617680.58
153.40201 	609588.48
153.75385 	601496.55
154.45753 	585313.22
154.80937 	577221.8
155.16121 	569130.55
155.51305 	561039.46
155.86489 	552948.53
156.21673 	544857.75
156.56857 	536767.13
157.62409 	512496.12
157.97593 	504406.06
158.32777 	496316.14
158.67961 	488226.34
159.03144 	480136.66
159.38328 	472047.11
159.73512 	463957.67
160.08696 	455868.34
160.4388 	447779.12
160.79064 	439690
161.14248 	431600.99
161.49432 	423512.07
161.84616 	415423.24
162.90168 	391157.27
163.25352 	383068.78
163.9572 	366892
164.30904 	358803.72
164.66088 	350715.5
165.01272 	342627.35
165.71639 	326451.21
166.06823 	318363.22
167.12375 	294099.55
167.47559 	286011.75
167.82743 	277923.99
168.17927 	269836.26
168.53111 	261748.58
169.23479 	245573.31
169.58663 	237485.72
169.93847 	229398.16
170.64215 	213223.12
170.99399 	205135.64
171.34583 	197048.19
171.69767 	188960.75
172.04951 	180873.33
172.40134 	172785.93
172.75318 	164698.55
173.10502 	156611.19
174.16054 	132349.18
174.51238 	124261.87
174.86422 	116174.57
