0 	8543937.7
6.4128257 	8485397.3
34.468938 	7839906.6
37.675351 	7759572
40.881764 	7715423.8
50.501002 	7526868.4
53.707415 	7511095.5
62.52505 	7385586.9
65.731463 	7326939.8
68.937876 	7250097.3
69.739479 	7230324
96.993988 	6611830.8
103.40681 	6460677.5
106.61323 	6386475.6
116.23246 	6152021.1
123.44689 	5990134.3
125.05 	5970458
125.8517 	5955762.4
128.25651 	5903631.3
131.46293 	5837117.9
151.50301 	5825059.8
153.90782 	5825300.1
156.31263 	5825133
159.51904 	5824160.7
166.73347 	5822149.2
169.13828 	5821367.5
175.5511 	5820045.2
176.35271 	5819664.5
187.57515 	5794061.4
190.78156 	5711353
200.4008 	5454863.5
201.2024 	5433418.5
202.00401 	5411957.3
202.80561 	5390481.9
203.60721 	5368994.2
204.40882 	5347495.7
205.21042 	5325987.4
206.01202 	5304470.2
206.81363 	5282944.8
207.61523 	5261412.4
208.41683 	5239874
209.21844 	5218330.9
210.02004 	5196784
210.82164 	5175234
211.62325 	5153681.3
212.42485 	5132125.8
213.22645 	5110567.5
214.02806 	5089006.4
214.82966 	5067442.7
215.63126 	5045877
216.43287 	5024310.2
217.23447 	5002743.4
218.03607 	4981177.6
219.63928 	4938053.2
220.44088 	4916496
221.24248 	4894942.6
222.04409 	4873393.2
222.84569 	4851847.5
223.64729 	4830305.1
224.4489 	4808765.5
225.2505 	4787228.2
226.0521 	4765692.7
227.65531 	4722625.3
228.45691 	4701093
229.25852 	4679561.7
230.86172 	4636501.8
231.66333 	4614973.7
232.46493 	4593446.9
234.06814 	4550398.3
234.86974 	4528876.9
235.67134 	4507357.7
236.47295 	4485841
237.27455 	4464326.8
238.07615 	4442815.4
238.87776 	4421306.7
239.67936 	4399800.7
240.48096 	4378297.4
241.28257 	4356796.4
242.08417 	4335297.5
242.88577 	4313800.4
243.68737 	4292304.8
244.48898 	4270810.5
245.29058 	4249317.1
246.09218 	4227824.6
246.89379 	4206332.8
247.69539 	4184841.5
248.49699 	4163350.9
249.2986 	4141860.6
250.1002 	4120370.7
250.9018 	4098881
251.70341 	4077391.3
252.50501 	4055901.3
253.30661 	4034410.8
254.10822 	4012919.4
254.90982 	3991426.8
255.71142 	3969932.6
256.51303 	3948436.4
257.31463 	3926937.9
258.11623 	3905436.7
258.91784 	3883932.6
259.71944 	3862425.3
260.52104 	3840914.5
261.32265 	3819400.3
262.12425 	3797882.6
262.92585 	3776361.4
263.72745 	3754836.8
264.52906 	3733309
265.33066 	3711778.1
266.13226 	3690244.5
266.93387 	3668708.2
267.73547 	3647169.4
268.53707 	3625628.4
269.33868 	3604085.3
270.14028 	3582540.6
270.94188 	3560994.4
271.74349 	3539447.2
272.54509 	3517899.1
273.34669 	3496350.6
274.1483 	3474802
274.9499 	3453253.6
274.95 	3453250.9
275.7515 	3431705.5
276.55311 	3410158.1
277.35471 	3388611.4
278.95792 	3345520.8
279.75952 	3323977.2
280.56112 	3302434.6
281.36273 	3280893.2
282.16433 	3259353
282.96593 	3237813.9
283.76754 	3216275.9
284.56914 	3194739.1
285.37074 	3173203.4
286.17234 	3151668.9
286.97395 	3130135.5
288.57715 	3087072.5
289.37876 	3065542.9
290.18036 	3044014.7
290.98196 	3022487.9
291.78357 	3000962.6
292.58517 	2979438.8
293.38677 	2957916.5
294.18838 	2936395.9
294.98998 	2914876.8
295.79158 	2893359.4
296.59319 	2871843.5
297.39479 	2850329.4
298.19639 	2828816.9
298.998 	2807306.1
299.7996 	2785797
300.6012 	2764289.7
301.40281 	2742784.1
302.20441 	2721280.1
303.00601 	2699777.9
303.80762 	2678277.3
304.60922 	2656778.3
306.21242 	2613784.7
307.01403 	2592289.8
307.81563 	2570796
308.61723 	2549303.1
309.41884 	2527811
310.22044 	2506319.5
311.02204 	2484828.4
311.82365 	2463337.5
312.62525 	2441846.7
313.42685 	2420355.7
314.22846 	2398864.4
315.03006 	2377372.6
315.83166 	2355880.3
316.63327 	2334387.2
317.43487 	2312893.2
318.23647 	2291398.3
319.03808 	2269902.4
319.83968 	2248405.4
320.64128 	2226907.2
321.44289 	2205407.9
322.24449 	2183907.5
323.04609 	2162405.8
323.8477 	2140903
324.6493 	2119398.9
325.4509 	2097893.7
326.25251 	2076387.4
327.05411 	2054879.9
327.85571 	2033371.4
328.65731 	2011861.9
329.45892 	1990351.4
330.26052 	1968840.2
331.06212 	1947328.2
331.86373 	1925815.7
332.66533 	1904302.9
333.46693 	1882789.8
334.26854 	1861276.8
335.07014 	1839763.9
335.87174 	1818251.4
336.67335 	1796739.5
337.47495 	1775228.3
338.27655 	1753718.1
339.07816 	1732208.9
339.87976 	1710701
340.68136 	1689194.4
341.48297 	1667689.2
342.28457 	1646185.7
343.08617 	1624683.8
343.88778 	1603183.6
344.68938 	1581685.4
345.49098 	1560189.2
346.29259 	1538695.2
347.09419 	1517203.5
347.89579 	1495714.2
348.69739 	1474227.5
349.499 	1452743.5
350.3006 	1431262.4
351.1022 	1409784.2
351.90381 	1388309.1
352.70541 	1366837
353.50701 	1345368.1
354.30862 	1323902.2
355.11022 	1302439.3
355.91182 	1280979.3
356.71343 	1259522
357.51503 	1238067.3
358.31663 	1216615
359.11824 	1195164.9
359.91984 	1173716.6
360.72144 	1152270
361.52305 	1130824.7
362.32465 	1109380.5
363.12625 	1087937
363.92786 	1066494
364.72946 	1045051.2
365.53106 	1023608.4
366.33267 	1002165.2
367.13427 	980721.43
367.93587 	959276.83
368.73747 	937831.17
369.53908 	916384.27
370.34068 	894935.93
371.14228 	873485.99
371.94389 	852034.31
372.74549 	830580.76
373.54709 	809125.21
374.3487 	787667.58
375.1503 	766207.78
375.9519 	744745.73
376.75351 	723281.37
377.55511 	701814.67
379.15832 	658874.09
379.95992 	637400.19
381.56313 	594445.19
382.36473 	572964.17
383.16633 	551480.85
383.96794 	529995.32
384.76954 	508507.65
385.57114 	487017.96
386.37275 	465526.34
387.17435 	444032.92
387.97595 	422537.83
388.77756 	401041.21
389.57916 	379543.2
390.38076 	358043.93
391.18236 	336543.56
391.98397 	315042.2
392.78557 	293540
393.58717 	272037.08
394.38878 	250533.56
395.19038 	229029.55
395.99198 	207525.14
396.79359 	186020.42
397.59519 	164515.48
399.1984 	121505.21
400 	100523.79
