0 	7927015.8
6.4128257 	7841107.8
34.468938 	7378693.7
37.675351 	7299190.5
40.881764 	7224390.7
50.501002 	7000406.7
53.707415 	6923518.9
62.52505 	6713200.3
65.731463 	6697901.3
68.937876 	6696395.1
69.739479 	6695851
96.993988 	6112754.9
103.40681 	5952960.4
106.61323 	5875396.3
116.23246 	5667263.8
123.44689 	5523110.5
125.05 	5507528
125.8517 	5504641.6
128.25651 	5488094.2
131.46293 	5417508.4
151.50301 	4869775
153.90782 	4818530.5
156.31263 	4773924.8
159.51904 	4716473.1
166.73347 	4555177
169.13828 	4534315.2
175.5511 	4532941.4
176.35271 	4532803.5
187.57515 	4532352.3
190.78156 	4530962.1
200.4008 	4529341.4
201.2024 	4529148.1
202.00401 	4528967.2
202.80561 	4528882.8
203.60721 	4528923.3
204.40882 	4528828.9
205.21042 	4528574.9
206.01202 	4528439.7
206.81363 	4528452.9
207.61523 	4528420
208.41683 	4528350.9
209.21844 	4528260.9
210.02004 	4528210.2
210.82164 	4528175.3
211.62325 	4528145.5
212.42485 	4528125.8
213.22645 	4528091.4
214.02806 	4528068.1
214.82966 	4528062.4
215.63126 	4528052.9
216.43287 	4528038.3
217.23447 	4527976.8
218.03607 	4527856.9
219.63928 	4527618
220.44088 	4527465.9
221.24248 	4527318
222.04409 	4527213.6
222.84569 	4526991.8
223.64729 	4526800.2
224.4489 	4526729.6
225.2505 	4526585.6
226.0521 	4526464.3
227.65531 	4526090.2
228.45691 	4525962.6
229.25852 	4525707.9
230.86172 	4525276.8
231.66333 	4525164.1
232.46493 	4525058.3
234.06814 	4524682.7
234.86974 	4524471.2
235.67134 	4524320.2
236.47295 	4524190.7
237.27455 	4524148.7
238.07615 	4524190.8
238.87776 	4524276.9
239.67936 	4524404.5
240.48096 	4524576
241.28257 	4524583.7
242.08417 	4524388.7
242.88577 	4524172.3
243.68737 	4523963.7
244.48898 	4523730.3
245.29058 	4523454.6
246.09218 	4523196
246.89379 	4522944
247.69539 	4522634.3
248.49699 	4522363.3
249.2986 	4522100.6
250.1002 	4521830.8
250.9018 	4521545.5
251.70341 	4521238.3
252.50501 	4520839.8
253.30661 	4520265.8
254.10822 	4519275.4
254.90982 	4517357
255.71142 	4513322.8
256.51303 	4504935.1
257.31463 	4489241.2
258.11623 	4466974.8
258.91784 	4442364.8
259.71944 	4417560.1
260.52104 	4392807
261.32265 	4368070
262.12425 	4343337.9
262.92585 	4318614.4
263.72745 	4293902.8
264.52906 	4269203.2
265.33066 	4244513.5
266.13226 	4219830
266.93387 	4195149.2
267.73547 	4170469.1
268.53707 	4145789
269.33868 	4121109
270.14028 	4096429.1
270.94188 	4071749.7
271.74349 	4047071.1
272.54509 	4022393.4
273.34669 	3997716.6
274.1483 	3973040.8
274.9499 	3948365.8
274.95 	3948362.7
275.7515 	3923691.1
276.55311 	3899016.5
277.35471 	3874341.6
278.95792 	3824989.7
279.75952 	3800312.8
280.56112 	3775635.7
281.36273 	3750958.7
282.16433 	3726282.2
282.96593 	3701606.4
283.76754 	3676931.6
284.56914 	3652257.7
285.37074 	3627585
286.17234 	3602913.5
286.97395 	3578243.4
288.57715 	3528907.9
289.37876 	3504242.3
290.18036 	3479577.7
290.98196 	3454913.7
291.78357 	3430249.9
292.58517 	3405585.7
293.38677 	3380920.9
294.18838 	3356255.1
294.98998 	3331588.3
295.79158 	3306920.5
296.59319 	3282251.6
297.39479 	3257582
298.19639 	3232911.7
298.998 	3208241.1
299.7996 	3183570.5
300.6012 	3158900
301.40281 	3134229.7
302.20441 	3109559.8
303.00601 	3084890.1
303.80762 	3060220.6
304.60922 	3035551.3
306.21242 	2986212.5
307.01403 	2961543
307.81563 	2936873.7
308.61723 	2912204.6
309.41884 	2887536.1
310.22044 	2862868.2
311.02204 	2838201.4
311.82365 	2813535.7
312.62525 	2788871.1
313.42685 	2764207.8
314.22846 	2739545.5
315.03006 	2714884.2
315.83166 	2690223.8
316.63327 	2665564.2
317.43487 	2640905.3
318.23647 	2616247.2
319.03808 	2591590
319.83968 	2566933.9
320.64128 	2542279.2
321.44289 	2517626.1
322.24449 	2492974.8
323.04609 	2468325.6
323.8477 	2443678.5
324.6493 	2419033.6
325.4509 	2394390.8
326.25251 	2369750.1
327.05411 	2345111.3
327.85571 	2320474.2
328.65731 	2295838.5
329.45892 	2271204
330.26052 	2246570.5
331.06212 	2221937.7
331.86373 	2197305.6
332.66533 	2172674
333.46693 	2148042.8
334.26854 	2123411.9
335.07014 	2098781.2
335.87174 	2074150.7
336.67335 	2049520.4
337.47495 	2024890.1
338.27655 	2000260
339.07816 	1975630
339.87976 	1951000.1
340.68136 	1926370.2
341.48297 	1901740.4
342.28457 	1877110.5
343.08617 	1852480.6
343.88778 	1827850.5
344.68938 	1803220.3
345.49098 	1778589.9
346.29259 	1753959.2
347.09419 	1729328.1
347.89579 	1704696.6
348.69739 	1680064.5
349.499 	1655431.8
350.3006 	1630798.3
351.1022 	1606163.9
351.90381 	1581528.6
352.70541 	1556892.1
353.50701 	1532254.4
354.30862 	1507615.3
355.11022 	1482974.7
355.91182 	1458332.6
356.71343 	1433689
357.51503 	1409043.7
358.31663 	1384396.8
359.11824 	1359748.1
359.91984 	1335097.8
360.72144 	1310445.8
361.52305 	1285792
362.32465 	1261136.5
363.12625 	1236479
363.92786 	1211819.7
364.72946 	1187158.4
365.53106 	1162495
366.33267 	1137829.4
367.13427 	1113161.7
367.93587 	1088491.7
368.73747 	1063819.5
369.53908 	1039144.8
370.34068 	1014467.8
371.14228 	989788.4
371.94389 	965106.58
372.74549 	940422.32
373.54709 	915735.64
374.3487 	891046.54
375.1503 	866355.02
375.9519 	841661.12
376.75351 	816964.86
377.55511 	792266.29
379.15832 	742862.42
379.95992 	718157.24
381.56313 	668740.76
382.36473 	644029.58
383.16633 	619316.53
383.96794 	594601.65
384.76954 	569884.99
385.57114 	545166.59
386.37275 	520446.48
387.17435 	495724.69
387.97595 	471001.26
388.77756 	446276.23
389.57916 	421549.63
390.38076 	396821.51
391.18236 	372091.95
391.98397 	347361.02
392.78557 	322628.79
393.58717 	297895.38
394.38878 	273160.88
395.19038 	248425.43
395.99198 	223689.13
396.79359 	198952.14
397.59519 	174214.58
399.1984 	124738.37
400 	100602.54
