0 	3836483.9
0.35183948 	3829081.3
0.70367896 	3821296.4
1.0555184 	3813511.4
1.4073579 	3805726.9
1.7591974 	3797971
2.1110369 	3790354.1
2.4628764 	3782668.1
2.8147158 	3774920.9
3.1665553 	3767141.3
3.5183948 	3759345
3.8702343 	3751716.7
4.2220737 	3743927.7
4.9257527 	3728582.9
5.6294317 	3712967.8
5.9812711 	3706616.9
6.3331106 	3699201
8.092308 	3663667.8
8.795987 	3648594.5
9.1478265 	3640808.6
10.203345 	3617450.2
10.907024 	3601878
11.258863 	3594092
11.610703 	3586305.9
11.962542 	3578519.9
12.666221 	3562947.9
13.018061 	3555161.9
13.3699 	3547375.9
13.72174 	3539590
14.777258 	3516232.3
15.480937 	3500660.5
15.832777 	3492874.6
16.536456 	3477302.9
17.591974 	3453945.2
18.647492 	3430880.7
19.351171 	3426972.2
19.703011 	3426924.3
20.05485 	3426887.6
20.40669 	3426851.1
20.758529 	3426814.7
21.462208 	3426741.8
22.165887 	3426668.7
22.869566 	3426595.4
23.573245 	3426521.2
23.925085 	3426484.7
24.276924 	3426455.8
24.628764 	3426410.2
25.332442 	3426176.7
25.684282 	3422493.3
26.387961 	3407301.2
26.7398 	3399500.8
27.09164 	3391699.4
27.443479 	3383898
27.795319 	3376096.5
28.147158 	3368295.1
28.850837 	3352692.1
29.202677 	3344890.6
29.554516 	3337089.1
29.906356 	3329287.5
30.258195 	3321485.9
30.610035 	3313684.3
30.961874 	3305882.7
31.665553 	3290279.4
32.017393 	3282477.8
32.369232 	3274676.1
32.721072 	3266874.4
33.072911 	3259072.7
33.424751 	3251271
33.77659 	3243469.3
34.128429 	3235667.5
34.480269 	3227865.8
34.832108 	3220064
35.183948 	3212262.2
35.535787 	3204460.4
35.887627 	3196658.6
36.239466 	3188856.8
36.591306 	3181054.9
37.294985 	3165451.1
37.646824 	3157649.1
37.998664 	3149847.1
38.702343 	3134243.1
39.406022 	3118638.9
39.757861 	3110836.8
41.165219 	3079628
41.517059 	3071825.7
41.868898 	3064023.4
42.220737 	3056221
42.924416 	3040616.3
43.276256 	3032813.9
43.628095 	3025011.5
43.979935 	3017209
44.683614 	3001604
45.035453 	2993801.5
45.387293 	2985999
46.090972 	2970393.9
46.442811 	2962591.4
47.14649 	2946986.2
47.49833 	2939183.7
48.202009 	2923578.5
48.553848 	2915775.9
49.257527 	2900170.8
49.609367 	2892368.2
49.961206 	2884565.7
50.313045 	2876763.1
50.664885 	2868960.6
51.016724 	2861158.1
51.720403 	2845553.1
52.072243 	2837750.6
52.424082 	2829948.1
52.775922 	2822145.7
53.127761 	2814343.3
54.18328 	2790936.2
54.535119 	2783133.9
54.886959 	2775331.6
55.238798 	2767529.3
55.590638 	2759727.1
55.942477 	2751924.9
56.997996 	2728518.5
57.349835 	2720716.4
57.701675 	2712914.4
58.053514 	2705112.4
58.405354 	2697310.4
58.757193 	2689508.5
59.109032 	2681706.6
59.460872 	2673904.8
60.164551 	2658301.2
60.51639 	2650499.4
60.86823 	2642697.7
61.220069 	2634896
61.571909 	2627094.4
61.923748 	2619292.8
62.275588 	2611491.2
62.627427 	2603689.7
62.979267 	2595888.2
63.331106 	2588086.7
63.682946 	2580285.3
64.034785 	2572483.9
64.386625 	2564682.5
64.738464 	2556881.2
65.442143 	2541278.6
65.793983 	2533477.4
66.497662 	2517875
67.55318 	2494471.6
68.256859 	2478869.6
68.608698 	2471068.5
69.312377 	2455466.6
70.016056 	2439864.7
70.367896 	2432063.9
70.719735 	2424263
71.071575 	2416462.1
71.423414 	2408661.3
72.830772 	2377458.2
73.182612 	2369657.5
73.534451 	2361856.8
73.886291 	2354056.1
74.941809 	2330654.1
75.293648 	2322853.4
75.645488 	2315052.8
75.997327 	2307252.2
77.052846 	2283850.4
77.404685 	2276049.9
77.756525 	2268249.3
78.460204 	2252648.3
78.812043 	2244847.7
79.163883 	2237047.2
80.219401 	2213645.8
81.27492 	2190244.4
81.626759 	2182443.9
81.978599 	2174643.5
82.330438 	2166843
82.682278 	2159042.6
83.034117 	2151242.2
83.385957 	2143441.8
83.737796 	2135641.4
84.089635 	2127841
84.441475 	2120040.6
85.496993 	2096639.4
86.552512 	2073238.3
86.904351 	2065438
89.015388 	2018636
89.367228 	2010835.7
90.070907 	1995235.1
90.422746 	1987434.8
90.774586 	1979634.5
91.126425 	1971834.2
91.478265 	1964033.9
91.830104 	1956233.7
92.533783 	1940633.1
93.237462 	1925032.6
93.589301 	1917232.4
93.941141 	1909432.2
94.29298 	1901631.9
96.052178 	1862630.9
96.404017 	1854830.7
96.755857 	1847030.5
97.459536 	1831430.2
97.811375 	1823630
98.163215 	1815829.9
98.515054 	1808029.7
99.922412 	1776829.3
100.27425 	1769029.2
100.62609 	1761229.1
101.32977 	1745628.9
102.03345 	1730028.8
102.38529 	1722228.7
103.79265 	1691028.6
104.14449 	1683228.6
104.49633 	1675428.6
105.2 	1659828.7
105.90368 	1644228.7
106.25552 	1636428.8
106.60736 	1628628.9
108.01472 	1597429.2
108.36656 	1589629.3
108.7184 	1581829.5
109.07024 	1574029.6
109.77392 	1558429.9
110.12576 	1550630.1
110.82944 	1535030.4
111.18128 	1527230.6
111.53311 	1519430.8
111.88495 	1511631
112.58863 	1496031.5
112.94047 	1488231.7
113.29231 	1480432
113.64415 	1472632.3
113.99599 	1464832.5
114.34783 	1457032.8
114.69967 	1449233.1
115.05151 	1441433.4
115.40335 	1433633.7
115.75519 	1425834
116.45887 	1410234.7
116.81071 	1402435.1
117.16255 	1394635.4
117.51439 	1386835.8
118.21806 	1371236.5
118.5699 	1363436.9
118.92174 	1355637.3
119.27358 	1347837.7
119.62542 	1340038.1
119.97726 	1332238.6
120.3291 	1324439
120.68094 	1316639.4
121.03278 	1308839.9
121.38462 	1301040.3
121.73646 	1293240.8
122.0883 	1285441.2
122.79198 	1269842.2
123.14382 	1262042.7
123.49566 	1254243.2
123.8475 	1246443.7
124.19934 	1238644.2
124.55118 	1230844.7
124.90302 	1223045.2
125.25485 	1215245.7
125.60669 	1207446.2
126.66221 	1184047.9
127.01405 	1176248.4
127.36589 	1168449
127.71773 	1160649.5
128.06957 	1152850.1
128.42141 	1145050.6
128.77325 	1137251.2
129.12509 	1129451.8
129.47693 	1121652.3
130.18061 	1106053.5
130.53245 	1098254.1
130.88429 	1090454.7
131.23613 	1082655.3
132.29164 	1059257
132.64348 	1051457.6
132.99532 	1043658.3
133.699 	1028059.5
134.05084 	1020260.1
134.40268 	1012460.7
134.75452 	1004661.3
135.4582 	989062.55
135.81004 	981263.17
136.16188 	973463.8
136.51372 	965664.42
136.86556 	957865.05
137.56924 	942266.32
137.92108 	934466.95
138.27292 	926667.59
138.97659 	911068.86
139.68027 	895470.15
140.03211 	887670.8
140.38395 	879871.44
140.73579 	872072.09
141.08763 	864272.75
141.43947 	856473.4
141.79131 	848674.06
142.14315 	840874.71
142.49499 	833075.37
142.84683 	825276.04
144.25419 	794078.72
145.3097 	770680.75
145.66154 	762881.44
146.01338 	755082.13
146.36522 	747282.82
146.71706 	739483.51
147.0689 	731684.21
147.42074 	723884.92
148.12442 	708286.33
148.8281 	692687.76
149.17994 	684888.49
149.88362 	669289.94
150.23546 	661490.68
150.5873 	653691.42
151.29098 	638092.92
151.99465 	622494.44
152.69833 	606895.97
153.05017 	599096.75
153.40201 	591297.54
153.75385 	583498.33
154.45753 	567899.93
154.80937 	560100.73
155.16121 	552301.55
155.51305 	544502.37
155.86489 	536703.2
156.21673 	528904.03
156.56857 	521104.88
157.62409 	497707.45
157.97593 	489908.32
158.32777 	482109.2
158.67961 	474310.08
159.03144 	466510.98
159.38328 	458711.88
159.73512 	450912.79
160.08696 	443113.7
160.4388 	435314.63
160.79064 	427515.56
161.14248 	419716.5
161.49432 	411917.45
161.84616 	404118.41
162.90168 	380721.33
163.25352 	372922.33
163.9572 	357324.33
164.30904 	349525.35
164.66088 	341726.38
165.01272 	333927.41
165.71639 	318329.5
166.06823 	310530.56
167.12375 	287133.8
167.47559 	279334.89
167.82743 	271535.99
168.17927 	263737.11
168.53111 	255938.23
169.23479 	240340.49
169.58663 	232541.64
169.93847 	224742.8
170.64215 	209145.13
170.99399 	201346.31
171.34583 	193547.5
171.69767 	185748.7
172.04951 	177949.9
172.40134 	170151.12
172.75318 	162352.34
173.10502 	154553.57
174.16054 	131157.31
174.51238 	123358.56
174.86422 	115559.79
