0 	3836476.2
0.35183948 	3828921.5
0.70367896 	3820970.9
1.0555184 	3813049.2
1.4073579 	3805083.8
1.7591974 	3797138.9
2.1110369 	3789212.8
2.4628764 	3781268.6
2.8147158 	3773310.9
3.1665553 	3765441.3
3.5183948 	3757488.9
3.8702343 	3749541.3
4.2220737 	3741592.4
4.9257527 	3725845.4
5.6294317 	3710017.6
5.9812711 	3702074
6.3331106 	3694131.2
8.092308 	3654418.1
8.795987 	3638532.4
9.1478265 	3630597.3
10.203345 	3606979.3
10.907024 	3591100.9
11.258863 	3583198.3
11.610703 	3575257.5
11.962542 	3567328
12.666221 	3551467.3
13.018061 	3543534.1
13.3699 	3535601.1
13.72174 	3527668.2
14.777258 	3503869.9
15.480937 	3488004.4
15.832777 	3480071.7
16.536456 	3464206.4
17.591974 	3440393.4
18.647492 	3419884.2
19.351171 	3403998.9
19.703011 	3396042.5
20.05485 	3388224.1
20.40669 	3382771
20.758529 	3375006.5
21.462208 	3359130.4
22.165887 	3343255
22.869566 	3327379.8
23.573245 	3311504.9
23.925085 	3303567.5
24.276924 	3295630.2
24.628764 	3287693
25.332442 	3271818.7
25.684282 	3263881.6
26.387961 	3248007.4
26.7398 	3240070.3
27.09164 	3232133.2
27.443479 	3224195.9
27.795319 	3216258.6
28.147158 	3208321.2
28.850837 	3192445.9
29.202677 	3184508.1
29.554516 	3176570
29.906356 	3168631.7
30.258195 	3160693.1
30.610035 	3152754.3
30.961874 	3144815.3
31.665553 	3128936.5
32.017393 	3120996.7
32.369232 	3113056.6
32.721072 	3105116.2
33.072911 	3097175.6
33.424751 	3089234.8
33.77659 	3081293.8
34.128429 	3073352.6
34.480269 	3065411.2
34.832108 	3057469.7
35.183948 	3049528.1
35.535787 	3041586.4
35.887627 	3033644.7
36.239466 	3025703
36.591306 	3017761.3
37.294985 	3001878.1
37.646824 	2993936.6
37.998664 	2985995.3
38.702343 	2970113.1
39.406022 	2954231.6
39.757861 	2946291.1
41.165219 	2914530.9
41.517059 	2906591.3
41.868898 	2898651.8
42.220737 	2890712.5
42.924416 	2874834.2
43.276256 	2866895.3
43.628095 	2858956.4
43.979935 	2851017.6
44.683614 	2835140.2
45.035453 	2827201.6
45.387293 	2819262.9
46.090972 	2803385.7
46.442811 	2795447
47.14649 	2779569.6
47.49833 	2771630.7
48.202009 	2755752.9
48.553848 	2747813.8
49.257527 	2731935.3
49.609367 	2723995.9
49.961206 	2716056.3
50.313045 	2708116.6
50.664885 	2700176.8
51.016724 	2692236.8
51.720403 	2676356.5
52.072243 	2668416.1
52.424082 	2660475.6
52.775922 	2652535
53.127761 	2644594.2
54.18328 	2620771.3
54.535119 	2612830.1
54.886959 	2604888.8
55.238798 	2596947.4
55.590638 	2589005.9
55.942477 	2581064.4
56.997996 	2557239.5
57.349835 	2549297.9
57.701675 	2541356.2
58.053514 	2533414.6
58.405354 	2525473.1
58.757193 	2517531.6
59.109032 	2509590.3
59.460872 	2501649.1
60.164551 	2485767.3
60.51639 	2477826.7
60.86823 	2469886.4
61.220069 	2461946.4
61.571909 	2454006.7
61.923748 	2446067.2
62.275588 	2438128.1
62.627427 	2430189.2
62.979267 	2422250.6
63.331106 	2414312.4
63.682946 	2406374.3
64.034785 	2398436.6
64.386625 	2390499.1
64.738464 	2382561.8
65.442143 	2366687.8
65.793983 	2358751
66.497662 	2342877.9
67.55318 	2319068.9
68.256859 	2303196.3
68.608698 	2295260.1
69.312377 	2279387.4
70.016056 	2263514.4
70.367896 	2255577.7
70.719735 	2247640.9
71.071575 	2239703.9
71.423414 	2231766.8
72.830772 	2199993.8
73.182612 	2191932.4
73.534451 	2184703.8
73.886291 	2182092.3
74.941809 	2181827.2
75.293648 	2181792.8
75.645488 	2181760.9
75.997327 	2181728.3
77.052846 	2181643.1
77.404685 	2181616
77.756525 	2181591.7
78.460204 	2181546
78.812043 	2181522.1
79.163883 	2181495.4
80.219401 	2181418
81.27492 	2181357.8
81.626759 	2181339.4
81.978599 	2181318.4
82.330438 	2181301.6
82.682278 	2181285
83.034117 	2181258.5
83.385957 	2181210.7
83.737796 	2181172.7
84.089635 	2179029.1
84.441475 	2172092
85.496993 	2148143.9
86.552512 	2124123.4
86.904351 	2116117
89.015388 	2068083.6
89.367228 	2060078.2
90.070907 	2044066.8
90.422746 	2036060.9
90.774586 	2028054.7
91.126425 	2020048.4
91.478265 	2012042
91.830104 	2004035.5
92.533783 	1988022.4
93.237462 	1972009.4
93.589301 	1964003.1
93.941141 	1955997
94.29298 	1947991
96.052178 	1907965.3
96.404017 	1899961
96.755857 	1891957.1
97.459536 	1875950.5
97.811375 	1867947.7
98.163215 	1859945.3
98.515054 	1851943.3
99.922412 	1819939.2
100.27425 	1811939.1
100.62609 	1803939.3
101.32977 	1787940.8
102.03345 	1771943.3
102.38529 	1763944.9
103.79265 	1731952.3
104.14449 	1723954.2
104.49633 	1715956.1
105.2 	1699959.5
105.90368 	1683962.5
106.25552 	1675963.7
106.60736 	1667964.8
108.01472 	1635968
108.36656 	1627968.5
108.7184 	1619969.1
109.07024 	1611969.6
109.77392 	1595970.8
110.12576 	1587971.4
110.82944 	1571972.9
111.18128 	1563973.8
111.53311 	1555974.8
111.88495 	1547975.8
112.58863 	1531978.2
112.94047 	1523979.5
113.29231 	1515980.9
113.64415 	1507982.3
113.99599 	1499983.7
114.34783 	1491985.2
114.69967 	1483986.6
115.05151 	1475988.1
115.40335 	1467989.5
115.75519 	1459990.9
116.45887 	1443993.5
116.81071 	1435994.7
117.16255 	1427995.8
117.51439 	1419996.9
118.21806 	1403998.8
118.5699 	1395999.6
118.92174 	1388000.3
119.27358 	1380001
119.62542 	1372001.6
119.97726 	1364002.1
120.3291 	1356002.5
120.68094 	1348002.8
121.03278 	1340003.1
121.38462 	1332003.3
121.73646 	1324003.4
122.0883 	1316003.4
122.79198 	1300003.2
123.14382 	1292002.9
123.49566 	1284002.6
123.8475 	1276002.1
124.19934 	1268001.5
124.55118 	1260000.8
124.90302 	1252000
125.25485 	1243999.1
125.60669 	1235998.1
126.66221 	1211994.2
127.01405 	1203992.7
127.36589 	1195991
127.71773 	1187989.3
128.06957 	1179987.5
128.42141 	1171985.7
128.77325 	1163983.8
129.12509 	1155981.9
129.47693 	1147980
130.18061 	1131976.2
130.53245 	1123974.5
130.88429 	1115972.8
131.23613 	1107971.2
132.29164 	1083967.5
132.64348 	1075966.6
132.99532 	1067965.9
133.699 	1051965.2
134.05084 	1043965.2
134.40268 	1035965.5
134.75452 	1027966
135.4582 	1011967.6
135.81004 	1003968.7
136.16188 	995970.05
136.51372 	987971.57
136.86556 	979973.25
137.56924 	963977.02
137.92108 	955979.06
138.27292 	947981.19
138.97659 	931985.6
139.68027 	915990.04
140.03211 	907992.23
140.38395 	899994.35
140.73579 	891996.41
141.08763 	883998.37
141.43947 	876000.21
141.79131 	868001.93
142.14315 	860003.51
142.49499 	852004.93
142.84683 	844006.18
144.25419 	812009.35
145.3097 	788009.65
145.66154 	780009.35
146.01338 	772008.86
146.36522 	764008.16
146.71706 	756007.28
147.0689 	748006.21
147.42074 	740004.97
148.12442 	724001.99
148.8281 	707998.4
149.17994 	699996.41
149.88362 	683992.08
150.23546 	675989.77
150.5873 	667987.37
151.29098 	651982.4
151.99465 	635977.26
152.69833 	619972.06
153.05017 	611969.48
153.40201 	603966.93
153.75385 	595964.42
154.45753 	579959.58
154.80937 	571957.27
155.16121 	563955.06
155.51305 	555952.96
155.86489 	547950.97
156.21673 	539949.11
156.56857 	531947.38
157.62409 	507943.09
157.97593 	499941.98
158.32777 	491941.04
158.67961 	483940.26
159.03144 	475939.66
159.38328 	467939.22
159.73512 	459938.96
160.08696 	451938.87
160.4388 	443938.94
160.79064 	435939.17
161.14248 	427939.57
161.49432 	419940.11
161.84616 	411940.8
162.90168 	387943.65
163.25352 	379944.83
163.9572 	363947.5
164.30904 	355948.97
164.66088 	347950.5
165.01272 	339952.11
165.71639 	323955.46
166.06823 	315957.2
167.12375 	291962.55
167.47559 	283964.35
167.82743 	275966.15
168.17927 	267967.94
168.53111 	259969.72
169.23479 	243973.21
169.58663 	235974.93
169.93847 	227976.61
170.64215 	211979.89
170.99399 	203981.49
171.34583 	195983.05
171.69767 	187984.58
172.04951 	179986.08
172.40134 	171987.55
172.75318 	163988.99
173.10502 	155990.42
174.16054 	131994.57
174.51238 	123995.93
174.86422 	115997.29
