0 	8737270.4
6.4128257 	8596421
34.468938 	8081661.5
37.675351 	8034568.1
40.881764 	7974548.5
50.501002 	7794414.9
53.707415 	7725557.9
62.52505 	7550576.3
65.731463 	7476147.2
68.937876 	7398749.6
69.739479 	7379240.9
96.993988 	6754962
103.40681 	6634024.4
106.61323 	6553454.8
116.23246 	6427648.8
123.44689 	6425688.5
125.05 	6425224.8
125.8517 	6425008.9
128.25651 	6423794.7
131.46293 	6421652.3
151.50301 	6408281.5
153.90782 	6407130.2
156.31263 	6405755.9
159.51904 	6403888.5
166.73347 	6281221.4
169.13828 	6217480.8
175.5511 	6047571
176.35271 	6026342.6
187.57515 	5729456.4
190.78156 	5644627.8
200.4008 	5390212.5
201.2024 	5369027.8
202.00401 	5347845.4
202.80561 	5326665.3
203.60721 	5305487.2
204.40882 	5284311.2
205.21042 	5263137.2
206.01202 	5241965
206.81363 	5220794.6
207.61523 	5199625.7
208.41683 	5178458.2
209.21844 	5157291.8
210.02004 	5136126.2
210.82164 	5114961.2
211.62325 	5093796.6
212.42485 	5072632.1
213.22645 	5051467.8
214.02806 	5030303.4
214.82966 	5009139.1
215.63126 	4987974.7
216.43287 	4966810.2
217.23447 	4945645.7
218.03607 	4924481.1
219.63928 	4882151.3
220.44088 	4860986
221.24248 	4839820.3
222.04409 	4818654.1
222.84569 	4797487.4
223.64729 	4776320.1
224.4489 	4755152.3
225.2505 	4733984
226.0521 	4712815.1
227.65531 	4670475.9
228.45691 	4649305.8
229.25852 	4628135.3
230.86172 	4585793.7
231.66333 	4564623
232.46493 	4543452.5
234.06814 	4501113.4
234.86974 	4479945.3
235.67134 	4458778.5
236.47295 	4437613.1
237.27455 	4416449.3
238.07615 	4395287.1
238.87776 	4374126.6
239.67936 	4352967.6
240.48096 	4331810.1
241.28257 	4310653.7
242.08417 	4289498.3
242.88577 	4268343.5
243.68737 	4247189.3
244.48898 	4226035.3
245.29058 	4204881.3
246.09218 	4183727.1
246.89379 	4162572.7
247.69539 	4141417.9
248.49699 	4120262.7
249.2986 	4099107
250.1002 	4077951
250.9018 	4056794.6
251.70341 	4035637.9
252.50501 	4014481.2
253.30661 	3993324.4
254.10822 	3972167.9
254.90982 	3951011.6
255.71142 	3929855.7
256.51303 	3908700.4
257.31463 	3887545.8
258.11623 	3866392
258.91784 	3845238.9
259.71944 	3824086.7
260.52104 	3802935.2
261.32265 	3781784.6
262.12425 	3760634.6
262.92585 	3739485.1
263.72745 	3718336
264.52906 	3697187
265.33066 	3676037.9
266.13226 	3654888.6
266.93387 	3633738.6
267.73547 	3612587.8
268.53707 	3591435.9
269.33868 	3570282.5
270.14028 	3549127.5
270.94188 	3527970.7
271.74349 	3506811.6
272.54509 	3485650.3
273.34669 	3464486.5
274.1483 	3443320
274.9499 	3422150.8
274.95 	3422148.1
275.7515 	3400978.7
276.55311 	3379803.6
277.35471 	3358625.5
278.95792 	3316260
279.75952 	3295072.5
280.56112 	3273881.8
281.36273 	3252687.8
282.16433 	3231490.7
282.96593 	3210290.3
283.76754 	3189086.7
284.56914 	3167879.8
285.37074 	3146669.6
286.17234 	3125456.2
286.97395 	3104239.5
288.57715 	3061796.2
289.37876 	3040569.6
290.18036 	3019339.7
290.98196 	2998106.5
291.78357 	2976869.9
292.58517 	2955630.1
293.38677 	2934386.9
294.18838 	2913140.4
294.98998 	2891890.6
295.79158 	2870637.4
296.59319 	2849380.8
297.39479 	2828120.8
298.19639 	2806857.5
298.998 	2785590.7
299.7996 	2764320.5
300.6012 	2743046.9
301.40281 	2721769.8
302.20441 	2700489.3
303.00601 	2679205.5
303.80762 	2657918.3
304.60922 	2636627.8
306.21242 	2594037.3
307.01403 	2572737.6
307.81563 	2551435.2
308.61723 	2530130.2
309.41884 	2508822.9
310.22044 	2487513.5
311.02204 	2466202.3
311.82365 	2444889.6
312.62525 	2423575.6
313.42685 	2402260.6
314.22846 	2380944.9
315.03006 	2359628.8
315.83166 	2338312.6
316.63327 	2316996.5
317.43487 	2295680.6
318.23647 	2274365.3
319.03808 	2253050.7
319.83968 	2231736.9
320.64128 	2210424.1
321.44289 	2189112.4
322.24449 	2167801.9
323.04609 	2146492.5
323.8477 	2125184.4
324.6493 	2103877.6
325.4509 	2082572.1
326.25251 	2061267.7
327.05411 	2039964.7
327.85571 	2018662.8
328.65731 	1997362.1
329.45892 	1976062.4
330.26052 	1954763.8
331.06212 	1933466.1
331.86373 	1912169.3
332.66533 	1890873.4
333.46693 	1869578.2
334.26854 	1848283.7
335.07014 	1826989.9
335.87174 	1805696.6
336.67335 	1784403.9
337.47495 	1763111.7
338.27655 	1741820
339.07816 	1720528.7
339.87976 	1699238
340.68136 	1677947.7
341.48297 	1656658
342.28457 	1635368.9
343.08617 	1614080.4
343.88778 	1592792.6
344.68938 	1571505.7
345.49098 	1550219.6
346.29259 	1528934.6
347.09419 	1507650.7
347.89579 	1486368
348.69739 	1465086.5
349.499 	1443806.5
350.3006 	1422527.9
351.1022 	1401250.8
351.90381 	1379975.2
352.70541 	1358701.2
353.50701 	1337428.6
354.30862 	1316157.4
355.11022 	1294887.5
355.91182 	1273618.8
356.71343 	1252351
357.51503 	1231084
358.31663 	1209817.4
359.11824 	1188551
359.91984 	1167284.5
360.72144 	1146017.4
361.52305 	1124749.4
362.32465 	1103480
363.12625 	1082208.9
363.92786 	1060935.7
364.72946 	1039659.8
365.53106 	1018380.9
366.33267 	997098.62
367.13427 	975812.58
367.93587 	954522.44
368.73747 	933227.91
369.53908 	911928.75
370.34068 	890624.74
371.14228 	869315.74
371.94389 	848001.65
372.74549 	826682.42
373.54709 	805358.05
374.3487 	784028.62
375.1503 	762694.2
375.9519 	741354.95
376.75351 	720011.04
377.55511 	698662.69
379.15832 	655953.62
379.95992 	634593.42
381.56313 	591863.04
382.36473 	570493.4
383.16633 	549121.16
383.96794 	527746.55
384.76954 	506369.8
385.57114 	484991.14
386.37275 	463610.76
387.17435 	442228.83
387.97595 	420845.51
388.77756 	399460.95
389.57916 	378075.27
390.38076 	356688.58
391.18236 	335300.97
391.98397 	313912.54
392.78557 	292523.37
393.58717 	271133.54
394.38878 	249743.11
395.19038 	228352.18
395.99198 	206960.8
396.79359 	185569.05
397.59519 	164177.02
399.1984 	121392.42
400 	100521.04
