0 	9229397.5
6.4128257 	9091691.3
34.468938 	8597377.5
37.675351 	8525372.1
40.881764 	8457064.5
50.501002 	8243509.1
53.707415 	8165148.6
62.52505 	7951246.9
65.731463 	7876726.7
68.937876 	7795111.5
69.739479 	7776631.3
96.993988 	7734793
103.40681 	7618849.3
106.61323 	7537337.7
116.23246 	7292773.2
123.44689 	7109541.5
125.05 	7068887
125.8517 	7048565.9
128.25651 	6987651.6
131.46293 	6906527
151.50301 	6400285.9
153.90782 	6339398.8
156.31263 	6278460.3
159.51904 	6197137
166.73347 	6013955
169.13828 	5952864.4
175.5511 	5789974
176.35271 	5769619
187.57515 	5484889.8
190.78156 	5403616.4
200.4008 	5159892.4
201.2024 	5139583.2
202.00401 	5119273.6
202.80561 	5098963.5
203.60721 	5078652.7
204.40882 	5058341.3
205.21042 	5038029.2
206.01202 	5017716.2
206.81363 	4997402.5
207.61523 	4977087.8
208.41683 	4956772.3
209.21844 	4936455.8
210.02004 	4916138.4
210.82164 	4895820
211.62325 	4875500.7
212.42485 	4855180.4
213.22645 	4834859.2
214.02806 	4814537
214.82966 	4794213.8
215.63126 	4773889.6
216.43287 	4753564.4
217.23447 	4733238.2
218.03607 	4712911.1
219.63928 	4672253.7
220.44088 	4651923.5
221.24248 	4631592.3
222.04409 	4611260.1
222.84569 	4590926.9
223.64729 	4570592.7
224.4489 	4550257.5
225.2505 	4529921.4
226.0521 	4509584.3
227.65531 	4468907.6
228.45691 	4448568.1
229.25852 	4428227.8
230.86172 	4387545.3
231.66333 	4367203.3
232.46493 	4346860.8
234.06814 	4306174.9
234.86974 	4285831.7
235.67134 	4265488.5
236.47295 	4245145.3
237.27455 	4224802.3
238.07615 	4204459.5
238.87776 	4184117.1
239.67936 	4163775.1
240.48096 	4143433.7
241.28257 	4123092.8
242.08417 	4102752.7
242.88577 	4082413.3
243.68737 	4062074.7
244.48898 	4041737
245.29058 	4021400.1
246.09218 	4001064.2
246.89379 	3980729.2
247.69539 	3960395.1
248.49699 	3940062
249.2986 	3919729.8
250.1002 	3899398.5
250.9018 	3879068
251.70341 	3858738.4
252.50501 	3838409.5
253.30661 	3818081.4
254.10822 	3797754
254.90982 	3777427.1
255.71142 	3757100.8
256.51303 	3736775
257.31463 	3716449.5
258.11623 	3696124.4
258.91784 	3675799.6
259.71944 	3655474.9
260.52104 	3635150.4
261.32265 	3614826
262.12425 	3594501.5
262.92585 	3574177
263.72745 	3553852.4
264.52906 	3533527.7
265.33066 	3513202.7
266.13226 	3492877.5
266.93387 	3472551.9
267.73547 	3452226.1
268.53707 	3431899.9
269.33868 	3411573.3
270.14028 	3391246.4
270.94188 	3370919
271.74349 	3350591.3
272.54509 	3330263.1
273.34669 	3309934.6
274.1483 	3289605.7
274.9499 	3269276.4
274.95 	3269273.9
275.7515 	3248946.8
276.55311 	3228616.9
277.35471 	3208286.8
278.95792 	3167626
279.75952 	3147295.4
280.56112 	3126964.8
281.36273 	3106634.2
282.16433 	3086303.7
282.96593 	3065973.3
283.76754 	3045643.1
284.56914 	3025313.2
285.37074 	3004983.7
286.17234 	2984654.6
286.97395 	2964326
288.57715 	2923670.7
289.37876 	2903344
290.18036 	2883018.1
290.98196 	2862693.1
291.78357 	2842369
292.58517 	2822045.8
293.38677 	2801723.6
294.18838 	2781402.6
294.98998 	2761082.6
295.79158 	2740763.8
296.59319 	2720446.3
297.39479 	2700129.9
298.19639 	2679814.9
298.998 	2659501.2
299.7996 	2639188.8
300.6012 	2618877.7
301.40281 	2598568.1
302.20441 	2578259.8
303.00601 	2557952.9
303.80762 	2537647.3
304.60922 	2517343.1
306.21242 	2476738.7
307.01403 	2456438.4
307.81563 	2436139.3
308.61723 	2415841.3
309.41884 	2395544.5
310.22044 	2375248.6
311.02204 	2354953.7
311.82365 	2334659.5
312.62525 	2314366.1
313.42685 	2294073.4
314.22846 	2273781
315.03006 	2253489.1
315.83166 	2233197.3
316.63327 	2212905.6
317.43487 	2192613.9
318.23647 	2172321.9
319.03808 	2152029.6
319.83968 	2131736.7
320.64128 	2111443.2
321.44289 	2091148.9
322.24449 	2070853.6
323.04609 	2050557.2
323.8477 	2030259.7
324.6493 	2009960.8
325.4509 	1989660.4
326.25251 	1969358.6
327.05411 	1949055.1
327.85571 	1928750
328.65731 	1908443.2
329.45892 	1888134.6
330.26052 	1867824.3
331.06212 	1847512.2
331.86373 	1827198.3
332.66533 	1806882.8
333.46693 	1786565.5
334.26854 	1766246.7
335.07014 	1745926.3
335.87174 	1725604.5
336.67335 	1705281.3
337.47495 	1684956.9
338.27655 	1664631.3
339.07816 	1644304.7
339.87976 	1623977.2
340.68136 	1603649
341.48297 	1583320.1
342.28457 	1562990.7
343.08617 	1542661
343.88778 	1522331
344.68938 	1502000.9
345.49098 	1481670.7
346.29259 	1461340.7
347.09419 	1441010.9
347.89579 	1420681.3
348.69739 	1400352.2
349.499 	1380023.5
350.3006 	1359695.4
351.1022 	1339367.8
351.90381 	1319040.9
352.70541 	1298714.7
353.50701 	1278389.2
354.30862 	1258064.5
355.11022 	1237740.5
355.91182 	1217417.4
356.71343 	1197095
357.51503 	1176773.4
358.31663 	1156452.6
359.11824 	1136132.5
359.91984 	1115813.1
360.72144 	1095494.5
361.52305 	1075176.6
362.32465 	1054859.3
363.12625 	1034542.6
363.92786 	1014226.5
364.72946 	993910.95
365.53106 	973595.88
366.33267 	953281.25
367.13427 	932967.02
367.93587 	912653.15
368.73747 	892339.58
369.53908 	872026.28
370.34068 	851713.19
371.14228 	831400.26
371.94389 	811087.46
372.74549 	790774.73
373.54709 	770462.03
374.3487 	750149.31
375.1503 	729836.53
375.9519 	709523.66
376.75351 	689210.65
377.55511 	668897.47
379.15832 	628270.45
379.95992 	607956.54
381.56313 	567327.83
382.36473 	547012.96
383.16633 	526697.74
383.96794 	506382.15
384.76954 	486066.17
385.57114 	465749.81
386.37275 	445433.04
387.17435 	425115.88
387.97595 	404798.33
388.77756 	384480.39
389.57916 	364162.08
390.38076 	343843.41
391.18236 	323524.39
391.98397 	303205.05
392.78557 	282885.4
393.58717 	262565.48
394.38878 	242245.32
395.19038 	221924.93
395.99198 	201604.36
396.79359 	181283.64
397.59519 	160962.81
399.1984 	120320.95
400 	100494.94
