0 	9009331.5
6.4128257 	8900999.2
34.468938 	8370649.7
37.675351 	8293528.3
40.881764 	8221177.8
50.501002 	8021033.3
53.707415 	7945699.9
62.52505 	7751349
65.731463 	7685937.5
68.937876 	7622942.5
69.739479 	7615365.6
96.993988 	7193242.8
103.40681 	7192284
106.61323 	7191834.5
116.23246 	7189829.6
123.44689 	7186619.5
125.05 	7178538.2
125.8517 	7167247.7
128.25651 	7108777.2
131.46293 	7026129.2
151.50301 	6508752
153.90782 	6446618.8
156.31263 	6384492.1
159.51904 	6301666.5
166.73347 	6115327.7
169.13828 	6053237.6
175.5511 	5887766.6
176.35271 	5867087
187.57515 	5577412.2
190.78156 	5494557.6
200.4008 	5245821.1
201.2024 	5225086.2
202.00401 	5204350.8
202.80561 	5183615
203.60721 	5162878.9
204.40882 	5142142.7
205.21042 	5121406.5
206.01202 	5100670.3
206.81363 	5079934.5
207.61523 	5059199.1
208.41683 	5038464.3
209.21844 	5017730.2
210.02004 	4996996.9
210.82164 	4976264.7
211.62325 	4955533.7
212.42485 	4934803.9
213.22645 	4914075.5
214.02806 	4893348.7
214.82966 	4872623.4
215.63126 	4851899.9
216.43287 	4831178.1
217.23447 	4810458.1
218.03607 	4789740.1
219.63928 	4748309.8
220.44088 	4727597.7
221.24248 	4706887.6
222.04409 	4686179.6
222.84569 	4665473.6
223.64729 	4644769.7
224.4489 	4624067.9
225.2505 	4603368.3
226.0521 	4582670.8
227.65531 	4541282.2
228.45691 	4520591.2
229.25852 	4499902.4
230.86172 	4458531.4
231.66333 	4437849.3
232.46493 	4417169.4
234.06814 	4375816.5
234.86974 	4355143.5
235.67134 	4334472.7
236.47295 	4313804.3
237.27455 	4293138.2
238.07615 	4272474.4
238.87776 	4251813
239.67936 	4231153.9
240.48096 	4210497.1
241.28257 	4189842.7
242.08417 	4169190.4
242.88577 	4148540.4
243.68737 	4127892.4
244.48898 	4107246.5
245.29058 	4086602.4
246.09218 	4065960
246.89379 	4045319.3
247.69539 	4024679.9
248.49699 	4004041.6
249.2986 	3983404.4
250.1002 	3962767.9
250.9018 	3942132
251.70341 	3921496.4
252.50501 	3900860.9
253.30661 	3880225.2
254.10822 	3859589.1
254.90982 	3838952.5
255.71142 	3818315
256.51303 	3797676.5
257.31463 	3777036.8
258.11623 	3756395.7
258.91784 	3735752.9
259.71944 	3715108.4
260.52104 	3694462
261.32265 	3673813.5
262.12425 	3653162.9
262.92585 	3632509.9
263.72745 	3611854.5
264.52906 	3591196.7
265.33066 	3570536.4
266.13226 	3549873.5
266.93387 	3529208
267.73547 	3508540
268.53707 	3487869.4
269.33868 	3467196.3
270.14028 	3446520.7
270.94188 	3425842.7
271.74349 	3405162.4
272.54509 	3384479.9
273.34669 	3363795.2
274.1483 	3343108.5
274.9499 	3322419.9
274.95 	3322417.3
275.7515 	3301729.4
276.55311 	3281037.4
277.35471 	3260343.8
278.95792 	3218952.6
279.75952 	3198255.3
280.56112 	3177557.1
281.36273 	3156858.1
282.16433 	3136158.5
282.96593 	3115458.4
283.76754 	3094758
284.56914 	3074057.5
285.37074 	3053357
286.17234 	3032656.6
286.97395 	3011956.5
288.57715 	2970557.9
289.37876 	2949859.6
290.18036 	2929162.2
290.98196 	2908465.8
291.78357 	2887770.6
292.58517 	2867076.5
293.38677 	2846383.9
294.18838 	2825692.6
294.98998 	2805003
295.79158 	2784315
296.59319 	2763628.7
297.39479 	2742944.2
298.19639 	2722261.7
298.998 	2701581
299.7996 	2680902.5
300.6012 	2660226
301.40281 	2639551.6
302.20441 	2618879.5
303.00601 	2598209.6
303.80762 	2577542
304.60922 	2556876.8
306.21242 	2515553.4
307.01403 	2494895.4
307.81563 	2474239.8
308.61723 	2453586.7
309.41884 	2432936.1
310.22044 	2412288
311.02204 	2391642.3
311.82365 	2370999.2
312.62525 	2350358.4
313.42685 	2329720.1
314.22846 	2309084.2
315.03006 	2288450.5
315.83166 	2267819.1
316.63327 	2247189.9
317.43487 	2226562.8
318.23647 	2205937.6
319.03808 	2185314.3
319.83968 	2164692.8
320.64128 	2144072.8
321.44289 	2123454.4
322.24449 	2102837.4
323.04609 	2082221.6
323.8477 	2061606.8
324.6493 	2040993
325.4509 	2020380
326.25251 	1999767.6
327.05411 	1979155.7
327.85571 	1958544.1
328.65731 	1937932.6
329.45892 	1917321.2
330.26052 	1896709.7
331.06212 	1876097.9
331.86373 	1855485.8
332.66533 	1834873.1
333.46693 	1814259.8
334.26854 	1793645.6
335.07014 	1773030.6
335.87174 	1752414.6
336.67335 	1731797.5
337.47495 	1711179.1
338.27655 	1690559.4
339.07816 	1669938.3
339.87976 	1649315.7
340.68136 	1628691.5
341.48297 	1608065.6
342.28457 	1587438
343.08617 	1566808.6
343.88778 	1546177.3
344.68938 	1525544.1
345.49098 	1504909
346.29259 	1484271.8
347.09419 	1463632.6
347.89579 	1442991.3
348.69739 	1422347.9
349.499 	1401702.4
350.3006 	1381054.9
351.1022 	1360405.2
351.90381 	1339753.4
352.70541 	1319099.6
353.50701 	1298443.8
354.30862 	1277786
355.11022 	1257126.3
355.91182 	1236464.8
356.71343 	1215801.6
357.51503 	1195136.6
358.31663 	1174470.1
359.11824 	1153802.1
359.91984 	1133132.7
360.72144 	1112462.1
361.52305 	1091790.3
362.32465 	1071117.6
363.12625 	1050444
363.92786 	1029769.6
364.72946 	1009094.7
365.53106 	988419.21
366.33267 	967743.42
367.13427 	947067.41
367.93587 	926391.32
368.73747 	905715.27
369.53908 	885039.38
370.34068 	864363.76
371.14228 	843688.53
371.94389 	823013.79
372.74549 	802339.64
373.54709 	781666.16
374.3487 	760993.45
375.1503 	740321.59
375.9519 	719650.63
376.75351 	698980.65
377.55511 	678311.7
379.15832 	636977.06
379.95992 	616311.44
381.56313 	574983.71
382.36473 	554321.63
383.16633 	533660.74
383.96794 	513001.04
384.76954 	492342.51
385.57114 	471685.14
386.37275 	451028.9
387.17435 	430373.76
387.97595 	409719.69
388.77756 	389066.65
389.57916 	368414.59
390.38076 	347763.45
391.18236 	327113.2
391.98397 	306463.76
392.78557 	285815.09
393.58717 	265167.12
394.38878 	244519.77
395.19038 	223872.98
395.99198 	203226.69
396.79359 	182580.82
397.59519 	161935.29
399.1984 	120644.96
400 	100502.83
