0 	3836479
0.35183948 	3829002.5
0.70367896 	3821147.1
1.0555184 	3813298.6
1.4073579 	3805420.4
1.7591974 	3797552.8
2.1110369 	3789699.4
2.4628764 	3781770.7
2.8147158 	3773984.9
3.1665553 	3766126
3.5183948 	3758259.5
3.8702343 	3750364.7
4.2220737 	3742658.4
4.9257527 	3726961.4
5.6294317 	3711216.8
5.9812711 	3703342.7
6.3331106 	3695467.6
8.092308 	3656102.1
8.795987 	3640353.1
9.1478265 	3632472.3
10.203345 	3608999.3
10.907024 	3593268.4
11.258863 	3585388.7
11.610703 	3577536.9
11.962542 	3569665
12.666221 	3553936.7
13.018061 	3546055
13.3699 	3538076.7
13.72174 	3531606.5
14.777258 	3509537.1
15.480937 	3493749.9
15.832777 	3486014.9
16.536456 	3472608
17.591974 	3448967.7
18.647492 	3425328.2
19.351171 	3409568.6
19.703011 	3401688.8
20.05485 	3393808.9
20.40669 	3385929.1
20.758529 	3378049.3
21.462208 	3362289.7
22.165887 	3346530.1
22.869566 	3330770.5
23.573245 	3315010.9
23.925085 	3307131.1
24.276924 	3299251.3
24.628764 	3291371.5
25.332442 	3275612
25.684282 	3267732.3
26.387961 	3251972.8
26.7398 	3244093.1
27.09164 	3236213.3
27.443479 	3228333.7
27.795319 	3220454
28.147158 	3212574.3
28.850837 	3196815
29.202677 	3188935.4
29.554516 	3181055.8
29.906356 	3173176.3
30.258195 	3165296.7
30.610035 	3157417.2
30.961874 	3149537.8
31.665553 	3133778.9
32.017393 	3125899.5
32.369232 	3118020.1
32.721072 	3110140.8
33.072911 	3102261.5
33.424751 	3094382.2
33.77659 	3086503
34.128429 	3078623.8
34.480269 	3070744.7
34.832108 	3062865.5
35.183948 	3054986.5
35.535787 	3047107.4
35.887627 	3039228.4
36.239466 	3031349.5
36.591306 	3023470.5
37.294985 	3007712.8
37.646824 	2999834
37.998664 	2991955.2
38.702343 	2976197.8
39.406022 	2960440.6
39.757861 	2952562
41.165219 	2921048.1
41.517059 	2913169.8
41.868898 	2905291.4
42.220737 	2897413.2
42.924416 	2881656.8
43.276256 	2873778.7
43.628095 	2865900.7
43.979935 	2858022.7
44.683614 	2842266.9
45.035453 	2834389.1
45.387293 	2826511.4
46.090972 	2810756.1
46.442811 	2802878.6
47.14649 	2787123.7
47.49833 	2779246.4
48.202009 	2763492
48.553848 	2755614.9
49.257527 	2739860.9
49.609367 	2731984
49.961206 	2724107.2
50.313045 	2716230.5
50.664885 	2708353.8
51.016724 	2700477.3
51.720403 	2684724.5
52.072243 	2676848.3
52.424082 	2668972.1
52.775922 	2661096.1
53.127761 	2653220.2
54.18328 	2629593.1
54.535119 	2621717.6
54.886959 	2613842.3
55.238798 	2605967.1
55.590638 	2598091.9
55.942477 	2590216.8
56.997996 	2566572.8
57.349835 	2558603.9
57.701675 	2551553
58.053514 	2549215.9
58.405354 	2549056.6
58.757193 	2549027.3
59.109032 	2549000
59.460872 	2548970.6
60.164551 	2548917.3
60.51639 	2548890.5
60.86823 	2548863.4
61.220069 	2548836.9
61.571909 	2548809.5
61.923748 	2548781.2
62.275588 	2548753.7
62.627427 	2548726.7
62.979267 	2548698.1
63.331106 	2548669.1
63.682946 	2548640.8
64.034785 	2548612.5
64.386625 	2548584.2
64.738464 	2548555.9
65.442143 	2548496.2
65.793983 	2548455.6
66.497662 	2548307.5
67.55318 	2530049
68.256859 	2514217.8
68.608698 	2506301.9
69.312377 	2490470.7
70.016056 	2474640
70.367896 	2466724.7
70.719735 	2458809.5
71.071575 	2450894.3
71.423414 	2442979.2
72.830772 	2411319.4
73.182612 	2403404.5
73.534451 	2395489.7
73.886291 	2387574.9
74.941809 	2363830.7
75.293648 	2355916
75.645488 	2348001.3
75.997327 	2340086.6
77.052846 	2316342.4
77.404685 	2308427.7
77.756525 	2300512.9
78.460204 	2284683.4
78.812043 	2276768.5
79.163883 	2268853.7
80.219401 	2245108.9
81.27492 	2221363.7
81.626759 	2213448.5
81.978599 	2205533.3
82.330438 	2197618
82.682278 	2189702.7
83.034117 	2181787.3
83.385957 	2173871.9
83.737796 	2165956.4
84.089635 	2158040.8
84.441475 	2150125.1
85.496993 	2126377.8
86.552512 	2102629.8
86.904351 	2094713.7
89.015388 	2047215.3
89.367228 	2039298.6
90.070907 	2023465
90.422746 	2015548.1
90.774586 	2007631.1
91.126425 	1999714.1
91.478265 	1991797
91.830104 	1983879.8
92.533783 	1968045.2
93.237462 	1952210.3
93.589301 	1944292.8
93.941141 	1936375.2
94.29298 	1928457.6
96.052178 	1888868.8
96.404017 	1880950.9
96.755857 	1873033
97.459536 	1857197.2
97.811375 	1849279.2
98.163215 	1841361.3
98.515054 	1833443.3
99.922412 	1801771.6
100.27425 	1793853.7
100.62609 	1785935.8
101.32977 	1770100.1
102.03345 	1754264.5
102.38529 	1746346.8
103.79265 	1714676.5
104.14449 	1706759.1
104.49633 	1698841.7
105.2 	1683007.1
105.90368 	1667172.8
106.25552 	1659255.8
106.60736 	1651338.8
108.01472 	1619671.7
108.36656 	1611755.1
108.7184 	1603838.5
109.07024 	1595922.1
109.77392 	1580089.4
110.12576 	1572173.2
110.82944 	1556341
111.18128 	1548425
111.53311 	1540509
111.88495 	1532593.1
112.58863 	1516761.6
112.94047 	1508845.9
113.29231 	1500930.3
113.64415 	1493014.8
113.99599 	1485099.3
114.34783 	1477183.9
114.69967 	1469268.5
115.05151 	1461353.1
115.40335 	1453437.9
115.75519 	1445522.6
116.45887 	1429692.3
116.81071 	1421777.2
117.16255 	1413862.2
117.51439 	1405947.1
118.21806 	1390117.2
118.5699 	1382202.3
118.92174 	1374287.4
119.27358 	1366372.5
119.62542 	1358457.7
119.97726 	1350542.8
120.3291 	1342628
120.68094 	1334713.2
121.03278 	1326798.4
121.38462 	1318883.7
121.73646 	1310968.9
122.0883 	1303054.2
122.79198 	1287224.7
123.14382 	1279310
123.49566 	1271395.2
123.8475 	1263480.5
124.19934 	1255565.8
124.55118 	1247651
124.90302 	1239736.3
125.25485 	1231821.5
125.60669 	1223906.8
126.66221 	1200162.4
127.01405 	1192247.6
127.36589 	1184332.8
127.71773 	1176418
128.06957 	1168503.1
128.42141 	1160588.2
128.77325 	1152673.3
129.12509 	1144758.4
129.47693 	1136843.5
130.18061 	1121013.6
130.53245 	1113098.6
130.88429 	1105183.6
131.23613 	1097268.6
132.29164 	1073523.3
132.64348 	1065608.2
132.99532 	1057693.1
133.699 	1041862.7
134.05084 	1033947.5
134.40268 	1026032.3
134.75452 	1018117
135.4582 	1002286.5
135.81004 	994371.15
136.16188 	986455.83
136.51372 	978540.48
136.86556 	970625.12
137.56924 	954794.34
137.92108 	946878.93
138.27292 	938963.5
138.97659 	923132.61
139.68027 	907301.67
140.03211 	899386.18
140.38395 	891470.69
140.73579 	883555.18
141.08763 	875639.67
141.43947 	867724.15
141.79131 	859808.63
142.14315 	851893.1
142.49499 	843977.57
142.84683 	836062.04
144.25419 	804399.91
145.3097 	780653.34
145.66154 	772737.83
146.01338 	764822.33
146.36522 	756906.83
146.71706 	748991.34
147.0689 	741075.87
147.42074 	733160.4
148.12442 	717329.51
148.8281 	701498.67
149.17994 	693583.28
149.88362 	677752.54
150.23546 	669837.2
150.5873 	661921.87
151.29098 	646091.29
151.99465 	630260.79
152.69833 	614430.38
153.05017 	606515.21
153.40201 	598600.06
153.75385 	590684.94
154.45753 	574854.78
154.80937 	566939.73
155.16121 	559024.72
155.51305 	551109.73
155.86489 	543194.77
156.21673 	535279.84
156.56857 	527364.93
157.62409 	503620.38
157.97593 	495705.59
158.32777 	487790.83
158.67961 	479876.1
159.03144 	471961.39
159.38328 	464046.72
159.73512 	456132.07
160.08696 	448217.46
160.4388 	440302.87
160.79064 	432388.31
161.14248 	424473.78
161.49432 	416559.28
161.84616 	408644.81
162.90168 	384901.56
163.25352 	376987.2
163.9572 	361158.56
164.30904 	353244.28
164.66088 	345330.02
165.01272 	337415.8
165.71639 	321587.42
166.06823 	313673.27
167.12375 	289930.96
167.47559 	282016.9
167.82743 	274102.86
168.17927 	266188.85
168.53111 	258274.86
169.23479 	242446.94
169.58663 	234533
169.93847 	226619.09
170.64215 	210791.32
170.99399 	202877.46
171.34583 	194963.62
171.69767 	187049.79
172.04951 	179135.98
172.40134 	171222.18
172.75318 	163308.4
173.10502 	155394.63
174.16054 	131653.39
174.51238 	123739.66
174.86422 	115825.95
