0 	3836483.8
0.35183948 	3829079.1
0.70367896 	3821292
1.0555184 	3813505
1.4073579 	3805717.9
1.7591974 	3797930.9
2.1110369 	3790143.8
2.4628764 	3782356.8
2.8147158 	3774569.8
3.1665553 	3766793.4
3.5183948 	3759093.5
3.8702343 	3751471
4.2220737 	3743725.9
4.9257527 	3728732.9
5.6294317 	3713466.7
5.9812711 	3709376
6.3331106 	3701662
8.092308 	3664418.3
8.795987 	3648905.4
9.1478265 	3641467.5
10.203345 	3636795.8
10.907024 	3636711.6
11.258863 	3636666
11.610703 	3636615.2
11.962542 	3636567.4
12.666221 	3636508.4
13.018061 	3636475.1
13.3699 	3636433.6
13.72174 	3636391.1
14.777258 	3636252.9
15.480937 	3636065
15.832777 	3632575.1
16.536456 	3617453.1
17.591974 	3594102.4
18.647492 	3570751.3
19.351171 	3555184.1
19.703011 	3547400.6
20.05485 	3539617.2
20.40669 	3531833.7
20.758529 	3524050.3
21.462208 	3508483.5
22.165887 	3492916.6
22.869566 	3477349.8
23.573245 	3461782.8
23.925085 	3453999.4
24.276924 	3446215.9
24.628764 	3438432.4
25.332442 	3422865.4
25.684282 	3415081.9
26.387961 	3399514.9
26.7398 	3391731.4
27.09164 	3383947.9
27.443479 	3376164.3
27.795319 	3368380.8
28.147158 	3360597.3
28.850837 	3345030.2
29.202677 	3337246.7
29.554516 	3329463.1
29.906356 	3321679.6
30.258195 	3313896
30.610035 	3306112.5
30.961874 	3298328.9
31.665553 	3282761.8
32.017393 	3274978.3
32.369232 	3267194.7
32.721072 	3259411.2
33.072911 	3251627.6
33.424751 	3243844
33.77659 	3236060.4
34.128429 	3228276.9
34.480269 	3220493.3
34.832108 	3212709.7
35.183948 	3204926.1
35.535787 	3197142.5
35.887627 	3189358.9
36.239466 	3181575.3
36.591306 	3173791.7
37.294985 	3158224.5
37.646824 	3150440.9
37.998664 	3142657.2
38.702343 	3127090
39.406022 	3111522.7
39.757861 	3103739.1
41.165219 	3072604.4
41.517059 	3064820.8
41.868898 	3057037.1
42.220737 	3049253.4
42.924416 	3033686.1
43.276256 	3025902.5
43.628095 	3018118.8
43.979935 	3010335.1
44.683614 	2994767.8
45.035453 	2986984.1
45.387293 	2979200.5
46.090972 	2963633.1
46.442811 	2955849.5
47.14649 	2940282.2
47.49833 	2932498.5
48.202009 	2916931.3
48.553848 	2909147.7
49.257527 	2893580.4
49.609367 	2885796.8
49.961206 	2878013.2
50.313045 	2870229.7
50.664885 	2862446.1
51.016724 	2854662.5
51.720403 	2839095.5
52.072243 	2831311.9
52.424082 	2823528.4
52.775922 	2815744.9
53.127761 	2807961.4
54.18328 	2784611.1
54.535119 	2776827.6
54.886959 	2769044.2
55.238798 	2761260.8
55.590638 	2753477.4
55.942477 	2745694
56.997996 	2722344
57.349835 	2714560.7
57.701675 	2706777.4
58.053514 	2698994.1
58.405354 	2691210.8
58.757193 	2683427.6
59.109032 	2675644.4
59.460872 	2667861.1
60.164551 	2652294.8
60.51639 	2644511.6
60.86823 	2636728.4
61.220069 	2628945.3
61.571909 	2621162.2
61.923748 	2613379.1
62.275588 	2605596
62.627427 	2597812.9
62.979267 	2590029.9
63.331106 	2582246.9
63.682946 	2574463.8
64.034785 	2566680.8
64.386625 	2558897.9
64.738464 	2551114.9
65.442143 	2535549
65.793983 	2527766.1
66.497662 	2512200.3
67.55318 	2488851.7
68.256859 	2473286.1
68.608698 	2465503.3
69.312377 	2449937.8
70.016056 	2434372.3
70.367896 	2426589.6
70.719735 	2418806.9
71.071575 	2411024.2
71.423414 	2403241.5
72.830772 	2372111
73.182612 	2364328.4
73.534451 	2356545.8
73.886291 	2348763.2
74.941809 	2325415.5
75.293648 	2317633
75.645488 	2309850.5
75.997327 	2302068
77.052846 	2278720.5
77.404685 	2270938.1
77.756525 	2263155.6
78.460204 	2247590.7
78.812043 	2239808.3
79.163883 	2232025.9
80.219401 	2208678.7
81.27492 	2185331.6
81.626759 	2177549.3
81.978599 	2169767
82.330438 	2161984.6
82.682278 	2154202.3
83.034117 	2146420
83.385957 	2138637.7
83.737796 	2130855.4
84.089635 	2123073.1
84.441475 	2115290.8
85.496993 	2091944.1
86.552512 	2068597.3
86.904351 	2060815.1
89.015388 	2014121.9
89.367228 	2006339.7
90.070907 	1990775.3
90.422746 	1982993.2
90.774586 	1975211
91.126425 	1967428.9
91.478265 	1959646.7
91.830104 	1951864.6
92.533783 	1936300.3
93.237462 	1920736.1
93.589301 	1912954
93.941141 	1905171.9
94.29298 	1897389.9
96.052178 	1858479.6
96.404017 	1850697.5
96.755857 	1842915.5
97.459536 	1827351.5
97.811375 	1819569.5
98.163215 	1811787.5
98.515054 	1804005.5
99.922412 	1772877.6
100.27425 	1765095.6
100.62609 	1757313.7
101.32977 	1741749.8
102.03345 	1726186
102.38529 	1718404.1
103.79265 	1687276.6
104.14449 	1679494.7
104.49633 	1671712.9
105.2 	1656149.2
105.90368 	1640585.6
106.25552 	1632803.8
106.60736 	1625022
108.01472 	1593894.9
108.36656 	1586113.1
108.7184 	1578331.4
109.07024 	1570549.7
109.77392 	1554986.2
110.12576 	1547204.5
110.82944 	1531641.1
111.18128 	1523859.5
111.53311 	1516077.8
111.88495 	1508296.1
112.58863 	1492732.9
112.94047 	1484951.2
113.29231 	1477169.6
113.64415 	1469388
113.99599 	1461606.4
114.34783 	1453824.8
114.69967 	1446043.2
115.05151 	1438261.6
115.40335 	1430480.1
115.75519 	1422698.5
116.45887 	1407135.4
116.81071 	1399353.9
117.16255 	1391572.4
117.51439 	1383790.9
118.21806 	1368227.9
118.5699 	1360446.4
118.92174 	1352664.9
119.27358 	1344883.4
119.62542 	1337102
119.97726 	1329320.5
120.3291 	1321539.1
120.68094 	1313757.6
121.03278 	1305976.2
121.38462 	1298194.8
121.73646 	1290413.4
122.0883 	1282632
122.79198 	1267069.2
123.14382 	1259287.8
123.49566 	1251506.4
123.8475 	1243725.1
124.19934 	1235943.7
124.55118 	1228162.3
124.90302 	1220381
125.25485 	1212599.7
125.60669 	1204818.3
126.66221 	1181474.4
127.01405 	1173693.1
127.36589 	1165911.8
127.71773 	1158130.5
128.06957 	1150349.2
128.42141 	1142568
128.77325 	1134786.7
129.12509 	1127005.4
129.47693 	1119224.2
130.18061 	1103661.7
130.53245 	1095880.5
130.88429 	1088099.2
131.23613 	1080318
132.29164 	1056974.4
132.64348 	1049193.2
132.99532 	1041412
133.699 	1025849.7
134.05084 	1018068.5
134.40268 	1010287.4
134.75452 	1002506.2
135.4582 	986943.92
135.81004 	979162.79
136.16188 	971381.67
136.51372 	963600.55
136.86556 	955819.43
137.56924 	940257.23
137.92108 	932476.14
138.27292 	924695.05
138.97659 	909132.91
139.68027 	893570.79
140.03211 	885789.75
140.38395 	878008.71
140.73579 	870227.68
141.08763 	862446.65
141.43947 	854665.64
141.79131 	846884.63
142.14315 	839103.63
142.49499 	831322.63
142.84683 	823541.65
144.25419 	792417.8
145.3097 	769074.99
145.66154 	761294.08
146.01338 	753513.17
146.36522 	745732.27
146.71706 	737951.38
147.0689 	730170.5
147.42074 	722389.62
148.12442 	706827.91
148.8281 	691266.23
149.17994 	683485.4
149.88362 	667923.78
150.23546 	660142.98
150.5873 	652362.2
151.29098 	636800.65
151.99465 	621239.15
152.69833 	605677.68
153.05017 	597896.97
153.40201 	590116.26
153.75385 	582335.56
154.45753 	566774.2
154.80937 	558993.54
155.16121 	551212.88
155.51305 	543432.24
155.86489 	535651.61
156.21673 	527870.98
156.56857 	520090.37
157.62409 	496748.6
157.97593 	488968.03
158.32777 	481187.47
158.67961 	473406.93
159.03144 	465626.39
159.38328 	457845.86
159.73512 	450065.35
160.08696 	442284.84
160.4388 	434504.35
160.79064 	426723.87
161.14248 	418943.4
161.49432 	411162.94
161.84616 	403382.49
162.90168 	380041.2
163.25352 	372260.79
163.9572 	356700.01
164.30904 	348919.63
164.66088 	341139.27
165.01272 	333358.91
165.71639 	317798.23
166.06823 	310017.91
167.12375 	286676.99
167.47559 	278896.71
167.82743 	271116.44
168.17927 	263336.17
168.53111 	255555.92
169.23479 	239995.44
169.58663 	232215.21
169.93847 	224434.99
170.64215 	208874.59
170.99399 	201094.4
171.34583 	193314.22
171.69767 	185534.05
172.04951 	177753.89
172.40134 	169973.74
172.75318 	162193.59
173.10502 	154413.46
174.16054 	131073.1
174.51238 	123292.99
174.86422 	115512.85
