0 	8444287.7
6.4128257 	8349652.4
34.468938 	7821997.1
37.675351 	7742892.2
40.881764 	7663886.5
50.501002 	7493550.7
53.707415 	7421290.8
62.52505 	7331951.8
65.731463 	7252604.7
68.937876 	7181043.2
69.739479 	7164599
96.993988 	6614755.3
103.40681 	6476839.2
106.61323 	6405851.7
116.23246 	6174922.3
123.44689 	5967237.9
125.05 	5930245.2
125.8517 	5912367.5
128.25651 	5858570
131.46293 	5786629.1
151.50301 	5710989.9
153.90782 	5710971.6
156.31263 	5710810.4
159.51904 	5710205.1
166.73347 	5709519.3
169.13828 	5708789.2
175.5511 	5705170.6
176.35271 	5704777.8
187.57515 	5702946.1
190.78156 	5699743.8
200.4008 	5502773
201.2024 	5481731.9
202.00401 	5460667.9
202.80561 	5439570.7
203.60721 	5418430.3
204.40882 	5397237
205.21042 	5375981.3
206.01202 	5354654.9
206.81363 	5333250.6
207.61523 	5311763.8
208.41683 	5290192.6
209.21844 	5268538.5
210.02004 	5246806.4
210.82164 	5225003.4
211.62325 	5203138.5
212.42485 	5181221.3
213.22645 	5159261.8
214.02806 	5137269.7
214.82966 	5115254.2
215.63126 	5093223.7
216.43287 	5071185.9
217.23447 	5049147.9
218.03607 	5027115.9
219.63928 	4983090.9
220.44088 	4961106.3
221.24248 	4939144.1
222.04409 	4917206.4
222.84569 	4895294.2
223.64729 	4873408
224.4489 	4851547.5
225.2505 	4829711.9
226.0521 	4807900
227.65531 	4764341.6
228.45691 	4742591.7
229.25852 	4720859.4
230.86172 	4677441.4
231.66333 	4655753.1
232.46493 	4634076.8
234.06814 	4590755.6
234.86974 	4569108.5
235.67134 	4547469
236.47295 	4525836.1
237.27455 	4504208.8
238.07615 	4482586.4
238.87776 	4460968
239.67936 	4439352.8
240.48096 	4417739.8
241.28257 	4396128.4
242.08417 	4374517.7
242.88577 	4352907.2
243.68737 	4331296.1
244.48898 	4309684.2
245.29058 	4288071
246.09218 	4266456.5
246.89379 	4244840.6
247.69539 	4223223.4
248.49699 	4201605.1
249.2986 	4179985.9
250.1002 	4158366
250.9018 	4136745.7
251.70341 	4115125.1
252.50501 	4093504.4
253.30661 	4071883.7
254.10822 	4050263
254.90982 	4028642.4
255.71142 	4007021.8
256.51303 	3985401.1
257.31463 	3963780.1
258.11623 	3942158.7
258.91784 	3920536.5
259.71944 	3898913.4
260.52104 	3877289
261.32265 	3855663.1
262.12425 	3834035.2
262.92585 	3812405.1
263.72745 	3790772.3
264.52906 	3769136.6
265.33066 	3747497.7
266.13226 	3725855.2
266.93387 	3704208.9
267.73547 	3682558.5
268.53707 	3660903.8
269.33868 	3639244.5
270.14028 	3617580.6
270.94188 	3595911.7
271.74349 	3574237.9
272.54509 	3552559.1
273.34669 	3530875.3
274.1483 	3509186.7
274.9499 	3487493.2
274.95 	3487490.5
275.7515 	3465795.2
276.55311 	3444092.8
277.35471 	3422386.2
278.95792 	3378961.4
279.75952 	3357243.6
280.56112 	3335522.6
281.36273 	3313798.7
282.16433 	3292072.1
282.96593 	3270343.1
283.76754 	3248611.9
284.56914 	3226879
285.37074 	3205144.6
286.17234 	3183409.1
286.97395 	3161672.6
288.57715 	3118198.1
289.37876 	3096460.5
290.18036 	3074722.9
290.98196 	3052985.5
291.78357 	3031248.4
292.58517 	3009511.6
293.38677 	2987775.4
294.18838 	2966039.7
294.98998 	2944304.6
295.79158 	2922570.1
296.59319 	2900836.3
297.39479 	2879103.2
298.19639 	2857370.7
298.998 	2835638.9
299.7996 	2813907.6
300.6012 	2792176.9
301.40281 	2770446.8
302.20441 	2748717.3
303.00601 	2726988.3
303.80762 	2705259.8
304.60922 	2683531.9
306.21242 	2640077.8
307.01403 	2618351.6
307.81563 	2596626
308.61723 	2574900.8
309.41884 	2553176.2
310.22044 	2531452
311.02204 	2509728.1
311.82365 	2488004.4
312.62525 	2466280.8
313.42685 	2444557.2
314.22846 	2422833.4
315.03006 	2401109.2
315.83166 	2379384.5
316.63327 	2357659.2
317.43487 	2335933.1
318.23647 	2314206.2
319.03808 	2292478.2
319.83968 	2270749.2
320.64128 	2249019.2
321.44289 	2227288
322.24449 	2205555.8
323.04609 	2183822.6
323.8477 	2162088.3
324.6493 	2140353.2
325.4509 	2118617.4
326.25251 	2096880.9
327.05411 	2075144
327.85571 	2053406.8
328.65731 	2031669.5
329.45892 	2009932.2
330.26052 	1988195.2
331.06212 	1966458.7
331.86373 	1944722.8
332.66533 	1922987.6
333.46693 	1901253.4
334.26854 	1879520.2
335.07014 	1857788.2
335.87174 	1836057.5
336.67335 	1814328.2
337.47495 	1792600.3
338.27655 	1770873.8
339.07816 	1749148.9
339.87976 	1727425.4
340.68136 	1705703.4
341.48297 	1683982.8
342.28457 	1662263.6
343.08617 	1640545.8
343.88778 	1618829.3
344.68938 	1597114
345.49098 	1575400
346.29259 	1553687
347.09419 	1531975.2
347.89579 	1510264.4
348.69739 	1488554.6
349.499 	1466845.9
350.3006 	1445138.1
351.1022 	1423431.3
351.90381 	1401725.4
352.70541 	1380020.6
353.50701 	1358316.7
354.30862 	1336613.8
355.11022 	1314911.9
355.91182 	1293211
356.71343 	1271511
357.51503 	1249812
358.31663 	1228113.8
359.11824 	1206416.5
359.91984 	1184720
360.72144 	1163024.3
361.52305 	1141329.4
362.32465 	1119635.1
363.12625 	1097941.4
363.92786 	1076248.4
364.72946 	1054555.9
365.53106 	1032864
366.33267 	1011172.5
367.13427 	989481.55
367.93587 	967791.03
368.73747 	946100.94
369.53908 	924411.24
370.34068 	902721.91
371.14228 	881032.92
371.94389 	859344.22
372.74549 	837655.79
373.54709 	815967.58
374.3487 	794279.55
375.1503 	772591.64
375.9519 	750903.8
376.75351 	729215.97
377.55511 	707528.1
379.15832 	664151.95
379.95992 	642463.54
381.56313 	599085.67
382.36473 	577396.06
383.16633 	555705.88
383.96794 	534015.07
384.76954 	512323.53
385.57114 	490631.18
386.37275 	468937.96
387.17435 	447243.78
387.97595 	425548.6
388.77756 	403852.35
389.57916 	382154.99
390.38076 	360456.5
391.18236 	338756.86
391.98397 	317056.08
392.78557 	295354.19
393.58717 	273651.22
394.38878 	251947.24
395.19038 	230242.34
395.99198 	208536.6
396.79359 	186830.15
397.59519 	165123.12
399.1984 	121707.89
400 	100528.73
