0 	7309828.2
6.4128257 	7234620
34.468938 	6583349.2
37.675351 	6515164.2
40.881764 	6464317.1
50.501002 	6354528
53.707415 	6296906.8
62.52505 	6096803.4
65.731463 	6035256.1
68.937876 	5968757.4
69.739479 	5951211.7
96.993988 	5503673.2
103.40681 	5441652.1
106.61323 	5356128.4
116.23246 	5166515.4
123.44689 	5080079
125.05 	5080298.9
125.8517 	5080800.2
128.25651 	5079476.5
131.46293 	5065119.8
151.50301 	4555717.3
153.90782 	4502181.8
156.31263 	4438043.7
159.51904 	4380121.6
166.73347 	4304021.5
169.13828 	4232821.5
175.5511 	4044954.8
176.35271 	4022215.3
187.57515 	3725912.1
190.78156 	3683489.7
200.4008 	3438404.2
201.2024 	3421903.6
202.00401 	3413793.8
202.80561 	3410298.2
203.60721 	3408901.5
204.40882 	3408415.8
205.21042 	3408344.3
206.01202 	3408507
206.81363 	3408745.1
207.61523 	3409062.4
208.41683 	3409412.8
209.21844 	3409725.3
210.02004 	3410059
210.82164 	3410441
211.62325 	3410863.2
212.42485 	3411292.6
213.22645 	3411675.2
214.02806 	3412042.8
214.82966 	3412344.6
215.63126 	3412525.3
216.43287 	3412617.6
217.23447 	3412634.4
218.03607 	3412648.1
219.63928 	3412673.4
220.44088 	3412532.6
221.24248 	3412280.4
222.04409 	3411954.6
222.84569 	3411584.4
223.64729 	3411202.1
224.4489 	3410869.9
225.2505 	3410564.6
226.0521 	3410272.6
227.65531 	3409666.3
228.45691 	3409360.4
229.25852 	3409172.7
230.86172 	3409167.7
231.66333 	3408996
232.46493 	3408716
234.06814 	3408123.7
234.86974 	3407791.4
235.67134 	3407435.5
236.47295 	3407054.4
237.27455 	3406673.7
238.07615 	3406298.3
238.87776 	3405959.6
239.67936 	3405661.7
240.48096 	3405384.3
241.28257 	3405102.1
242.08417 	3404796.5
242.88577 	3404412.3
243.68737 	3403999.9
244.48898 	3403578.4
245.29058 	3403141.1
246.09218 	3402649.2
246.89379 	3402077.6
247.69539 	3401441.1
248.49699 	3400767.9
249.2986 	3400093.5
250.1002 	3399448.4
250.9018 	3398810.3
251.70341 	3398172.5
252.50501 	3397524.9
253.30661 	3396879.6
254.10822 	3396273.2
254.90982 	3395708.3
255.71142 	3395187.5
256.51303 	3394706
257.31463 	3394274.2
258.11623 	3393915.3
258.91784 	3393624.8
259.71944 	3393413.7
260.52104 	3393306.5
261.32265 	3393259.8
262.12425 	3393262.9
262.92585 	3393327
263.72745 	3393442.1
264.52906 	3393607.5
265.33066 	3393826.4
266.13226 	3394073.6
266.93387 	3394336.8
267.73547 	3394605.5
268.53707 	3394872.6
269.33868 	3395151.4
270.14028 	3395442.5
270.94188 	3395748.9
271.74349 	3396053.5
272.54509 	3396348.2
273.34669 	3396627.5
274.1483 	3396886.9
274.9499 	3397132.7
274.95 	3397132.7
275.7515 	3397365.9
276.55311 	3397557.8
277.35471 	3397712.7
278.95792 	3397995.2
279.75952 	3398127.7
280.56112 	3398232.9
281.36273 	3398306.8
282.16433 	3398363.7
282.96593 	3398410.5
283.76754 	3398481.5
284.56914 	3398622.9
285.37074 	3398912.8
286.17234 	3399389
286.97395 	3399839.8
288.57715 	3400335.6
289.37876 	3400561.3
290.18036 	3400817.8
290.98196 	3401107
291.78357 	3401426
292.58517 	3401782.7
293.38677 	3402186.7
294.18838 	3402636.4
294.98998 	3403114.9
295.79158 	3403567.8
296.59319 	3403860.2
297.39479 	3403981.1
298.19639 	3404022.2
298.998 	3403997.3
299.7996 	3403966.1
300.6012 	3403917.5
301.40281 	3403783.4
302.20441 	3403681.5
303.00601 	3403526.9
303.80762 	3403300.6
304.60922 	3403058.5
306.21242 	3402639.7
307.01403 	3402412.4
307.81563 	3402183.1
308.61723 	3401928.5
309.41884 	3401646.6
310.22044 	3401448.3
311.02204 	3401152.2
311.82365 	3400595.2
312.62525 	3399815.5
313.42685 	3398520.2
314.22846 	3396110.5
315.03006 	3391238.1
315.83166 	3381464.8
316.63327 	3363424.9
317.43487 	3336532.2
318.23647 	3305523.8
319.03808 	3273966.7
319.83968 	3242495.1
320.64128 	3211069.6
321.44289 	3179656.6
322.24449 	3148248.9
323.04609 	3116848.6
323.8477 	3085456.9
324.6493 	3054070.9
325.4509 	3022685.5
326.25251 	2991296.5
327.05411 	2959902.1
327.85571 	2928502.2
328.65731 	2897097.5
329.45892 	2865688.3
330.26052 	2834274.8
331.06212 	2802857.2
331.86373 	2771435.6
332.66533 	2740009.8
333.46693 	2708579.8
334.26854 	2677145.7
335.07014 	2645708.2
335.87174 	2614268.8
336.67335 	2582829.7
337.47495 	2551392.9
338.27655 	2519960.2
339.07816 	2488531.8
339.87976 	2457106.7
340.68136 	2425683.1
341.48297 	2394258.8
342.28457 	2362832.2
343.08617 	2331402.3
343.88778 	2299968.9
344.68938 	2268532.6
345.49098 	2237093.8
346.29259 	2205653
347.09419 	2174209.8
347.89579 	2142763.3
348.69739 	2111312.5
349.499 	2079856.2
350.3006 	2048394.3
351.1022 	2016927.4
351.90381 	1985457
352.70541 	1953985.1
353.50701 	1922513.8
354.30862 	1891044.6
355.11022 	1859578.5
355.91182 	1828115.6
356.71343 	1796655.6
357.51503 	1765198
358.31663 	1733742.1
359.11824 	1702287.1
359.91984 	1670832.3
360.72144 	1639377.1
361.52305 	1607920.9
362.32465 	1576463.5
363.12625 	1545004.6
363.92786 	1513544.3
364.72946 	1482082.7
365.53106 	1450620.3
366.33267 	1419157.5
367.13427 	1387695
367.93587 	1356233.4
368.73747 	1324773.4
369.53908 	1293315.9
370.34068 	1261861.3
371.14228 	1230410.5
371.94389 	1198963.8
372.74549 	1167521.4
373.54709 	1136083.5
374.3487 	1104649.8
375.1503 	1073220.2
375.9519 	1041794.2
376.75351 	1010371.4
377.55511 	978951.6
379.15832 	916119.72
379.95992 	884707.38
381.56313 	821889.55
382.36473 	790484.02
383.16633 	759080.77
383.96794 	727679.79
384.76954 	696281.14
385.57114 	664884.85
386.37275 	633490.99
387.17435 	602099.56
387.97595 	570710.54
388.77756 	539323.86
389.57916 	507939.35
390.38076 	476556.75
391.18236 	445175.75
391.98397 	413795.98
392.78557 	382417.03
393.58717 	351038.52
394.38878 	319660.11
395.19038 	288281.49
395.99198 	256902.46
396.79359 	225522.9
397.59519 	194142.78
399.1984 	131381.21
400 	100764.34
