0 	3836477.7
0.35183948 	3828951
0.70367896 	3821026.6
1.0555184 	3813132.6
1.4073579 	3805227.9
1.7591974 	3797316.7
2.1110369 	3789400.6
2.4628764 	3781497.3
2.8147158 	3773569.6
3.1665553 	3765701.9
3.5183948 	3757786.1
3.8702343 	3749865.2
4.2220737 	3741931
4.9257527 	3726272.9
5.6294317 	3710467.9
5.9812711 	3702545.8
6.3331106 	3694625.3
8.092308 	3655022.7
8.795987 	3639181
9.1478265 	3631264.7
10.203345 	3607714.1
10.907024 	3591863.5
11.258863 	3583972.6
11.610703 	3576053
11.962542 	3568129.6
12.666221 	3552305.6
13.018061 	3544386
13.3699 	3536466.9
13.72174 	3528547.8
14.777258 	3504790.6
15.480937 	3488952.8
15.832777 	3481033.2
16.536456 	3465601
17.591974 	3444547.5
18.647492 	3421114.1
19.351171 	3407680.9
19.703011 	3399757.1
20.05485 	3391833.5
20.40669 	3383909.8
20.758529 	3375986.2
21.462208 	3360138.8
22.165887 	3344291.4
22.869566 	3328444
23.573245 	3312596.7
23.925085 	3304673.1
24.276924 	3296749.5
24.628764 	3288825.9
25.332442 	3272978.8
25.684282 	3265055.2
26.387961 	3249208.1
26.7398 	3241284.6
27.09164 	3233361.1
27.443479 	3225437.6
27.795319 	3217514.1
28.147158 	3209590.6
28.850837 	3193743.8
29.202677 	3185820.3
29.554516 	3177896.9
29.906356 	3169973.6
30.258195 	3162050.2
30.610035 	3154126.9
30.961874 	3146203.6
31.665553 	3130357.1
32.017393 	3122433.9
32.369232 	3114510.8
32.721072 	3106587.7
33.072911 	3098664.6
33.424751 	3090741.6
33.77659 	3082818.7
34.128429 	3074895.8
34.480269 	3066972.9
34.832108 	3059050.2
35.183948 	3051127.4
35.535787 	3043204.8
35.887627 	3035282.2
36.239466 	3027359.7
36.591306 	3019437.2
37.294985 	3003592.6
37.646824 	2995670.4
37.998664 	2987748.2
38.702343 	2971904.3
39.406022 	2956060.6
39.757861 	2948139
41.165219 	2916453.3
41.517059 	2908532.2
41.868898 	2900611.1
42.220737 	2892690.2
42.924416 	2876848.7
43.276256 	2868928.1
43.628095 	2861007.6
43.979935 	2853087.2
44.683614 	2837246.9
45.035453 	2829326.9
45.387293 	2821407.1
46.090972 	2805567.7
46.442811 	2797648.2
47.14649 	2781809.6
47.49833 	2773890.4
48.202009 	2758052.5
48.553848 	2750133.7
49.257527 	2734296.5
49.609367 	2726378
49.961206 	2718459.7
50.313045 	2710541.5
50.664885 	2702623.4
51.016724 	2694705.4
51.720403 	2678869.7
52.072243 	2670952.1
52.424082 	2663034.5
52.775922 	2655117.1
53.127761 	2647199.8
54.18328 	2623448.5
54.535119 	2615531.6
54.886959 	2607614.9
55.238798 	2599698.3
55.590638 	2591781.7
55.942477 	2583865.3
56.997996 	2560116.8
57.349835 	2552200.9
57.701675 	2544285.1
58.053514 	2536369.4
58.405354 	2528453.8
58.757193 	2520538.4
59.109032 	2512623.1
59.460872 	2504707.9
60.164551 	2488877.9
60.51639 	2480963.2
60.86823 	2473048.5
61.220069 	2465134
61.571909 	2457219.7
61.923748 	2449305.5
62.275588 	2441391.5
62.627427 	2433477.7
62.979267 	2425564
63.331106 	2417650.4
63.682946 	2409737
64.034785 	2401823.7
64.386625 	2393910.5
64.738464 	2385997.4
65.442143 	2370171
65.793983 	2362257.5
66.497662 	2346429.1
67.55318 	2322677.9
68.256859 	2306772.9
68.608698 	2298828.6
69.312377 	2293178.8
70.016056 	2293093.5
70.367896 	2293065.9
70.719735 	2293041
71.071575 	2293015.3
71.423414 	2292985.1
72.830772 	2292868.5
73.182612 	2292840.7
73.534451 	2292814
73.886291 	2292786.7
74.941809 	2292707
75.293648 	2292681.6
75.645488 	2292657.8
75.997327 	2292635.5
77.052846 	2292559.6
77.404685 	2292532.8
77.756525 	2292497.5
78.460204 	2292400.5
78.812043 	2290657.9
79.163883 	2283969
80.219401 	2260115.1
81.27492 	2236192.1
81.626759 	2228219.9
81.978599 	2220248.6
82.330438 	2212277.8
82.682278 	2204307.3
83.034117 	2196337.1
83.385957 	2188366.9
83.737796 	2180396.6
84.089635 	2172426.2
84.441475 	2164455.5
85.496993 	2140541.8
86.552512 	2116625.9
86.904351 	2108653.5
89.015388 	2060816.9
89.367228 	2052844.2
90.070907 	2036899.4
90.422746 	2028927.3
90.774586 	2020955.4
91.126425 	2012983.7
91.478265 	2005012.1
91.830104 	1997040.8
92.533783 	1981098.4
93.237462 	1965156.5
93.589301 	1957185.6
93.941141 	1949214.8
94.29298 	1941244.1
96.052178 	1901390.4
96.404017 	1893419.7
96.755857 	1885448.8
97.459536 	1869507.1
97.811375 	1861536.1
98.163215 	1853565.1
98.515054 	1845594
99.922412 	1813709.3
100.27425 	1805738
100.62609 	1797766.7
101.32977 	1781823.9
102.03345 	1765881
102.38529 	1757909.6
103.79265 	1726023.6
104.14449 	1718052.1
104.49633 	1710080.7
105.2 	1694137.8
105.90368 	1678194.9
106.25552 	1670223.5
106.60736 	1662252.2
108.01472 	1630367
108.36656 	1622395.8
108.7184 	1614424.6
109.07024 	1606453.5
109.77392 	1590511.3
110.12576 	1582540.2
110.82944 	1566598.2
111.18128 	1558627.2
111.53311 	1550656.2
111.88495 	1542685.3
112.58863 	1526743.5
112.94047 	1518772.6
113.29231 	1510801.7
113.64415 	1502830.9
113.99599 	1494860
114.34783 	1486889.2
114.69967 	1478918.3
115.05151 	1470947.5
115.40335 	1462976.7
115.75519 	1455005.8
116.45887 	1439064.1
116.81071 	1431093.2
117.16255 	1423122.3
117.51439 	1415151.4
118.21806 	1399209.6
118.5699 	1391238.6
118.92174 	1383267.7
119.27358 	1375296.7
119.62542 	1367325.7
119.97726 	1359354.6
120.3291 	1351383.5
120.68094 	1343412.5
121.03278 	1335441.3
121.38462 	1327470.2
121.73646 	1319499
122.0883 	1311527.8
122.79198 	1295585.4
123.14382 	1287614.1
123.49566 	1279642.8
123.8475 	1271671.5
124.19934 	1263700.2
124.55118 	1255728.8
124.90302 	1247757.5
125.25485 	1239786.1
125.60669 	1231814.7
126.66221 	1207900.4
127.01405 	1199928.9
127.36589 	1191957.5
127.71773 	1183986
128.06957 	1176014.5
128.42141 	1168043.1
128.77325 	1160071.6
129.12509 	1152100.1
129.47693 	1144128.6
130.18061 	1128185.7
130.53245 	1120214.3
130.88429 	1112242.8
131.23613 	1104271.4
132.29164 	1080357.2
132.64348 	1072385.8
132.99532 	1064414.5
133.699 	1048471.8
134.05084 	1040500.5
134.40268 	1032529.2
134.75452 	1024557.9
135.4582 	1008615.4
135.81004 	1000644.2
136.16188 	992673.07
136.51372 	984701.94
136.86556 	976730.83
137.56924 	960788.7
137.92108 	952817.68
138.27292 	944846.69
138.97659 	928904.8
139.68027 	912963.02
140.03211 	904992.17
140.38395 	897021.36
140.73579 	889050.57
141.08763 	881079.81
141.43947 	873109.08
141.79131 	865138.38
142.14315 	857167.71
142.49499 	849197.06
142.84683 	841226.43
144.25419 	809344.19
145.3097 	785432.74
145.66154 	777462.3
146.01338 	769491.88
146.36522 	761521.48
146.71706 	753551.09
147.0689 	745580.72
147.42074 	737610.37
148.12442 	721669.71
148.8281 	705729.09
149.17994 	697758.8
149.88362 	681818.25
150.23546 	673847.99
150.5873 	665877.74
151.29098 	649937.25
151.99465 	633996.79
152.69833 	618056.34
153.05017 	610086.12
153.40201 	602115.91
153.75385 	594145.69
154.45753 	578205.27
154.80937 	570235.07
155.16121 	562264.86
155.51305 	554294.65
155.86489 	546324.45
156.21673 	538354.24
156.56857 	530384.04
157.62409 	506473.43
157.97593 	498503.23
158.32777 	490533.03
158.67961 	482562.83
159.03144 	474592.63
159.38328 	466622.43
159.73512 	458652.24
160.08696 	450682.05
160.4388 	442711.85
160.79064 	434741.67
161.14248 	426771.48
161.49432 	418801.3
161.84616 	410831.12
162.90168 	386920.61
163.25352 	378950.45
163.9572 	363010.15
164.30904 	355040
164.66088 	347069.87
165.01272 	339099.74
165.71639 	323159.5
166.06823 	315189.4
167.12375 	291279.13
167.47559 	283309.06
167.82743 	275338.99
168.17927 	267368.94
168.53111 	259398.89
169.23479 	243458.83
169.58663 	235488.82
169.93847 	227518.81
170.64215 	211578.82
170.99399 	203608.84
171.34583 	195638.88
171.69767 	187668.92
172.04951 	179698.97
172.40134 	171729.02
172.75318 	163759.09
173.10502 	155789.17
174.16054 	131879.46
174.51238 	123909.58
174.86422 	115939.71
