0 	8298020.9
6.4128257 	8181702.1
34.468938 	7809557
37.675351 	7732054.7
40.881764 	7654450.1
50.501002 	7415553.4
53.707415 	7334394.1
62.52505 	7113173.8
65.731463 	7041010.3
68.937876 	7017082.6
69.739479 	7004572.4
96.993988 	6465921.8
103.40681 	6352032.3
106.61323 	6280023.9
116.23246 	6037603.7
123.44689 	5819244.3
125.05 	5775700.3
125.8517 	5756377.9
128.25651 	5706226.5
131.46293 	5646824
151.50301 	5402528.1
153.90782 	5401521.9
156.31263 	5400509.8
159.51904 	5399084.3
166.73347 	5396869.4
169.13828 	5396107
175.5511 	5399085.2
176.35271 	5399149.1
187.57515 	5400336.2
190.78156 	5400996.9
200.4008 	5395829.5
201.2024 	5395288.9
202.00401 	5394890.4
202.80561 	5394801.8
203.60721 	5394980
204.40882 	5395031.5
205.21042 	5395063.9
206.01202 	5395102.1
206.81363 	5395091.9
207.61523 	5395138.5
208.41683 	5394979.3
209.21844 	5394317.7
210.02004 	5392840.1
210.82164 	5389544
211.62325 	5382852.4
212.42485 	5370406.8
213.22645 	5351364.5
214.02806 	5329068.3
214.82966 	5306336.1
215.63126 	5283667.7
216.43287 	5261011.3
217.23447 	5238347.7
218.03607 	5215690
219.63928 	5170419.9
220.44088 	5147802.3
221.24248 	5125189.7
222.04409 	5102577.7
222.84569 	5079962.5
223.64729 	5057342
224.4489 	5034715.2
225.2505 	5012082.8
226.0521 	4989446.4
227.65531 	4944168.6
228.45691 	4921530
229.25852 	4898892.4
230.86172 	4853622.2
231.66333 	4830990.5
232.46493 	4808362
234.06814 	4763118.9
234.86974 	4740506.6
235.67134 	4717901.9
236.47295 	4695305.8
237.27455 	4672719
238.07615 	4650142
238.87776 	4627575.5
239.67936 	4605020.1
240.48096 	4582476.6
241.28257 	4559945.7
242.08417 	4537428.2
242.88577 	4514925
243.68737 	4492436.6
244.48898 	4469963.6
245.29058 	4447506.4
246.09218 	4425065.7
246.89379 	4402641.9
247.69539 	4380235.6
248.49699 	4357847.3
249.2986 	4335477.8
250.1002 	4313127.6
250.9018 	4290797.1
251.70341 	4268486.6
252.50501 	4246196.4
253.30661 	4223926.1
254.10822 	4201675.4
254.90982 	4179443.5
255.71142 	4157229.3
256.51303 	4135031.1
257.31463 	4112846.8
258.11623 	4090673.8
258.91784 	4068509.3
259.71944 	4046349.8
260.52104 	4024191.3
261.32265 	4002030
262.12425 	3979861.4
262.92585 	3957681.1
263.72745 	3935484.8
264.52906 	3913268.1
265.33066 	3891027
266.13226 	3868757.7
266.93387 	3846457
267.73547 	3824122.2
268.53707 	3801751
269.33868 	3779341.8
270.14028 	3756893.8
270.94188 	3734406.8
271.74349 	3711881.1
272.54509 	3689317.9
273.34669 	3666719
274.1483 	3644086.5
274.9499 	3621423.2
274.95 	3621420.4
275.7515 	3598732.2
276.55311 	3576016.8
277.35471 	3553280.6
278.95792 	3507760.6
279.75952 	3484984.3
280.56112 	3462202.3
281.36273 	3439418
282.16433 	3416634.8
282.96593 	3393855.5
283.76754 	3371082.7
284.56914 	3348318.3
285.37074 	3325563.6
286.17234 	3302819.5
286.97395 	3280086.4
288.57715 	3234653.1
289.37876 	3211952.4
290.18036 	3189261.7
290.98196 	3166580.3
291.78357 	3143907.9
292.58517 	3121243.6
293.38677 	3098587.1
294.18838 	3075937.6
294.98998 	3053294.5
295.79158 	3030657
296.59319 	3008024.5
297.39479 	2985396.3
298.19639 	2962771.7
298.998 	2940150
299.7996 	2917530.8
300.6012 	2894913.5
301.40281 	2872297.9
302.20441 	2849683.8
303.00601 	2827071.2
303.80762 	2804459.9
304.60922 	2781850.1
306.21242 	2736635.3
307.01403 	2714030.6
307.81563 	2691427.9
308.61723 	2668827.2
309.41884 	2646228.7
310.22044 	2623632.4
311.02204 	2601038.3
311.82365 	2578446.5
312.62525 	2555856.9
313.42685 	2533269.5
314.22846 	2510684.4
315.03006 	2488101.3
315.83166 	2465520.2
316.63327 	2442941
317.43487 	2420363.6
318.23647 	2397787.8
319.03808 	2375213.5
319.83968 	2352640.5
320.64128 	2330068.8
321.44289 	2307498.1
322.24449 	2284928.6
323.04609 	2262360
323.8477 	2239792.5
324.6493 	2217226.1
325.4509 	2194660.9
326.25251 	2172096.9
327.05411 	2149534.5
327.85571 	2126973.8
328.65731 	2104414.9
329.45892 	2081858.2
330.26052 	2059303.8
331.06212 	2036751.8
331.86373 	2014202.3
332.66533 	1991655.3
333.46693 	1969110.9
334.26854 	1946568.9
335.07014 	1924029
335.87174 	1901491.1
336.67335 	1878955
337.47495 	1856420.2
338.27655 	1833886.6
339.07816 	1811353.9
339.87976 	1788821.9
340.68136 	1766290.2
341.48297 	1743758.8
342.28457 	1721227.6
343.08617 	1698696.3
343.88778 	1676165
344.68938 	1653633.6
345.49098 	1631102.1
346.29259 	1608570.5
347.09419 	1586038.7
347.89579 	1563506.7
348.69739 	1540974.6
349.499 	1518442.4
350.3006 	1495910
351.1022 	1473377.5
351.90381 	1450844.9
352.70541 	1428312.2
353.50701 	1405779.4
354.30862 	1383246.5
355.11022 	1360713.7
355.91182 	1338180.8
356.71343 	1315648.1
357.51503 	1293115.4
358.31663 	1270582.9
359.11824 	1248050.7
359.91984 	1225518.8
360.72144 	1202987.4
361.52305 	1180456.4
362.32465 	1157926
363.12625 	1135396.3
363.92786 	1112867.3
364.72946 	1090339.1
365.53106 	1067811.8
366.33267 	1045285.4
367.13427 	1022759.9
367.93587 	1000235.4
368.73747 	977711.74
369.53908 	955189.01
370.34068 	932667.12
371.14228 	910146.04
371.94389 	887625.71
372.74549 	865106.08
373.54709 	842587.13
374.3487 	820068.83
375.1503 	797551.17
375.9519 	775034.15
376.75351 	752517.81
377.55511 	730002.18
379.15832 	684973.35
379.95992 	662460.28
381.56313 	617437.29
382.36473 	594927.53
383.16633 	572419.02
383.96794 	549911.83
384.76954 	527406.01
385.57114 	504901.57
386.37275 	482398.53
387.17435 	459896.87
387.97595 	437396.58
388.77756 	414897.6
389.57916 	392399.87
390.38076 	369903.3
391.18236 	347407.81
391.98397 	324913.3
392.78557 	302419.66
393.58717 	279926.79
394.38878 	257434.58
395.19038 	234942.93
395.99198 	212451.75
396.79359 	189960.95
397.59519 	167470.44
399.1984 	122490.04
400 	100547.78
