0 	3836483.1
0.35183948 	3829068.7
0.70367896 	3821293.8
1.0555184 	3813671.7
1.4073579 	3805940.8
1.7591974 	3798148.3
2.1110369 	3790416.2
2.4628764 	3782864
2.8147158 	3775317.8
3.1665553 	3767529.5
3.5183948 	3759767.2
3.8702343 	3751988.3
4.2220737 	3744227.6
4.9257527 	3728710.6
5.6294317 	3713153.1
5.9812711 	3705493.9
6.3331106 	3697636.3
8.092308 	3660356.5
8.795987 	3644767.7
9.1478265 	3640342.3
10.203345 	3617261.6
10.907024 	3601663.1
11.258863 	3593863.9
11.610703 	3586064.7
11.962542 	3578265.6
12.666221 	3562667.3
13.018061 	3554868.3
13.3699 	3547069.3
13.72174 	3539270.4
14.777258 	3515873.8
15.480937 	3500276.4
15.832777 	3492477.8
16.536456 	3476880.7
17.591974 	3453485.3
18.647492 	3430090.1
19.351171 	3414493.3
19.703011 	3406694.9
20.05485 	3398896.5
20.40669 	3391098
20.758529 	3383299.4
21.462208 	3367702.2
22.165887 	3352104.7
22.869566 	3336507.3
23.573245 	3320910.5
23.925085 	3313112.5
24.276924 	3305314.8
24.628764 	3297517.1
25.332442 	3281880.2
25.684282 	3274340.8
26.387961 	3270271.7
26.7398 	3270224.8
27.09164 	3270189.6
27.443479 	3270154.9
27.795319 	3270120.1
28.147158 	3270085.3
28.850837 	3270015.6
29.202677 	3269980.7
29.554516 	3269945.7
29.906356 	3269910.6
30.258195 	3269875.4
30.610035 	3269840.2
30.961874 	3269804.5
31.665553 	3269738.4
32.017393 	3269696.6
32.369232 	3269635.3
32.721072 	3269387.3
33.072911 	3265192.9
33.424751 	3257680.7
33.77659 	3249878.2
34.128429 	3242062.2
34.480269 	3234245.3
34.832108 	3226428
35.183948 	3218610.5
35.535787 	3210793
35.887627 	3202975.5
36.239466 	3195158.1
36.591306 	3187340.9
37.294985 	3171707.1
37.646824 	3163890.4
37.998664 	3156073.9
38.702343 	3140441.2
39.406022 	3124808.7
39.757861 	3116992.5
41.165219 	3085727.6
41.517059 	3077911.3
41.868898 	3070095.1
42.220737 	3062278.8
42.924416 	3046646.1
43.276256 	3038829.7
43.628095 	3031013.3
43.979935 	3023196.9
44.683614 	3007563.9
45.035453 	2999747.4
45.387293 	2991930.8
46.090972 	2976297.6
46.442811 	2968480.9
47.14649 	2952847.5
47.49833 	2945030.8
48.202009 	2929397.2
48.553848 	2921580.3
49.257527 	2905946.5
49.609367 	2898129.6
49.961206 	2890312.6
50.313045 	2882495.6
50.664885 	2874678.6
51.016724 	2866861.6
51.720403 	2851227.5
52.072243 	2843410.4
52.424082 	2835593.3
52.775922 	2827776.2
53.127761 	2819959.1
54.18328 	2796507.7
54.535119 	2788690.5
54.886959 	2780873.4
55.238798 	2773056.2
55.590638 	2765239
55.942477 	2757421.9
56.997996 	2733970.4
57.349835 	2726153.3
57.701675 	2718336.1
58.053514 	2710519
58.405354 	2702701.9
58.757193 	2694884.8
59.109032 	2687067.7
59.460872 	2679250.6
60.164551 	2663616.4
60.51639 	2655799.3
60.86823 	2647982.3
61.220069 	2640165.2
61.571909 	2632348.2
61.923748 	2624531.2
62.275588 	2616714.2
62.627427 	2608897.2
62.979267 	2601080.2
63.331106 	2593263.3
63.682946 	2585446.3
64.034785 	2577629.4
64.386625 	2569812.4
64.738464 	2561995.5
65.442143 	2546361.7
65.793983 	2538544.8
66.497662 	2522911.1
67.55318 	2499460.6
68.256859 	2483827
68.608698 	2476010.2
69.312377 	2460376.7
70.016056 	2444743.2
70.367896 	2436926.4
70.719735 	2429109.7
71.071575 	2421292.9
71.423414 	2413476.2
72.830772 	2382209.4
73.182612 	2374392.7
73.534451 	2366576
73.886291 	2358759.3
74.941809 	2335309.3
75.293648 	2327492.7
75.645488 	2319676
75.997327 	2311859.3
77.052846 	2288409.3
77.404685 	2280592.7
77.756525 	2272776
78.460204 	2257142.7
78.812043 	2249326
79.163883 	2241509.4
80.219401 	2218059.4
81.27492 	2194609.3
81.626759 	2186792.6
81.978599 	2178975.9
82.330438 	2171159.2
82.682278 	2163342.5
83.034117 	2155525.8
83.385957 	2147709.1
83.737796 	2139892.4
84.089635 	2132075.6
84.441475 	2124258.9
85.496993 	2100808.6
86.552512 	2077358.3
86.904351 	2069541.5
89.015388 	2022640.5
89.367228 	2014823.7
90.070907 	1999189.9
90.422746 	1991373
90.774586 	1983556.1
91.126425 	1975739.2
91.478265 	1967922.2
91.830104 	1960105.3
92.533783 	1944471.4
93.237462 	1928837.4
93.589301 	1921020.4
93.941141 	1913203.4
94.29298 	1905386.4
96.052178 	1866301.2
96.404017 	1858484.1
96.755857 	1850667.1
97.459536 	1835032.9
97.811375 	1827215.8
98.163215 	1819398.7
98.515054 	1811581.6
99.922412 	1780313
100.27425 	1772495.9
100.62609 	1764678.7
101.32977 	1749044.4
102.03345 	1733410.1
102.38529 	1725592.9
103.79265 	1694324.2
104.14449 	1686507.1
104.49633 	1678689.9
105.2 	1663055.6
105.90368 	1647421.3
106.25552 	1639604.1
106.60736 	1631787
108.01472 	1600518.5
108.36656 	1592701.4
108.7184 	1584884.3
109.07024 	1577067.2
109.77392 	1561433
110.12576 	1553616
110.82944 	1537981.9
111.18128 	1530164.9
111.53311 	1522347.9
111.88495 	1514530.9
112.58863 	1498896.9
112.94047 	1491080
113.29231 	1483263.1
113.64415 	1475446.1
113.99599 	1467629.2
114.34783 	1459812.4
114.69967 	1451995.5
115.05151 	1444178.7
115.40335 	1436361.8
115.75519 	1428545
116.45887 	1412911.5
116.81071 	1405094.7
117.16255 	1397278
117.51439 	1389461.3
118.21806 	1373827.9
118.5699 	1366011.3
118.92174 	1358194.7
119.27358 	1350378.1
119.62542 	1342561.5
119.97726 	1334744.9
120.3291 	1326928.4
120.68094 	1319111.9
121.03278 	1311295.4
121.38462 	1303478.9
121.73646 	1295662.5
122.0883 	1287846.1
122.79198 	1272213.3
123.14382 	1264396.9
123.49566 	1256580.6
123.8475 	1248764.3
124.19934 	1240948
124.55118 	1233131.7
124.90302 	1225315.5
125.25485 	1217499.3
125.60669 	1209683.1
126.66221 	1186234.6
127.01405 	1178418.5
127.36589 	1170602.4
127.71773 	1162786.3
128.06957 	1154970.3
128.42141 	1147154.3
128.77325 	1139338.3
129.12509 	1131522.3
129.47693 	1123706.3
130.18061 	1108074.5
130.53245 	1100258.6
130.88429 	1092442.7
131.23613 	1084626.8
132.29164 	1061179.4
132.64348 	1053363.6
132.99532 	1045547.8
133.699 	1029916.4
134.05084 	1022100.7
134.40268 	1014285
134.75452 	1006469.3
135.4582 	990838.06
135.81004 	983022.46
136.16188 	975206.87
136.51372 	967391.29
136.86556 	959575.74
137.56924 	943944.69
137.92108 	936129.19
138.27292 	928313.71
138.97659 	912682.8
139.68027 	897051.96
140.03211 	889236.57
140.38395 	881421.19
140.73579 	873605.83
141.08763 	865790.49
141.43947 	857975.16
141.79131 	850159.86
142.14315 	842344.57
142.49499 	834529.29
142.84683 	826714.04
144.25419 	795453.19
145.3097 	772007.73
145.66154 	764192.62
146.01338 	756377.52
146.36522 	748562.43
146.71706 	740747.37
147.0689 	732932.32
147.42074 	725117.29
148.12442 	709487.28
148.8281 	693857.34
149.17994 	686042.4
149.88362 	670412.57
150.23546 	662597.68
150.5873 	654782.81
151.29098 	639153.12
151.99465 	623523.5
152.69833 	607893.95
153.05017 	600079.21
153.40201 	592264.48
153.75385 	584449.77
154.45753 	568820.4
154.80937 	561005.75
155.16121 	553191.11
155.51305 	545376.49
155.86489 	537561.89
156.21673 	529747.31
156.56857 	521932.74
157.62409 	498489.16
157.97593 	490674.67
158.32777 	482860.2
158.67961 	475045.74
159.03144 	467231.3
159.38328 	459416.88
159.73512 	451602.48
160.08696 	443788.09
160.4388 	435973.73
160.79064 	428159.38
161.14248 	420345.05
161.49432 	412530.73
161.84616 	404716.44
162.90168 	381273.65
163.25352 	373459.42
163.9572 	357831.01
164.30904 	350016.83
164.66088 	342202.66
165.01272 	334388.52
165.71639 	318760.27
166.06823 	310946.17
167.12375 	287503.96
167.47559 	279689.91
167.82743 	271875.89
168.17927 	264061.87
168.53111 	256247.87
169.23479 	240619.92
169.58663 	232805.96
169.93847 	224992.01
170.64215 	209364.15
170.99399 	201550.25
171.34583 	193736.35
171.69767 	185922.46
172.04951 	178108.59
172.40134 	170294.72
172.75318 	162480.87
173.10502 	154667.02
174.16054 	131225.55
174.51238 	123411.74
174.86422 	115597.91
