0 	3836456
0.35183948 	3828697.3
0.70367896 	3820586.4
1.0555184 	3812477.2
1.4073579 	3804368.1
1.7591974 	3796248.5
2.1110369 	3788164.8
2.4628764 	3780051.6
2.8147158 	3771942.6
3.1665553 	3763833.7
3.5183948 	3755724.8
3.8702343 	3747616.1
4.2220737 	3739461.1
4.9257527 	3723319.9
5.6294317 	3707113.9
5.9812711 	3699011.1
6.3331106 	3690904.4
8.092308 	3650364.8
8.795987 	3634148.9
9.1478265 	3626104.3
10.203345 	3601945.9
10.907024 	3585878.2
11.258863 	3577768.9
11.610703 	3569663.5
11.962542 	3561585.8
12.666221 	3545399.7
13.018061 	3537289.4
13.3699 	3529177.1
13.72174 	3521072
14.777258 	3496740.6
15.480937 	3480843.1
15.832777 	3472724.4
16.536456 	3456488.4
17.591974 	3432134
18.647492 	3407779.2
19.351171 	3391572.5
19.703011 	3383455.5
20.05485 	3375336.5
20.40669 	3367217.5
20.758529 	3359098.6
21.462208 	3342860.8
22.165887 	3326622.9
22.869566 	3310385.1
23.573245 	3294147.2
23.925085 	3286028.3
24.276924 	3277909.4
24.628764 	3269790.5
25.332442 	3253552.8
25.684282 	3245433.9
26.387961 	3229196.3
26.7398 	3221077.4
27.09164 	3212958.6
27.443479 	3204839.8
27.795319 	3196721
28.147158 	3188602.1
28.850837 	3172350.9
29.202677 	3164307.3
29.554516 	3158746.9
29.906356 	3151938.6
30.258195 	3143857.8
30.610035 	3135742.1
30.961874 	3127639.5
31.665553 	3114748.5
32.017393 	3106659.3
32.369232 	3098524.4
32.721072 	3090388.6
33.072911 	3082252.6
33.424751 	3074116.7
33.77659 	3065980.7
34.128429 	3057844.7
34.480269 	3049708.5
34.832108 	3041572.4
35.183948 	3033436.1
35.535787 	3025299.8
35.887627 	3017163.4
36.239466 	3009026.9
36.591306 	3000890.3
37.294985 	2984616.7
37.646824 	2976479.8
37.998664 	2968342.8
38.702343 	2952068.3
39.406022 	2935793.5
39.757861 	2927655.9
41.165219 	2895104.2
41.517059 	2886965.9
41.868898 	2878827.6
42.220737 	2870689
42.924416 	2854411.6
43.276256 	2846272.6
43.628095 	2838133.4
43.979935 	2829994.2
44.683614 	2813715
45.035453 	2805575.2
45.387293 	2797435.2
46.090972 	2781154.6
46.442811 	2773014.1
47.14649 	2756732.3
47.49833 	2748591.2
48.202009 	2732308.2
48.553848 	2724166.5
49.257527 	2707882.3
49.609367 	2699740
49.961206 	2691597.4
50.313045 	2683454.7
50.664885 	2675311.7
51.016724 	2667168.6
51.720403 	2650881.8
52.072243 	2642738.2
52.424082 	2634594.4
52.775922 	2626450.4
53.127761 	2618306.3
54.18328 	2593873.1
54.535119 	2585728.4
54.886959 	2577583.7
55.238798 	2569438.8
55.590638 	2561293.8
55.942477 	2553148.8
56.997996 	2528713.2
57.349835 	2520567.8
57.701675 	2512422.4
58.053514 	2504277
58.405354 	2496131.5
58.757193 	2487986
59.109032 	2479840.4
59.460872 	2471694.9
60.164551 	2455403.7
60.51639 	2447258.1
60.86823 	2439112.5
61.220069 	2430966.9
61.571909 	2422821.3
61.923748 	2414675.8
62.275588 	2406530.2
62.627427 	2398384.7
62.979267 	2390239.2
63.331106 	2382093.7
63.682946 	2373948.2
64.034785 	2365802.8
64.386625 	2357657.4
64.738464 	2349512.1
65.442143 	2333221.5
65.793983 	2325076.3
66.497662 	2308786
67.55318 	2284351.1
68.256859 	2268061.5
68.608698 	2259916.8
69.312377 	2243627.6
70.016056 	2227338.8
70.367896 	2219194.6
70.719735 	2211050.4
71.071575 	2202906.4
71.423414 	2194762.4
72.830772 	2162187.9
73.182612 	2154044.6
73.534451 	2145901.4
73.886291 	2137758.4
74.941809 	2113330.4
75.293648 	2105188
75.645488 	2097045.8
75.997327 	2088903.9
77.052846 	2064479.1
77.404685 	2056337.9
77.756525 	2048197
78.460204 	2031915.7
78.812043 	2023775.4
79.163883 	2015635.4
80.219401 	1991216.7
81.27492 	1966800.2
81.626759 	1958661.8
81.978599 	1950523.7
82.330438 	1942385.7
82.682278 	1934248.1
83.034117 	1926110.6
83.385957 	1917973.3
83.737796 	1909836.3
84.089635 	1901699.4
84.441475 	1893562.7
85.496993 	1869153.7
86.552512 	1844746
86.904351 	1836610.3
89.015388 	1787798.3
89.367228 	1779663.2
90.070907 	1763393.4
90.422746 	1755258.6
90.774586 	1747124
91.126425 	1738989.4
91.478265 	1730854.9
91.830104 	1722720.6
92.533783 	1706452.2
93.237462 	1690184.3
93.589301 	1682050.6
93.941141 	1673916.9
94.29298 	1665783.3
96.052178 	1625117
96.404017 	1616984
96.755857 	1608851.1
97.459536 	1592585.7
97.811375 	1584453.2
98.163215 	1576320.8
98.515054 	1568188.7
99.922412 	1535636.5
100.27425 	1527561.9
100.62609 	1521263.6
101.32977 	1506990.8
102.03345 	1490968.6
102.38529 	1483820.1
103.79265 	1470628.8
104.14449 	1470511.3
104.49633 	1470480.3
105.2 	1470451
105.90368 	1470434.2
106.25552 	1470426
106.60736 	1470397.4
108.01472 	1470276
108.36656 	1470243.9
108.7184 	1470210.1
109.07024 	1470177.4
109.77392 	1470126.4
110.12576 	1470106.8
110.82944 	1470056.5
111.18128 	1470032.5
111.53311 	1470007.3
111.88495 	1469978.7
112.58863 	1469912.4
112.94047 	1469878.4
113.29231 	1469841.6
113.64415 	1469804.3
113.99599 	1469768.5
114.34783 	1469733.7
114.69967 	1469699.5
115.05151 	1469666
115.40335 	1469632.4
115.75519 	1469596.8
116.45887 	1469520.7
116.81071 	1469465.7
117.16255 	1469413.1
117.51439 	1469222.6
118.21806 	1458573.3
118.5699 	1450283.6
118.92174 	1441943.7
119.27358 	1433601.2
119.62542 	1425259
119.97726 	1416917
120.3291 	1408575.3
120.68094 	1400234.1
121.03278 	1391893.1
121.38462 	1383552.5
121.73646 	1375212.2
122.0883 	1366872.1
122.79198 	1350192.6
123.14382 	1341853.1
123.49566 	1333513.8
123.8475 	1325174.5
124.19934 	1316835.5
124.55118 	1308496.5
124.90302 	1300157.7
125.25485 	1291819
125.60669 	1283480.4
126.66221 	1258465.5
127.01405 	1250127.6
127.36589 	1241789.8
127.71773 	1233452.2
128.06957 	1225114.8
128.42141 	1216777.6
128.77325 	1208440.6
129.12509 	1200103.8
129.47693 	1191767.2
130.18061 	1175094.6
130.53245 	1166758.7
130.88429 	1158423
131.23613 	1150087.5
132.29164 	1125082.3
132.64348 	1116747.7
132.99532 	1108413.2
133.699 	1091745
134.05084 	1083411.1
134.40268 	1075077.5
134.75452 	1066744
135.4582 	1050077.6
135.81004 	1041744.7
136.16188 	1033411.9
136.51372 	1025079.2
136.86556 	1016746.7
137.56924 	1000082.1
137.92108 	991749.96
138.27292 	983417.93
138.97659 	966754.15
139.68027 	950090.67
140.03211 	941759.02
140.38395 	933427.43
140.73579 	925095.88
141.08763 	916764.37
141.43947 	908432.89
141.79131 	900101.43
142.14315 	891770
142.49499 	883438.59
142.84683 	875107.19
144.25419 	841781.72
145.3097 	816787.75
145.66154 	808456.46
146.01338 	800125.19
146.36522 	791793.95
146.71706 	783462.72
147.0689 	775131.53
147.42074 	766800.35
148.12442 	750138.1
148.8281 	733475.96
149.17994 	725144.94
149.88362 	708482.96
150.23546 	700152.01
150.5873 	691821.07
151.29098 	675159.24
151.99465 	658497.4
152.69833 	641835.52
153.05017 	633504.53
153.40201 	625173.51
153.75385 	616842.45
154.45753 	600180.13
154.80937 	591848.87
155.16121 	583517.51
155.51305 	575186.06
155.86489 	566854.5
156.21673 	558522.83
156.56857 	550191.03
157.62409 	525194.77
157.97593 	516862.37
158.32777 	508529.8
158.67961 	500197.05
159.03144 	491864.12
159.38328 	483530.99
159.73512 	475197.67
160.08696 	466864.14
160.4388 	458530.41
160.79064 	450196.46
161.14248 	441862.3
161.49432 	433527.92
161.84616 	425193.32
162.90168 	400188.19
163.25352 	391852.69
163.9572 	375181.04
164.30904 	366844.87
164.66088 	358508.49
165.01272 	350171.89
165.71639 	333498.06
166.06823 	325160.83
167.12375 	300147.94
167.47559 	291809.93
167.82743 	283471.74
168.17927 	275133.37
168.53111 	266794.83
169.23479 	250117.26
169.58663 	241778.25
169.93847 	233439.09
170.64215 	216760.39
170.99399 	208420.85
171.34583 	200081.21
171.69767 	191741.46
172.04951 	183401.61
172.40134 	175061.69
172.75318 	166721.68
173.10502 	158381.61
174.16054 	133361.08
174.51238 	125020.83
174.86422 	116680.56
