0 	9301557.1
6.4128257 	9169127.1
34.468938 	8641386.3
37.675351 	8573704.7
40.881764 	8501402.4
50.501002 	8286613.3
53.707415 	8209688.4
62.52505 	7999735
65.731463 	7991774
68.937876 	7991103.9
69.739479 	7990908.7
96.993988 	7755194.8
103.40681 	7593097.3
106.61323 	7512018.5
116.23246 	7268830.9
123.44689 	7086603.3
125.05 	7046134.7
125.8517 	7025899.5
128.25651 	6965211.8
131.46293 	6884312.5
151.50301 	6378360.9
153.90782 	6317550.2
156.31263 	6256720.9
159.51904 	6175595.9
166.73347 	5993066.2
169.13828 	5932248
175.5511 	5770177.6
176.35271 	5749931.6
187.57515 	5466766.2
190.78156 	5385917.3
200.4008 	5143278.8
201.2024 	5123045.5
202.00401 	5102809.6
202.80561 	5082571
203.60721 	5062329.8
204.40882 	5042086
205.21042 	5021839.6
206.01202 	5001590.6
206.81363 	4981339.1
207.61523 	4961085.3
208.41683 	4940829.1
209.21844 	4920570.8
210.02004 	4900310.4
210.82164 	4880048.1
211.62325 	4859784.1
212.42485 	4839518.5
213.22645 	4819251.4
214.02806 	4798983.1
214.82966 	4778713.7
215.63126 	4758443.4
216.43287 	4738172.3
217.23447 	4717900.7
218.03607 	4697628.6
219.63928 	4657083.9
220.44088 	4636811.5
221.24248 	4616539.4
222.04409 	4596267.5
222.84569 	4575996.1
223.64729 	4555725.3
224.4489 	4535455.1
225.2505 	4515185.8
226.0521 	4494917.2
227.65531 	4454383.1
228.45691 	4434117.6
229.25852 	4413853.2
230.86172 	4373327.8
231.66333 	4353066.8
232.46493 	4332807.1
234.06814 	4292291.1
234.86974 	4272034.8
235.67134 	4251779.7
236.47295 	4231525.6
237.27455 	4211272.5
238.07615 	4191020.4
238.87776 	4170769.3
239.67936 	4150519
240.48096 	4130269.5
241.28257 	4110020.7
242.08417 	4089772.6
242.88577 	4069525.1
243.68737 	4049278.1
244.48898 	4029031.5
245.29058 	4008785.3
246.09218 	3988539.4
246.89379 	3968293.8
247.69539 	3948048.3
248.49699 	3927802.9
249.2986 	3907557.5
250.1002 	3887312
250.9018 	3867066.5
251.70341 	3846820.9
252.50501 	3826575
253.30661 	3806328.9
254.10822 	3786082.5
254.90982 	3765835.8
255.71142 	3745588.7
256.51303 	3725341.3
257.31463 	3705093.4
258.11623 	3684845.1
258.91784 	3664596.3
259.71944 	3644347.1
260.52104 	3624097.5
261.32265 	3603847.3
262.12425 	3583596.7
262.92585 	3563345.7
263.72745 	3543094.2
264.52906 	3522842.3
265.33066 	3502590
266.13226 	3482337.3
266.93387 	3462084.3
267.73547 	3441831.1
268.53707 	3421577.6
269.33868 	3401323.9
270.14028 	3381070.1
270.94188 	3360816.2
271.74349 	3340562.4
272.54509 	3320308.6
273.34669 	3300055
274.1483 	3279801.6
274.9499 	3259548.6
274.95 	3259546
275.7515 	3239295.8
276.55311 	3219043.6
277.35471 	3198791.8
278.95792 	3158290.1
279.75952 	3138040.3
280.56112 	3117791.1
281.36273 	3097542.8
282.16433 	3077295.2
282.96593 	3057048.4
283.76754 	3036802.4
284.56914 	3016557.2
285.37074 	2996312.8
286.17234 	2976069.2
286.97395 	2955826.2
288.57715 	2915342.1
289.37876 	2895100.9
290.18036 	2874860.1
290.98196 	2854619.6
291.78357 	2834379.4
292.58517 	2814139.3
293.38677 	2793899.2
294.18838 	2773659.1
294.98998 	2753418.7
295.79158 	2733178.1
296.59319 	2712937
297.39479 	2692695.4
298.19639 	2672453.1
298.998 	2652210.1
299.7996 	2631966.3
300.6012 	2611721.5
301.40281 	2591475.7
302.20441 	2571228.8
303.00601 	2550980.7
303.80762 	2530731.4
304.60922 	2510480.9
306.21242 	2469975.7
307.01403 	2449721.1
307.81563 	2429465.2
308.61723 	2409207.8
309.41884 	2388949.1
310.22044 	2368689.1
311.02204 	2348427.7
311.82365 	2328165.1
312.62525 	2307901.3
313.42685 	2287636.3
314.22846 	2267370.2
315.03006 	2247103.2
315.83166 	2226835.2
316.63327 	2206566.3
317.43487 	2186296.8
318.23647 	2166026.5
319.03808 	2145755.7
319.83968 	2125484.5
320.64128 	2105212.9
321.44289 	2084941.1
322.24449 	2064669.2
323.04609 	2044397.3
323.8477 	2024125.4
324.6493 	2003853.8
325.4509 	1983582.4
326.25251 	1963311.5
327.05411 	1943041.1
327.85571 	1922771.2
328.65731 	1902502.1
329.45892 	1882233.8
330.26052 	1861966.3
331.06212 	1841699.7
331.86373 	1821434.1
332.66533 	1801169.6
333.46693 	1780906.2
334.26854 	1760644
335.07014 	1740382.9
335.87174 	1720123.1
336.67335 	1699864.5
337.47495 	1679607.1
338.27655 	1659351
339.07816 	1639096.1
339.87976 	1618842.4
340.68136 	1598589.9
341.48297 	1578338.6
342.28457 	1558088.4
343.08617 	1537839.2
343.88778 	1517591
344.68938 	1497343.7
345.49098 	1477097.2
346.29259 	1456851.5
347.09419 	1436606.5
347.89579 	1416362
348.69739 	1396118
349.499 	1375874.4
350.3006 	1355631.1
351.1022 	1335387.9
351.90381 	1315144.7
352.70541 	1294901.5
353.50701 	1274658.2
354.30862 	1254414.6
355.11022 	1234170.6
355.91182 	1213926.3
356.71343 	1193681.4
357.51503 	1173435.9
358.31663 	1153189.8
359.11824 	1132942.9
359.91984 	1112695.3
360.72144 	1092446.9
361.52305 	1072197.6
362.32465 	1051947.5
363.12625 	1031696.5
363.92786 	1011444.6
364.72946 	991191.92
365.53106 	970938.35
366.33267 	950683.97
367.13427 	930428.8
367.93587 	910172.89
368.73747 	889916.29
369.53908 	869659.05
370.34068 	849401.23
371.14228 	829142.9
371.94389 	808884.13
372.74549 	788624.99
373.54709 	768365.56
374.3487 	748105.92
375.1503 	727846.14
375.9519 	707586.3
376.75351 	687326.49
377.55511 	667066.77
379.15832 	626547.91
379.95992 	606288.92
381.56313 	565772.12
382.36473 	545514.43
383.16633 	525257.29
383.96794 	505000.72
384.76954 	484744.78
385.57114 	464489.5
386.37275 	444234.89
387.17435 	423980.97
387.97595 	403727.76
388.77756 	383475.26
389.57916 	363223.46
390.38076 	342972.35
391.18236 	322721.91
391.98397 	302472.11
392.78557 	282222.94
393.58717 	261974.33
394.38878 	241726.26
395.19038 	221478.68
395.99198 	201231.52
396.79359 	180984.73
397.59519 	160738.25
399.1984 	120245.96
400 	100493.12
