0 	3836520.6
0.35183948 	3829829.3
0.70367896 	3822792.1
1.0555184 	3815754.7
1.4073579 	3808717
1.7591974 	3801679.1
2.1110369 	3794641.4
2.4628764 	3787603.7
2.8147158 	3780566
3.1665553 	3773528.5
3.5183948 	3766491.1
3.8702343 	3759452.4
4.2220737 	3752386.3
4.9257527 	3736306.8
5.6294317 	3732974.9
5.9812711 	3733563.3
6.3331106 	3728870.3
8.092308 	3724468.1
8.795987 	3724718
9.1478265 	3725544
10.203345 	3725476.6
10.907024 	3725381.7
11.258863 	3725299.7
11.610703 	3724108.3
11.962542 	3717877.5
12.666221 	3702397.3
13.018061 	3694614.2
13.3699 	3686830.9
13.72174 	3679047.6
14.777258 	3655698.6
15.480937 	3640133.5
15.832777 	3632351.3
16.536456 	3616787.7
17.591974 	3593444.4
18.647492 	3570103.1
19.351171 	3554543
19.703011 	3546763.1
20.05485 	3538983.3
20.40669 	3531203.6
20.758529 	3523424
21.462208 	3507864.8
22.165887 	3492305.9
22.869566 	3476747.1
23.573245 	3461188.6
23.925085 	3453409.4
24.276924 	3445630.3
24.628764 	3437851.3
25.332442 	3422293.4
25.684282 	3414514.6
26.387961 	3398957.1
26.7398 	3391178.5
27.09164 	3383399.9
27.443479 	3375621.3
27.795319 	3367842.8
28.147158 	3360064.2
28.850837 	3344507.2
29.202677 	3336728.7
29.554516 	3328950.2
29.906356 	3321171.6
30.258195 	3313393.1
30.610035 	3305614.5
30.961874 	3297835.8
31.665553 	3282278.4
32.017393 	3274499.6
32.369232 	3266720.7
32.721072 	3258941.8
33.072911 	3251162.8
33.424751 	3243383.8
33.77659 	3235604.6
34.128429 	3227825.4
34.480269 	3220046
34.832108 	3212266.6
35.183948 	3204487
35.535787 	3196707.3
35.887627 	3188927.5
36.239466 	3181147.6
36.591306 	3173367.6
37.294985 	3157807
37.646824 	3150026.6
37.998664 	3142246
38.702343 	3126684.4
39.406022 	3111122.3
39.757861 	3103341.1
41.165219 	3072215.4
41.517059 	3064433.8
41.868898 	3056652.1
42.220737 	3048870.4
42.924416 	3033306.9
43.276256 	3025525.2
43.628095 	3017743.4
43.979935 	3009961.6
44.683614 	2994398.2
45.035453 	2986616.5
45.387293 	2978834.9
46.090972 	2963271.7
46.442811 	2955490.2
47.14649 	2939927.3
47.49833 	2932145.9
48.202009 	2916583.2
48.553848 	2908801.9
49.257527 	2893239.3
49.609367 	2885458
49.961206 	2877676.7
50.313045 	2869895.4
50.664885 	2862114
51.016724 	2854332.6
51.720403 	2838769.7
52.072243 	2830988.1
52.424082 	2823206.5
52.775922 	2815424.8
53.127761 	2807643
54.18328 	2784297.1
54.535119 	2776514.9
54.886959 	2768732.6
55.238798 	2760950.3
55.590638 	2753167.8
55.942477 	2745385.3
56.997996 	2722037.1
57.349835 	2714254.2
57.701675 	2706471.2
58.053514 	2698688.2
58.405354 	2690905.2
58.757193 	2683122.1
59.109032 	2675339
59.460872 	2667555.8
60.164551 	2651989.4
60.51639 	2644206.3
60.86823 	2636423.1
61.220069 	2628639.9
61.571909 	2620856.8
61.923748 	2613073.6
62.275588 	2605290.5
62.627427 	2597507.5
62.979267 	2589724.4
63.331106 	2581941.4
63.682946 	2574158.5
64.034785 	2566375.5
64.386625 	2558592.7
64.738464 	2550809.8
65.442143 	2535244.3
65.793983 	2527461.6
66.497662 	2511896.4
67.55318 	2488549
68.256859 	2472984.4
68.608698 	2465202.3
69.312377 	2449638.2
70.016056 	2434074.5
70.367896 	2426292.9
70.719735 	2418511.3
71.071575 	2410729.9
71.423414 	2402948.7
72.830772 	2371825.4
73.182612 	2364045.1
73.534451 	2356264.9
73.886291 	2348485
74.941809 	2325146.5
75.293648 	2317367.5
75.645488 	2309588.7
75.997327 	2301810.1
77.052846 	2278476
77.404685 	2270698.4
77.756525 	2262921.1
78.460204 	2247367.1
78.812043 	2239590.4
79.163883 	2231814
80.219401 	2208485.8
81.27492 	2185159.3
81.626759 	2177384
81.978599 	2169608.9
82.330438 	2161833.9
82.682278 	2154059
83.034117 	2146284.2
83.385957 	2138509.5
83.737796 	2130734.8
84.089635 	2122960.1
84.441475 	2115185.5
85.496993 	2091861.7
86.552512 	2068537.6
86.904351 	2060762.8
89.015388 	2014112.5
89.367228 	2006337.1
90.070907 	1990786
90.422746 	1983010.2
90.774586 	1975234.3
91.126425 	1967458.3
91.478265 	1959682.1
91.830104 	1951905.8
92.533783 	1936352.8
93.237462 	1920799.2
93.589301 	1913022.1
93.941141 	1905245
94.29298 	1897467.6
96.052178 	1858578.9
96.404017 	1850800.7
96.755857 	1843022.4
97.459536 	1827465.5
97.811375 	1819686.8
98.163215 	1811908
98.515054 	1804129.1
99.922412 	1773012.3
100.27425 	1765232.9
100.62609 	1757453.3
101.32977 	1741894
102.03345 	1726334.3
102.38529 	1718554.3
103.79265 	1687433.8
104.14449 	1679653.5
104.49633 	1671873.2
105.2 	1656312.3
105.90368 	1640751.2
106.25552 	1632970.6
106.60736 	1625190
108.01472 	1594067.1
108.36656 	1586286.2
108.7184 	1578505.4
109.07024 	1570724.5
109.77392 	1555162.6
110.12576 	1547381.7
110.82944 	1531819.6
111.18128 	1524038.6
111.53311 	1516257.5
111.88495 	1508476.4
112.58863 	1492914.1
112.94047 	1485133
113.29231 	1477351.8
113.64415 	1469570.6
113.99599 	1461789.4
114.34783 	1454008.1
114.69967 	1446226.9
115.05151 	1438445.6
115.40335 	1430664.3
115.75519 	1422883
116.45887 	1407320.3
116.81071 	1399538.9
117.16255 	1391757.6
117.51439 	1383976.2
118.21806 	1368413.3
118.5699 	1360631.9
118.92174 	1352850.5
119.27358 	1345069
119.62542 	1337287.6
119.97726 	1329506.1
120.3291 	1321724.7
120.68094 	1313943.2
121.03278 	1306161.7
121.38462 	1298380.2
121.73646 	1290598.7
122.0883 	1282817.2
122.79198 	1267254.1
123.14382 	1259472.6
123.49566 	1251691
123.8475 	1243909.4
124.19934 	1236127.9
124.55118 	1228346.3
124.90302 	1220564.6
125.25485 	1212783
125.60669 	1205001.4
126.66221 	1181656.3
127.01405 	1173874.5
127.36589 	1166092.7
127.71773 	1158310.9
128.06957 	1150529.1
128.42141 	1142747.2
128.77325 	1134965.3
129.12509 	1127183.4
129.47693 	1119401.4
130.18061 	1103837.3
130.53245 	1096055.1
130.88429 	1088273
131.23613 	1080490.8
132.29164 	1057143.9
132.64348 	1049361.5
132.99532 	1041579
133.699 	1026014
134.05084 	1018231.4
134.40268 	1010448.7
134.75452 	1002666
135.4582 	987100.48
135.81004 	979317.65
136.16188 	971534.77
136.51372 	963751.85
136.86556 	955968.89
137.56924 	940402.86
137.92108 	932619.8
138.27292 	924836.69
138.97659 	909270.4
139.68027 	893704
140.03211 	885920.76
140.38395 	878137.51
140.73579 	870354.23
141.08763 	862570.94
141.43947 	854787.63
141.79131 	847004.31
142.14315 	839220.98
142.49499 	831437.63
142.84683 	823654.28
144.25419 	792520.83
145.3097 	769170.72
145.66154 	761387.35
146.01338 	753603.99
146.36522 	745820.62
146.71706 	738037.27
147.0689 	730253.91
147.42074 	722470.56
148.12442 	706903.88
148.8281 	691337.23
149.17994 	683553.92
149.88362 	667987.31
150.23546 	660204.02
150.5873 	652420.75
151.29098 	636854.22
151.99465 	621287.75
152.69833 	605721.33
153.05017 	597938.15
153.40201 	590154.98
153.75385 	582371.84
154.45753 	566805.61
154.80937 	559022.54
155.16121 	551239.49
155.51305 	543456.47
155.86489 	535673.49
156.21673 	527890.54
156.56857 	520107.63
157.62409 	496759.16
157.97593 	488976.43
158.32777 	481193.76
158.67961 	473411.14
159.03144 	465628.59
159.38328 	457846.1
159.73512 	450063.67
160.08696 	442281.32
160.4388 	434499.05
160.79064 	426716.86
161.14248 	418934.75
161.49432 	411152.72
161.84616 	403370.79
162.90168 	380025.56
163.25352 	372244.02
163.9572 	356681.26
164.30904 	348900.04
164.66088 	341118.94
165.01272 	333337.95
165.71639 	317776.32
166.06823 	309995.69
167.12375 	286654.49
167.47559 	278874.33
167.82743 	271094.29
168.17927 	263314.36
168.53111 	255534.55
169.23479 	239975.26
169.58663 	232195.77
169.93847 	224416.4
170.64215 	208857.94
170.99399 	201078.85
171.34583 	193299.85
171.69767 	185520.94
172.04951 	177742.1
172.40134 	169963.34
172.75318 	162184.64
173.10502 	154406.01
174.16054 	131070.4
174.51238 	123291.94
174.86422 	115513.47
