0 	9312345.1
6.4128257 	9168356.1
34.468938 	8651012.2
37.675351 	8581541.1
40.881764 	8501779.1
50.501002 	8291084
53.707415 	8217766.6
62.52505 	8038306.8
65.731463 	8035960.3
68.937876 	8034700.9
69.739479 	8034338.1
96.993988 	7751132.1
103.40681 	7588753.7
106.61323 	7507612.8
116.23246 	7264439
123.44689 	7082444.4
125.05 	7042011.6
125.8517 	7021791
128.25651 	6961136.8
131.46293 	6880268
151.50301 	6374820.2
153.90782 	6314142
156.31263 	6253459.1
159.51904 	6172544.3
166.73347 	5990479.2
169.13828 	5929789
175.5511 	5767941.8
176.35271 	5747710.1
187.57515 	5464451.2
190.78156 	5383515.5
200.4008 	5140676.6
201.2024 	5120436.4
202.00401 	5100195.6
202.80561 	5079954.1
203.60721 	5059711.9
204.40882 	5039469
205.21042 	5019225.4
206.01202 	4998981.1
206.81363 	4978736.2
207.61523 	4958490.7
208.41683 	4938244.5
209.21844 	4917997.8
210.02004 	4897750.6
210.82164 	4877503
211.62325 	4857254.9
212.42485 	4837006.5
213.22645 	4816757.8
214.02806 	4796508.9
214.82966 	4776259.8
215.63126 	4756010.6
216.43287 	4735761.3
217.23447 	4715511.9
218.03607 	4695262.6
219.63928 	4654764.3
220.44088 	4634515.4
221.24248 	4614266.7
222.04409 	4594018.2
222.84569 	4573770
223.64729 	4553522.1
224.4489 	4533274.5
225.2505 	4513027.2
226.0521 	4492780.2
227.65531 	4452287.4
228.45691 	4432041.5
229.25852 	4411795.8
230.86172 	4371305.5
231.66333 	4351060.7
232.46493 	4330816.1
234.06814 	4290327.4
234.86974 	4270083.2
235.67134 	4249839
236.47295 	4229594.9
237.27455 	4209350.8
238.07615 	4189106.6
238.87776 	4168862.3
239.67936 	4148617.9
240.48096 	4128373.4
241.28257 	4108128.6
242.08417 	4087883.7
242.88577 	4067638.5
243.68737 	4047393.2
244.48898 	4027147.6
245.29058 	4006901.7
246.09218 	3986655.7
246.89379 	3966409.4
247.69539 	3946162.8
248.49699 	3925916
249.2986 	3905669.1
250.1002 	3885421.9
250.9018 	3865174.6
251.70341 	3844927.1
252.50501 	3824679.4
253.30661 	3804431.7
254.10822 	3784183.9
254.90982 	3763936
255.71142 	3743688.1
256.51303 	3723440.2
257.31463 	3703192.4
258.11623 	3682944.6
258.91784 	3662696.9
259.71944 	3642449.3
260.52104 	3622201.9
261.32265 	3601954.7
262.12425 	3581707.6
262.92585 	3561460.9
263.72745 	3541214.3
264.52906 	3520968.1
265.33066 	3500722.2
266.13226 	3480476.5
266.93387 	3460231.3
267.73547 	3439986.3
268.53707 	3419741.8
269.33868 	3399497.6
270.14028 	3379253.8
270.94188 	3359010.4
271.74349 	3338767.3
272.54509 	3318524.7
273.34669 	3298282.4
274.1483 	3278040.4
274.9499 	3257798.9
274.95 	3257796.3
275.7515 	3237557.6
276.55311 	3217316.7
277.35471 	3197076.1
278.95792 	3156595.8
279.75952 	3136356
280.56112 	3116116.5
281.36273 	3095877.1
282.16433 	3075638
282.96593 	3055399
283.76754 	3035160.2
284.56914 	3014921.5
285.37074 	2994682.9
286.17234 	2974444.3
286.97395 	2954205.9
288.57715 	2913729
289.37876 	2893490.6
290.18036 	2873252.1
290.98196 	2853013.7
291.78357 	2832775.2
292.58517 	2812536.6
293.38677 	2792298
294.18838 	2772059.3
294.98998 	2751820.5
295.79158 	2731581.6
296.59319 	2711342.7
297.39479 	2691103.6
298.19639 	2670864.5
298.998 	2650625.2
299.7996 	2630385.9
300.6012 	2610146.5
301.40281 	2589907
302.20441 	2569667.4
303.00601 	2549427.7
303.80762 	2529187.9
304.60922 	2508948
306.21242 	2468468.1
307.01403 	2448228
307.81563 	2427987.8
308.61723 	2407747.6
309.41884 	2387507.3
310.22044 	2367266.9
311.02204 	2347026.5
311.82365 	2326786.1
312.62525 	2306545.5
313.42685 	2286304.9
314.22846 	2266064.3
315.03006 	2245823.6
315.83166 	2225582.9
316.63327 	2205342.1
317.43487 	2185101.2
318.23647 	2164860.3
319.03808 	2144619.4
319.83968 	2124378.4
320.64128 	2104137.4
321.44289 	2083896.4
322.24449 	2063655.3
323.04609 	2043414.2
323.8477 	2023173
324.6493 	2002931.9
325.4509 	1982690.7
326.25251 	1962449.5
327.05411 	1942208.2
327.85571 	1921967
328.65731 	1901725.7
329.45892 	1881484.4
330.26052 	1861243.1
331.06212 	1841001.8
331.86373 	1820760.4
332.66533 	1800519.1
333.46693 	1780277.7
334.26854 	1760036.3
335.07014 	1739794.9
335.87174 	1719553.5
336.67335 	1699312
337.47495 	1679070.6
338.27655 	1658829.1
339.07816 	1638587.6
339.87976 	1618346.1
340.68136 	1598104.5
341.48297 	1577863
342.28457 	1557621.4
343.08617 	1537379.8
343.88778 	1517138.1
344.68938 	1496896.5
345.49098 	1476654.8
346.29259 	1456413
347.09419 	1436171.2
347.89579 	1415929.4
348.69739 	1395687.5
349.499 	1375445.6
350.3006 	1355203.5
351.1022 	1334961.4
351.90381 	1314719.2
352.70541 	1294476.9
353.50701 	1274234.5
354.30862 	1253991.9
355.11022 	1233749.2
355.91182 	1213506.4
356.71343 	1193263.4
357.51503 	1173020.2
358.31663 	1152776.8
359.11824 	1132533.3
359.91984 	1112289.5
360.72144 	1092045.5
361.52305 	1071801.3
362.32465 	1051556.9
363.12625 	1031312.3
363.92786 	1011067.4
364.72946 	990822.27
365.53106 	970576.92
366.33267 	950331.34
367.13427 	930085.54
367.93587 	909839.52
368.73747 	889593.29
369.53908 	869346.87
370.34068 	849100.26
371.14228 	828853.49
371.94389 	808606.56
372.74549 	788359.5
373.54709 	768112.32
374.3487 	747865.04
375.1503 	727617.7
375.9519 	707370.3
376.75351 	687122.86
377.55511 	666875.42
379.15832 	626380.6
379.95992 	606133.27
381.56313 	565638.85
382.36473 	545391.8
383.16633 	525144.88
383.96794 	504898.12
384.76954 	484651.51
385.57114 	464405.08
386.37275 	444158.83
387.17435 	423912.77
387.97595 	403666.9
388.77756 	383421.24
389.57916 	363175.77
390.38076 	342930.51
391.18236 	322685.44
391.98397 	302440.56
392.78557 	282195.87
393.58717 	261951.36
394.38878 	241707
395.19038 	221462.81
395.99198 	201218.75
396.79359 	180974.81
397.59519 	160730.99
399.1984 	120243.6
400 	100493.06
