0 	3836482.9
0.35183948 	3829050.9
0.70367896 	3821217
1.0555184 	3813398.3
1.4073579 	3805527.8
1.7591974 	3797679.3
2.1110369 	3789845.2
2.4628764 	3782088.7
2.8147158 	3774185.4
3.1665553 	3766341.3
3.5183948 	3758512.8
3.8702343 	3750650.2
4.2220737 	3742966.6
4.9257527 	3727324.7
5.6294317 	3711614.1
5.9812711 	3703762.9
6.3331106 	3695909.8
8.092308 	3656662.5
8.795987 	3640959.7
9.1478265 	3633086.6
10.203345 	3609655.1
10.907024 	3593957.3
11.258863 	3586030.4
11.610703 	3578857
11.962542 	3573235.9
12.666221 	3557535.7
13.018061 	3549686.5
13.3699 	3541819.2
13.72174 	3533837.4
14.777258 	3512888
15.480937 	3497182.9
15.832777 	3489330.3
16.536456 	3473625.3
17.591974 	3450067.8
18.647492 	3426510.5
19.351171 	3410805.8
19.703011 	3402953.5
20.05485 	3395101.3
20.40669 	3387249.1
20.758529 	3379396.9
21.462208 	3363692.6
22.165887 	3347988.6
22.869566 	3332284.7
23.573245 	3316581
23.925085 	3308729.2
24.276924 	3300877.5
24.628764 	3293025.8
25.332442 	3277322.7
25.684282 	3269471.2
26.387961 	3253768.3
26.7398 	3245917
27.09164 	3238065.7
27.443479 	3230214.5
27.795319 	3222363.3
28.147158 	3214512.2
28.850837 	3198810.2
29.202677 	3190959.2
29.554516 	3183108.4
29.906356 	3175257.5
30.258195 	3167406.8
30.610035 	3159556.1
30.961874 	3151705.4
31.665553 	3136004.3
32.017393 	3128153.8
32.369232 	3120303.4
32.721072 	3112453
33.072911 	3104602.7
33.424751 	3096752.4
33.77659 	3088902.2
34.128429 	3081052
34.480269 	3073201.9
34.832108 	3065351.8
35.183948 	3057501.8
35.535787 	3049651.8
35.887627 	3041801.9
36.239466 	3033952
36.591306 	3026102.2
37.294985 	3010402.6
37.646824 	3002552.9
37.998664 	2994703.2
38.702343 	2979003.9
39.406022 	2963304.8
39.757861 	2955455.2
41.165219 	2924057.1
41.517059 	2916207.6
41.868898 	2908358.1
42.220737 	2900508.6
42.924416 	2884809.5
43.276256 	2876959.9
43.628095 	2869110.3
43.979935 	2861260.7
44.683614 	2845561.3
45.035453 	2837711.5
45.387293 	2829861.7
46.090972 	2814162
46.442811 	2806312
47.14649 	2790611.8
47.49833 	2782761.6
48.202009 	2767060.7
48.553848 	2759203.5
49.257527 	2743731.6
49.609367 	2740081.1
49.961206 	2739736.1
50.313045 	2739693.4
50.664885 	2739660.5
51.016724 	2739626.5
51.720403 	2739556.2
52.072243 	2739520.7
52.424082 	2739484.8
52.775922 	2739448.8
53.127761 	2739412.9
54.18328 	2739305.3
54.535119 	2739269.7
54.886959 	2739234.5
55.238798 	2739199.7
55.590638 	2739165.4
55.942477 	2739132.5
56.997996 	2739013.7
57.349835 	2738963.6
57.701675 	2738254.7
58.053514 	2732708.3
58.405354 	2724974
58.757193 	2717096.1
59.109032 	2709212.8
59.460872 	2701329.7
60.164551 	2685563.5
60.51639 	2677680.3
60.86823 	2669796.9
61.220069 	2661913.5
61.571909 	2654030.1
61.923748 	2646146.8
62.275588 	2638263.5
62.627427 	2630380.4
62.979267 	2622497.4
63.331106 	2614614.5
63.682946 	2606731.6
64.034785 	2598848.9
64.386625 	2590966.3
64.738464 	2583083.8
65.442143 	2567319
65.793983 	2559436.8
66.497662 	2543672.5
67.55318 	2520026.6
68.256859 	2504263
68.608698 	2496381.2
69.312377 	2480618
70.016056 	2464854.9
70.367896 	2456973.4
70.719735 	2449092
71.071575 	2441210.6
71.423414 	2433329.3
72.830772 	2401804.2
73.182612 	2393923
73.534451 	2386041.8
73.886291 	2378160.6
74.941809 	2354517.3
75.293648 	2346636.1
75.645488 	2338755
75.997327 	2330873.9
77.052846 	2307230.6
77.404685 	2299349.5
77.756525 	2291468.3
78.460204 	2275706
78.812043 	2267824.8
79.163883 	2259943.6
80.219401 	2236299.7
81.27492 	2212655.5
81.626759 	2204774
81.978599 	2196892.5
82.330438 	2189010.9
82.682278 	2181129.2
83.034117 	2173247.5
83.385957 	2165365.8
83.737796 	2157483.9
84.089635 	2149602.1
84.441475 	2141720.1
85.496993 	2118073.9
86.552512 	2094427
86.904351 	2086544.6
89.015388 	2039248.3
89.367228 	2031365.3
90.070907 	2015599.1
90.422746 	2007715.9
90.774586 	1999832.6
91.126425 	1991949.2
91.478265 	1984065.8
91.830104 	1976182.2
92.533783 	1960414.9
93.237462 	1944647.3
93.589301 	1936763.3
93.941141 	1928879.3
94.29298 	1920995.2
96.052178 	1881573.7
96.404017 	1873689.2
96.755857 	1865804.6
97.459536 	1850035.2
97.811375 	1842150.4
98.163215 	1834265.6
98.515054 	1826380.7
99.922412 	1794840.5
100.27425 	1786955.4
100.62609 	1779070.1
101.32977 	1763299.6
102.03345 	1747528.8
102.38529 	1739643.4
103.79265 	1708101.4
104.14449 	1700215.8
104.49633 	1692330.2
105.2 	1676559
105.90368 	1660787.6
106.25552 	1652902
106.60736 	1645016.3
108.01472 	1613473.5
108.36656 	1605587.8
108.7184 	1597702.1
109.07024 	1589816.4
109.77392 	1574045
110.12576 	1566159.3
110.82944 	1550388.1
111.18128 	1542502.4
111.53311 	1534616.9
111.88495 	1526731.3
112.58863 	1510960.2
112.94047 	1503074.7
113.29231 	1495189.2
113.64415 	1487303.8
113.99599 	1479418.4
114.34783 	1471533
114.69967 	1463647.7
115.05151 	1455762.4
115.40335 	1447877.1
115.75519 	1439991.9
116.45887 	1424221.6
116.81071 	1416336.5
117.16255 	1408451.5
117.51439 	1400566.4
118.21806 	1384796.6
118.5699 	1376911.7
118.92174 	1369026.9
119.27358 	1361142.1
119.62542 	1353257.4
119.97726 	1345372.7
120.3291 	1337488.1
120.68094 	1329603.5
121.03278 	1321719
121.38462 	1313834.5
121.73646 	1305950.1
122.0883 	1298065.8
122.79198 	1282297.2
123.14382 	1274413
123.49566 	1266528.9
123.8475 	1258644.8
124.19934 	1250760.8
124.55118 	1242876.8
124.90302 	1234992.9
125.25485 	1227109
125.60669 	1219225.2
126.66221 	1195574.1
127.01405 	1187690.5
127.36589 	1179807
127.71773 	1171923.5
128.06957 	1164040
128.42141 	1156156.7
128.77325 	1148273.3
129.12509 	1140390.1
129.47693 	1132506.8
130.18061 	1116740.5
130.53245 	1108857.5
130.88429 	1100974.5
131.23613 	1093091.5
132.29164 	1069442.9
132.64348 	1061560.1
132.99532 	1053677.4
133.699 	1037912.1
134.05084 	1030029.5
134.40268 	1022146.9
134.75452 	1014264.4
135.4582 	998499.58
135.81004 	990617.2
136.16188 	982734.87
136.51372 	974852.58
136.86556 	966970.33
137.56924 	951205.93
137.92108 	943323.79
138.27292 	935441.69
138.97659 	919677.58
139.68027 	903913.61
140.03211 	896031.67
140.38395 	888149.76
140.73579 	880267.89
141.08763 	872386.04
141.43947 	864504.22
141.79131 	856622.42
142.14315 	848740.65
142.49499 	840858.91
142.84683 	832977.19
144.25419 	801450.53
145.3097 	777805.75
145.66154 	769924.19
146.01338 	762042.65
146.36522 	754161.12
146.71706 	746279.6
147.0689 	738398.1
147.42074 	730516.61
148.12442 	714753.67
148.8281 	698990.76
149.17994 	691109.32
149.88362 	675346.46
150.23546 	667465.04
150.5873 	659583.62
151.29098 	643820.8
151.99465 	628057.99
152.69833 	612295.19
153.05017 	604413.78
153.40201 	596532.38
153.75385 	588650.98
154.45753 	572888.16
154.80937 	565006.75
155.16121 	557125.34
155.51305 	549243.92
155.86489 	541362.5
156.21673 	533481.07
156.56857 	525599.64
157.62409 	501955.31
157.97593 	494073.85
158.32777 	486192.39
158.67961 	478310.92
159.03144 	470429.44
159.38328 	462547.96
159.73512 	454666.47
160.08696 	446784.97
160.4388 	438903.46
160.79064 	431021.94
161.14248 	423140.42
161.49432 	415258.89
161.84616 	407377.35
162.90168 	383732.67
163.25352 	375851.1
163.9572 	360087.93
164.30904 	352206.34
164.66088 	344324.73
165.01272 	336443.12
165.71639 	320679.88
166.06823 	312798.25
167.12375 	289153.32
167.47559 	281271.67
167.82743 	273390.01
168.17927 	265508.34
168.53111 	257626.68
169.23479 	241863.33
169.58663 	233981.66
169.93847 	226099.98
170.64215 	210336.62
170.99399 	202454.94
171.34583 	194573.26
171.69767 	186691.58
172.04951 	178809.9
172.40134 	170928.22
172.75318 	163046.54
173.10502 	155164.87
174.16054 	131519.88
174.51238 	123638.22
174.86422 	115756.56
