0 	7254900.5
6.4128257 	7198653.1
34.468938 	6526261.8
37.675351 	6446671.6
40.881764 	6368281
50.501002 	6191134.9
53.707415 	6183946.6
62.52505 	6025776
65.731463 	5952685.8
68.937876 	5882747.4
69.739479 	5868167
96.993988 	5422806.1
103.40681 	5240695.2
106.61323 	5211148.6
116.23246 	5131934.6
123.44689 	4970937.3
125.05 	4944692.9
125.8517 	4923047.8
128.25651 	4874574.6
131.46293 	4864512.3
151.50301 	4482910.8
153.90782 	4434233.5
156.31263 	4370045.9
159.51904 	4282216.8
166.73347 	4098981.9
169.13828 	4055356.4
175.5511 	3965440.2
176.35271 	3948233.2
187.57515 	3637858
190.78156 	3590464
200.4008 	3342226.2
201.2024 	3314328.5
202.00401 	3288547.4
202.80561 	3266597
203.60721 	3246511.5
204.40882 	3226897.6
205.21042 	3210305.3
206.01202 	3199983.3
206.81363 	3195209
207.61523 	3193177.8
208.41683 	3192295
209.21844 	3191839.7
210.02004 	3191522.3
210.82164 	3191230.6
211.62325 	3190981.9
212.42485 	3190727.4
213.22645 	3190439.2
214.02806 	3190168.8
214.82966 	3189961.2
215.63126 	3189800.2
216.43287 	3189691.2
217.23447 	3189550.7
218.03607 	3189336.2
219.63928 	3188965.6
220.44088 	3188889.7
221.24248 	3188931.1
222.04409 	3189042
222.84569 	3189158.7
223.64729 	3189392.6
224.4489 	3190021.2
225.2505 	3191051.7
226.0521 	3191801.4
227.65531 	3192446.8
228.45691 	3192698.8
229.25852 	3192920.9
230.86172 	3193379
231.66333 	3193606.2
232.46493 	3193868.1
234.06814 	3194474.6
234.86974 	3194785.8
235.67134 	3195108.2
236.47295 	3195438.9
237.27455 	3195807.4
238.07615 	3196207.9
238.87776 	3196618.4
239.67936 	3197009.9
240.48096 	3197368.2
241.28257 	3197719.9
242.08417 	3198071
242.88577 	3198389.1
243.68737 	3198640.7
244.48898 	3198818.9
245.29058 	3198968.1
246.09218 	3199131.3
246.89379 	3199348.4
247.69539 	3199620.5
248.49699 	3199930.6
249.2986 	3200292.9
250.1002 	3200720.4
250.9018 	3201225.5
251.70341 	3201784.8
252.50501 	3202411.2
253.30661 	3203093.5
254.10822 	3203569.7
254.90982 	3203590.2
255.71142 	3203169.1
256.51303 	3202404.2
257.31463 	3201463.4
258.11623 	3200539.4
258.91784 	3199707.3
259.71944 	3199013
260.52104 	3198463.7
261.32265 	3198030.6
262.12425 	3197673.4
262.92585 	3197380.7
263.72745 	3197132.6
264.52906 	3196923.5
265.33066 	3196756.8
266.13226 	3196621
266.93387 	3196519.6
267.73547 	3196433
268.53707 	3196347.8
269.33868 	3196241.6
270.14028 	3196117.5
270.94188 	3195989.3
271.74349 	3195873
272.54509 	3195784.7
273.34669 	3195721.8
274.1483 	3195651.6
274.9499 	3195566.5
274.95 	3195566.5
275.7515 	3195479.1
276.55311 	3195392
277.35471 	3195297.8
278.95792 	3195051.1
279.75952 	3194916.9
280.56112 	3194781.2
281.36273 	3194656
282.16433 	3194542.1
282.96593 	3194427.4
283.76754 	3194298.7
284.56914 	3194152
285.37074 	3193966.7
286.17234 	3193732.1
286.97395 	3193445.1
288.57715 	3192635.2
289.37876 	3192105.5
290.18036 	3191517.4
290.98196 	3190894
291.78357 	3190249.7
292.58517 	3189593
293.38677 	3188917.7
294.18838 	3188231.4
294.98998 	3187664.2
295.79158 	3187287.1
296.59319 	3187041.6
297.39479 	3186900.5
298.19639 	3186774.4
298.998 	3186626.7
299.7996 	3186547.6
300.6012 	3186444.3
301.40281 	3186341.2
302.20441 	3186292.2
303.00601 	3186296.4
303.80762 	3186355.4
304.60922 	3186421.1
306.21242 	3186681.9
307.01403 	3186840.5
307.81563 	3187038.7
308.61723 	3187264.3
309.41884 	3187554.9
310.22044 	3187952.8
311.02204 	3188367.5
311.82365 	3188705.1
312.62525 	3188973.8
313.42685 	3189183.1
314.22846 	3189394.1
315.03006 	3189615.6
315.83166 	3189858.2
316.63327 	3190096.1
317.43487 	3190341.3
318.23647 	3190603.6
319.03808 	3190844.4
319.83968 	3191093.6
320.64128 	3191321.6
321.44289 	3191478.1
322.24449 	3191675.6
323.04609 	3191774.4
323.8477 	3191754.9
324.6493 	3191360.3
325.4509 	3190418.7
326.25251 	3188275.4
327.05411 	3183602.2
327.85571 	3173806.2
328.65731 	3155462.5
329.45892 	3127339.6
330.26052 	3093727.1
331.06212 	3059137.7
331.86373 	3024599.9
332.66533 	2990108
333.46693 	2955623.8
334.26854 	2921140.2
335.07014 	2886661
335.87174 	2852191.1
336.67335 	2817732.5
337.47495 	2783283.7
338.27655 	2748840.9
339.07816 	2714401.5
339.87976 	2679964.8
340.68136 	2645531.2
341.48297 	2611101.6
342.28457 	2576676.8
343.08617 	2542257.3
343.88778 	2507843.3
344.68938 	2473434.3
345.49098 	2439029.6
346.29259 	2404628.6
347.09419 	2370230.6
347.89579 	2335835
348.69739 	2301441.8
349.499 	2267051.3
350.3006 	2232664
351.1022 	2198279.8
351.90381 	2163898.1
352.70541 	2129517.8
353.50701 	2095137.6
354.30862 	2060756.7
355.11022 	2026374.8
355.91182 	1991991.9
356.71343 	1957608.2
357.51503 	1923223.7
358.31663 	1888838.4
359.11824 	1854452.3
359.91984 	1820065.4
360.72144 	1785677.9
361.52305 	1751290.2
362.32465 	1716903
363.12625 	1682516.9
363.92786 	1648132.5
364.72946 	1613750.1
365.53106 	1579369.8
366.33267 	1544991.3
367.13427 	1510614.2
367.93587 	1476237.6
368.73747 	1441860.9
369.53908 	1407483.3
370.34068 	1373104.5
371.14228 	1338724.1
371.94389 	1304342.2
372.74549 	1269958.8
373.54709 	1235574
374.3487 	1201187.7
375.1503 	1166799.7
375.9519 	1132409.9
376.75351 	1098017.8
377.55511 	1063623.3
379.15832 	994826.59
379.95992 	960424.58
381.56313 	891614.05
382.36473 	857205.77
383.16633 	822795.55
383.96794 	788383.42
384.76954 	753969.43
385.57114 	719553.66
386.37275 	685136.23
387.17435 	650717.28
387.97595 	616296.96
388.77756 	581875.47
389.57916 	547453.01
390.38076 	513029.86
391.18236 	478606.35
391.98397 	444182.86
392.78557 	409759.81
393.58717 	375337.57
394.38878 	340916.45
395.19038 	306496.61
395.99198 	272078.1
396.79359 	237660.85
397.59519 	203244.67
399.1984 	134414.55
400 	100838.23
