0 	9896876.9
6.4128257 	9753597.8
34.468938 	9064740.7
37.675351 	8986018.6
40.881764 	8907297.7
50.501002 	8671143.9
53.707415 	8592429.2
62.52505 	8375972.7
65.731463 	8297264.7
68.937876 	8218558.6
69.739479 	8198882.3
96.993988 	7529962
103.40681 	7372589.1
106.61323 	7293905.4
116.23246 	7057865.1
123.44689 	6880845.2
125.05 	6841511
125.8517 	6821840.4
128.25651 	6762836.6
131.46293 	6684166.2
151.50301 	6192512
153.90782 	6133517.4
156.31263 	6074523.6
159.51904 	5995866.5
166.73347 	5818893.3
169.13828 	5759903.8
175.5511 	5602602.2
176.35271 	5582939.9
187.57515 	5307676.4
190.78156 	5229032.7
200.4008 	4993109.6
201.2024 	4973449.8
202.00401 	4953790.2
202.80561 	4934130.6
203.60721 	4914471.1
204.40882 	4894811.7
205.21042 	4875152.4
206.01202 	4855493.1
206.81363 	4835834
207.61523 	4816174.9
208.41683 	4796515.9
209.21844 	4776856.9
210.02004 	4757198.1
210.82164 	4737539.3
211.62325 	4717880.7
212.42485 	4698222.1
213.22645 	4678563.5
214.02806 	4658905.1
214.82966 	4639246.7
215.63126 	4619588.4
216.43287 	4599930.2
217.23447 	4580272.1
218.03607 	4560614.1
219.63928 	4521298.2
220.44088 	4501640.4
221.24248 	4481982.7
222.04409 	4462325
222.84569 	4442667.4
223.64729 	4423009.9
224.4489 	4403352.5
225.2505 	4383695.2
226.0521 	4364037.9
227.65531 	4324723.6
228.45691 	4305066.6
229.25852 	4285409.7
230.86172 	4246096
231.66333 	4226439.3
232.46493 	4206782.7
234.06814 	4167469.6
234.86974 	4147813.2
235.67134 	4128156.9
236.47295 	4108500.6
237.27455 	4088844.5
238.07615 	4069188.4
238.87776 	4049532.3
239.67936 	4029876.4
240.48096 	4010220.5
241.28257 	3990564.7
242.08417 	3970909
242.88577 	3951253.4
243.68737 	3931597.8
244.48898 	3911942.3
245.29058 	3892286.9
246.09218 	3872631.6
246.89379 	3852976.3
247.69539 	3833321.1
248.49699 	3813666
249.2986 	3794011
250.1002 	3774356
250.9018 	3754701.1
251.70341 	3735046.3
252.50501 	3715391.5
253.30661 	3695736.9
254.10822 	3676082.3
254.90982 	3656427.8
255.71142 	3636773.3
256.51303 	3617118.9
257.31463 	3597464.6
258.11623 	3577810.4
258.91784 	3558156.3
259.71944 	3538502.2
260.52104 	3518848.2
261.32265 	3499194.2
262.12425 	3479540.4
262.92585 	3459886.6
263.72745 	3440232.9
264.52906 	3420579.2
265.33066 	3400925.7
266.13226 	3381272.2
266.93387 	3361618.7
267.73547 	3341965.4
268.53707 	3322312.1
269.33868 	3302658.9
270.14028 	3283005.7
270.94188 	3263352.6
271.74349 	3243699.6
272.54509 	3224046.7
273.34669 	3204393.8
274.1483 	3184741
274.9499 	3165088.3
274.95 	3165085.9
275.7515 	3145435.7
276.55311 	3125783.1
277.35471 	3106130.6
278.95792 	3066825.7
279.75952 	3047173.4
280.56112 	3027521.2
281.36273 	3007869
282.16433 	2988216.9
282.96593 	2968564.9
283.76754 	2948912.9
284.56914 	2929261
285.37074 	2909609.2
286.17234 	2889957.4
286.97395 	2870305.7
288.57715 	2831002.6
289.37876 	2811351.1
290.18036 	2791699.6
290.98196 	2772048.3
291.78357 	2752397
292.58517 	2732745.8
293.38677 	2713094.6
294.18838 	2693443.5
294.98998 	2673792.5
295.79158 	2654141.5
296.59319 	2634490.6
297.39479 	2614839.8
298.19639 	2595189
298.998 	2575538.3
299.7996 	2555887.7
300.6012 	2536237.1
301.40281 	2516586.6
302.20441 	2496936.1
303.00601 	2477285.7
303.80762 	2457635.4
304.60922 	2437985.2
306.21242 	2398684.8
307.01403 	2379034.8
307.81563 	2359384.8
308.61723 	2339734.8
309.41884 	2320084.9
310.22044 	2300435.1
311.02204 	2280785.3
311.82365 	2261135.7
312.62525 	2241486
313.42685 	2221836.4
314.22846 	2202186.9
315.03006 	2182537.5
315.83166 	2162888.1
316.63327 	2143238.8
317.43487 	2123589.5
318.23647 	2103940.3
319.03808 	2084291.1
319.83968 	2064642
320.64128 	2044993
321.44289 	2025344
322.24449 	2005695.1
323.04609 	1986046.3
323.8477 	1966397.5
324.6493 	1946748.7
325.4509 	1927100.1
326.25251 	1907451.4
327.05411 	1887802.9
327.85571 	1868154.4
328.65731 	1848505.9
329.45892 	1828857.5
330.26052 	1809209.2
331.06212 	1789560.9
331.86373 	1769912.7
332.66533 	1750264.6
333.46693 	1730616.5
334.26854 	1710968.4
335.07014 	1691320.4
335.87174 	1671672.5
336.67335 	1652024.6
337.47495 	1632376.8
338.27655 	1612729
339.07816 	1593081.3
339.87976 	1573433.6
340.68136 	1553786
341.48297 	1534138.5
342.28457 	1514491
343.08617 	1494843.5
343.88778 	1475196.1
344.68938 	1455548.8
345.49098 	1435901.5
346.29259 	1416254.3
347.09419 	1396607.1
347.89579 	1376960
348.69739 	1357312.9
349.499 	1337665.9
350.3006 	1318018.9
351.1022 	1298372
351.90381 	1278725.2
352.70541 	1259078.3
353.50701 	1239431.6
354.30862 	1219784.9
355.11022 	1200138.2
355.91182 	1180491.6
356.71343 	1160845.1
357.51503 	1141198.6
358.31663 	1121552.1
359.11824 	1101905.7
359.91984 	1082259.4
360.72144 	1062613.1
361.52305 	1042966.8
362.32465 	1023320.6
363.12625 	1003674.4
363.92786 	984028.33
364.72946 	964382.27
365.53106 	944736.26
366.33267 	925090.3
367.13427 	905444.39
367.93587 	885798.53
368.73747 	866152.71
369.53908 	846506.94
370.34068 	826861.22
371.14228 	807215.54
371.94389 	787569.92
372.74549 	767924.33
373.54709 	748278.8
374.3487 	728633.31
375.1503 	708987.87
375.9519 	689342.47
376.75351 	669697.12
377.55511 	650051.82
379.15832 	610761.35
379.95992 	591116.18
381.56313 	551825.97
382.36473 	532180.94
383.16633 	512535.95
383.96794 	492891
384.76954 	473246.1
385.57114 	453601.24
386.37275 	433956.42
387.17435 	414311.65
387.97595 	394666.92
388.77756 	375022.23
389.57916 	355377.59
390.38076 	335732.98
391.18236 	316088.42
391.98397 	296443.9
392.78557 	276799.43
393.58717 	257154.99
394.38878 	237510.6
395.19038 	217866.24
395.99198 	198221.93
396.79359 	178577.66
397.59519 	158933.43
399.1984 	119645.1
400 	100478.68
