0 	3836458
0.35183948 	3828693.6
0.70367896 	3820565.2
1.0555184 	3812438.1
1.4073579 	3804311
1.7591974 	3796176.3
2.1110369 	3788068.4
2.4628764 	3779941.1
2.8147158 	3771814.4
3.1665553 	3763687.7
3.5183948 	3755561.1
3.8702343 	3747433.9
4.2220737 	3739372.9
4.9257527 	3723098.7
5.6294317 	3706855
5.9812711 	3698730.4
6.3331106 	3690605.9
8.092308 	3649985.1
8.795987 	3633918.6
9.1478265 	3625815.5
10.203345 	3601636.5
10.907024 	3585434.1
11.258863 	3577337.3
11.610703 	3569222.6
11.962542 	3561091.6
12.666221 	3544891.2
13.018061 	3536775.7
13.3699 	3528670.3
13.72174 	3520550.1
14.777258 	3496540.5
15.480937 	3480315.7
15.832777 	3472204
16.536456 	3455980.5
17.591974 	3431644.6
18.647492 	3407340.4
19.351171 	3391115.7
19.703011 	3383003.3
20.05485 	3374890.9
20.40669 	3366778.4
20.758529 	3358665.8
21.462208 	3342440.4
22.165887 	3326214.6
22.869566 	3309988.5
23.573245 	3293761.9
23.925085 	3285648.4
24.276924 	3277534.8
24.628764 	3269421.1
25.332442 	3253193.4
25.684282 	3245079.4
26.387961 	3228851.3
26.7398 	3220737.3
27.09164 	3212623.1
27.443479 	3204507.3
27.795319 	3196377.3
28.147158 	3188524.2
28.850837 	3175905.4
29.202677 	3167722.5
29.554516 	3159519.4
29.906356 	3151387.1
30.258195 	3145552.4
30.610035 	3138427.3
30.961874 	3130328.8
31.665553 	3114086.6
32.017393 	3105965
32.369232 	3097843.3
32.721072 	3089721.5
33.072911 	3081599.6
33.424751 	3073477.6
33.77659 	3065355.6
34.128429 	3057233.6
34.480269 	3049111.6
34.832108 	3040989.5
35.183948 	3032867.5
35.535787 	3024745.5
35.887627 	3016623.5
36.239466 	3008501.5
36.591306 	3000379.6
37.294985 	2984136
37.646824 	2976014.3
37.998664 	2967892.8
38.702343 	2951649.9
39.406022 	2935407.6
39.757861 	2927286.6
41.165219 	2894804.4
41.517059 	2886684.3
41.868898 	2878564.3
42.220737 	2870444.6
42.924416 	2854205.8
43.276256 	2846086.8
43.628095 	2837968
43.979935 	2829849.4
44.683614 	2813612.9
45.035453 	2805495
45.387293 	2797377.4
46.090972 	2781143
46.442811 	2773026.2
47.14649 	2756793.3
47.49833 	2748677.3
48.202009 	2732446
48.553848 	2724330.8
49.257527 	2708101.1
49.609367 	2699986.7
49.961206 	2691872.6
50.313045 	2683758.7
50.664885 	2675645.1
51.016724 	2667531.8
51.720403 	2651306
52.072243 	2643193.5
52.424082 	2635081.3
52.775922 	2626969.4
53.127761 	2618857.7
54.18328 	2594524.3
54.535119 	2586413.7
54.886959 	2578303.4
55.238798 	2570193.3
55.590638 	2562083.6
55.942477 	2553974.1
56.997996 	2529647.2
57.349835 	2521538.7
57.701675 	2513430.6
58.053514 	2505322.7
58.405354 	2497215
58.757193 	2489107.6
59.109032 	2481000.5
59.460872 	2472893.6
60.164551 	2456680.6
60.51639 	2448574.5
60.86823 	2440468.7
61.220069 	2432363.1
61.571909 	2424257.7
61.923748 	2416152.5
62.275588 	2408047.6
62.627427 	2399943
62.979267 	2391838.5
63.331106 	2383734.3
63.682946 	2375630.3
64.034785 	2367526.5
64.386625 	2359422.9
64.738464 	2351319.6
65.442143 	2335113.4
65.793983 	2327010.6
66.497662 	2310805.6
67.55318 	2286499.3
68.256859 	2270295.9
68.608698 	2262194.5
69.312377 	2245991.9
70.016056 	2229789.8
70.367896 	2221688.9
70.719735 	2213588.2
71.071575 	2205487.5
71.423414 	2197386.9
72.830772 	2164985.3
73.182612 	2156885
73.534451 	2148784.8
73.886291 	2140684.6
74.941809 	2116384.2
75.293648 	2108284.1
75.645488 	2100184
75.997327 	2092083.9
77.052846 	2067783.5
77.404685 	2059683.3
77.756525 	2051583
78.460204 	2035382.3
78.812043 	2027281.8
79.163883 	2019181.2
80.219401 	1994878.9
81.27492 	1970575.6
81.626759 	1962474.2
81.978599 	1954372.6
82.330438 	1946270.8
82.682278 	1938168.9
83.034117 	1930066.8
83.385957 	1921964.5
83.737796 	1913862
84.089635 	1905759.3
84.441475 	1897656.3
85.496993 	1873346.1
86.552512 	1849033.7
86.904351 	1840929.1
89.015388 	1792295.5
89.367228 	1784189.1
90.070907 	1767975.6
90.422746 	1759868.6
90.774586 	1751761.4
91.126425 	1743654
91.478265 	1735546.4
91.830104 	1727438.6
92.533783 	1711222.6
93.237462 	1695005.6
93.589301 	1686896.8
93.941141 	1678787.6
94.29298 	1670678.2
96.052178 	1630125.9
96.404017 	1622014.5
96.755857 	1613902.6
97.459536 	1597677.3
97.811375 	1589562.5
98.163215 	1581438.4
98.515054 	1573457.8
99.922412 	1543451.4
100.27425 	1539484.2
100.62609 	1535785.9
101.32977 	1530569.3
102.03345 	1530473.1
102.38529 	1530448.6
103.79265 	1530342.1
104.14449 	1530301.7
104.49633 	1530266.7
105.2 	1530204.9
105.90368 	1530132
106.25552 	1530103.6
106.60736 	1530073.6
108.01472 	1529950.2
108.36656 	1529928.5
108.7184 	1529905.7
109.07024 	1529885.3
109.77392 	1529848.8
110.12576 	1529832.3
110.82944 	1529803.5
111.18128 	1529788.9
111.53311 	1529774
111.88495 	1529758.2
112.58863 	1529725.8
112.94047 	1529710.3
113.29231 	1529697.6
113.64415 	1529685.6
113.99599 	1529665.6
114.34783 	1529661.7
114.69967 	1529419.1
115.05151 	1525524.8
115.40335 	1517799.7
115.75519 	1509533.4
116.45887 	1492930.4
116.81071 	1484628.3
117.16255 	1476327.1
117.51439 	1468027.1
118.21806 	1451430.5
118.5699 	1443133.8
118.92174 	1434838.1
119.27358 	1426543.2
119.62542 	1418249.1
119.97726 	1409955.6
120.3291 	1401662.7
120.68094 	1393370.3
121.03278 	1385078.3
121.38462 	1376786.7
121.73646 	1368495.4
122.0883 	1360204.3
122.79198 	1343622.8
123.14382 	1335332.2
123.49566 	1327041.7
123.8475 	1318751.3
124.19934 	1310460.9
124.55118 	1302170.4
124.90302 	1293880
125.25485 	1285589.4
125.60669 	1277298.8
126.66221 	1252426.3
127.01405 	1244135.2
127.36589 	1235844.1
127.71773 	1227552.8
128.06957 	1219261.4
128.42141 	1210969.9
128.77325 	1202678.3
129.12509 	1194386.7
129.47693 	1186095
130.18061 	1169511.6
130.53245 	1161219.9
130.88429 	1152928.1
131.23613 	1144636.5
132.29164 	1119761.7
132.64348 	1111470.2
132.99532 	1103178.8
133.699 	1086596.2
134.05084 	1078305.1
134.40268 	1070014
134.75452 	1061723
135.4582 	1045141.2
135.81004 	1036850.5
136.16188 	1028559.8
136.51372 	1020269.1
136.86556 	1011978.5
137.56924 	995397.52
137.92108 	987107.08
138.27292 	978816.67
138.97659 	962235.94
139.68027 	945655.29
140.03211 	937364.99
140.38395 	929074.7
140.73579 	920784.42
141.08763 	912494.14
141.43947 	904203.87
141.79131 	895913.59
142.14315 	887623.31
142.49499 	879333.03
142.84683 	871042.75
144.25419 	837881.57
145.3097 	813010.64
145.66154 	804720.32
146.01338 	796430
146.36522 	788139.68
146.71706 	779849.36
147.0689 	771559.04
147.42074 	763268.72
148.12442 	746688.07
148.8281 	730107.43
149.17994 	721817.11
149.88362 	705236.47
150.23546 	696946.15
150.5873 	688655.83
151.29098 	672075.19
151.99465 	655494.54
152.69833 	638913.88
153.05017 	630623.54
153.40201 	622333.2
153.75385 	614042.84
154.45753 	597462.11
154.80937 	589171.73
155.16121 	580881.34
155.51305 	572590.93
155.86489 	564300.51
156.21673 	556010.07
156.56857 	547719.62
157.62409 	522848.16
157.97593 	514557.63
158.32777 	506267.08
158.67961 	497976.51
159.03144 	489685.92
159.38328 	481395.3
159.73512 	473104.66
160.08696 	464814
160.4388 	456523.3
160.79064 	448232.58
161.14248 	439941.84
161.49432 	431651.07
161.84616 	423360.26
162.90168 	398487.69
163.25352 	390196.78
163.9572 	373614.86
164.30904 	365323.86
164.66088 	357032.83
165.01272 	348741.77
165.71639 	332159.56
166.06823 	323868.42
167.12375 	298994.82
167.47559 	290703.56
167.82743 	282412.28
168.17927 	274120.98
168.53111 	265829.65
169.23479 	249246.93
169.58663 	240955.54
169.93847 	232664.13
170.64215 	216081.25
170.99399 	207789.78
171.34583 	199498.3
171.69767 	191206.81
172.04951 	182915.31
172.40134 	174623.79
172.75318 	166332.27
173.10502 	158040.74
174.16054 	133166.13
174.51238 	124874.59
174.86422 	116583.06
