0 	8079326
6.4128257 	7961973.9
34.468938 	7455347.6
37.675351 	7378781.4
40.881764 	7300621.6
50.501002 	7084141.3
53.707415 	7078049.9
62.52505 	7012606.2
65.731463 	6929473.4
68.937876 	6846617.9
69.739479 	6825899.6
96.993988 	6168595.2
103.40681 	6038081.3
106.61323 	5971284.1
116.23246 	5813567.3
123.44689 	5707309.3
125.05 	5669123.7
125.8517 	5650130.2
128.25651 	5594350.7
131.46293 	5534027.9
151.50301 	5045039.4
153.90782 	4981995.3
156.31263 	4920533.8
159.51904 	4857877.9
166.73347 	4851109.6
169.13828 	4849973.7
175.5511 	4847935.6
176.35271 	4848027
187.57515 	4844522.6
190.78156 	4843360.8
200.4008 	4840340.5
201.2024 	4840410.9
202.00401 	4841305.9
202.80561 	4842267.1
203.60721 	4842704.3
204.40882 	4842734
205.21042 	4842587.6
206.01202 	4842421.2
206.81363 	4842224.9
207.61523 	4841909.5
208.41683 	4841422.4
209.21844 	4841116.2
210.02004 	4841036.4
210.82164 	4840854.3
211.62325 	4840545.7
212.42485 	4840365.1
213.22645 	4840247.1
214.02806 	4840166
214.82966 	4840117.2
215.63126 	4840065.1
216.43287 	4840061.9
217.23447 	4840056.7
218.03607 	4840094.7
219.63928 	4840176.8
220.44088 	4840195.2
221.24248 	4840208.7
222.04409 	4840243.6
222.84569 	4840317.5
223.64729 	4840361.8
224.4489 	4840359
225.2505 	4840384.8
226.0521 	4840326.5
227.65531 	4840182.7
228.45691 	4840098.4
229.25852 	4839853.8
230.86172 	4839508.4
231.66333 	4839408.3
232.46493 	4839251.6
234.06814 	4839119.9
234.86974 	4839038.4
235.67134 	4838836.2
236.47295 	4838620
237.27455 	4838335.8
238.07615 	4837955.8
238.87776 	4837273
239.67936 	4835704.4
240.48096 	4832212.2
241.28257 	4824986.8
242.08417 	4811037.5
242.88577 	4790116
243.68737 	4766375.7
244.48898 	4742384.6
245.29058 	4718471.1
246.09218 	4694581.6
246.89379 	4670693
247.69539 	4646800.5
248.49699 	4622902.3
249.2986 	4598998.1
250.1002 	4575088.5
250.9018 	4551174.7
251.70341 	4527257.8
252.50501 	4503337.9
253.30661 	4479415.3
254.10822 	4455490.1
254.90982 	4431562.1
255.71142 	4407631.2
256.51303 	4383697.1
257.31463 	4359759.2
258.11623 	4335817.2
258.91784 	4311871.3
259.71944 	4287922.5
260.52104 	4263971.4
261.32265 	4240018.9
262.12425 	4216065
262.92585 	4192109.7
263.72745 	4168153.2
264.52906 	4144195.7
265.33066 	4120237.5
266.13226 	4096278.9
266.93387 	4072320
267.73547 	4048360.7
268.53707 	4024401.3
269.33868 	4000441.9
270.14028 	3976483
270.94188 	3952525.1
271.74349 	3928568.8
272.54509 	3904614.1
273.34669 	3880661.3
274.1483 	3856710.3
274.9499 	3832761.1
274.95 	3832758.1
275.7515 	3808813.3
276.55311 	3784866.7
277.35471 	3760921.1
278.95792 	3713031.5
279.75952 	3689087.1
280.56112 	3665142.8
281.36273 	3641198.1
282.16433 	3617253
282.96593 	3593307.2
283.76754 	3569360.4
284.56914 	3545412.5
285.37074 	3521463.3
286.17234 	3497512.5
286.97395 	3473559.8
288.57715 	3425647.3
289.37876 	3401686.8
290.18036 	3377722.9
290.98196 	3353755.8
291.78357 	3329785.4
292.58517 	3305812.2
293.38677 	3281836.5
294.18838 	3257858.8
294.98998 	3233879.6
295.79158 	3209899.1
296.59319 	3185917.7
297.39479 	3161935.5
298.19639 	3137952.7
298.998 	3113969.2
299.7996 	3089985.2
300.6012 	3066000.8
301.40281 	3042016
302.20441 	3018030.8
303.00601 	2994045.3
303.80762 	2970059.5
304.60922 	2946073.5
306.21242 	2898100.4
307.01403 	2874113.5
307.81563 	2850126.3
308.61723 	2826138.9
309.41884 	2802151.5
310.22044 	2778164.1
311.02204 	2754176.9
311.82365 	2730190.1
312.62525 	2706203.9
313.42685 	2682218.5
314.22846 	2658234.2
315.03006 	2634251.2
315.83166 	2610269.8
316.63327 	2586290.3
317.43487 	2562312.8
318.23647 	2538337.7
319.03808 	2514365.2
319.83968 	2490395.4
320.64128 	2466428.6
321.44289 	2442464.8
322.24449 	2418504.2
323.04609 	2394546.9
323.8477 	2370593
324.6493 	2346642.4
325.4509 	2322695.3
326.25251 	2298751.5
327.05411 	2274811.1
327.85571 	2250873.9
328.65731 	2226939.9
329.45892 	2203008.7
330.26052 	2179080.3
331.06212 	2155154.4
331.86373 	2131230.6
332.66533 	2107308.7
333.46693 	2083388.3
334.26854 	2059469
335.07014 	2035550.3
335.87174 	2011631.9
336.67335 	1987713.3
337.47495 	1963794.1
338.27655 	1939874
339.07816 	1915952.6
339.87976 	1892029.7
340.68136 	1868105.2
341.48297 	1844178.9
342.28457 	1820250.7
343.08617 	1796320.8
343.88778 	1772389
344.68938 	1748455.6
345.49098 	1724520.8
346.29259 	1700584.6
347.09419 	1676647.3
347.89579 	1652709.3
348.69739 	1628770.8
349.499 	1604832.3
350.3006 	1580894
351.1022 	1556956.6
351.90381 	1533020.4
352.70541 	1509086.1
353.50701 	1485154.2
354.30862 	1461225.3
355.11022 	1437299.9
355.91182 	1413378.5
356.71343 	1389461.6
357.51503 	1365549.7
358.31663 	1341643.1
359.11824 	1317742
359.91984 	1293846.8
360.72144 	1269957.5
361.52305 	1246074.2
362.32465 	1222196.9
363.12625 	1198325.4
363.92786 	1174459.5
364.72946 	1150599
365.53106 	1126743.6
366.33267 	1102892.8
367.13427 	1079046.2
367.93587 	1055203.2
368.73747 	1031363.4
369.53908 	1007526.1
370.34068 	983690.78
371.14228 	959856.75
371.94389 	936023.44
372.74549 	912190.25
373.54709 	888356.61
374.3487 	864521.96
375.1503 	840685.78
375.9519 	816847.59
376.75351 	793006.93
377.55511 	769163.39
379.15832 	721466.28
379.95992 	697612.11
381.56313 	649891.41
382.36473 	626024.56
383.16633 	602153.25
383.96794 	578277.44
384.76954 	554397.12
385.57114 	530512.33
386.37275 	506623.13
387.17435 	482729.62
387.97595 	458831.93
388.77756 	434930.21
389.57916 	411024.61
390.38076 	387115.31
391.18236 	363202.5
391.98397 	339286.4
392.78557 	315367.21
393.58717 	291445.17
394.38878 	267520.53
395.19038 	243593.55
395.99198 	219664.52
396.79359 	195733.75
397.59519 	171801.56
399.1984 	123934.33
400 	100582.96
