0 	7986347.1
6.4128257 	7855344.2
34.468938 	7426615.5
37.675351 	7360460.5
40.881764 	7281311.5
50.501002 	7042393.5
53.707415 	6973959.5
62.52505 	6961676.1
65.731463 	6937958.9
68.937876 	6857236.1
69.739479 	6836598.2
96.993988 	6146093.3
103.40681 	6027767.4
106.61323 	5953916.5
116.23246 	5757638.1
123.44689 	5671871.1
125.05 	5635771.5
125.8517 	5616783.4
128.25651 	5559319.7
131.46293 	5487989
151.50301 	4999381.1
153.90782 	4940896.7
156.31263 	4881726.2
159.51904 	4804598.4
166.73347 	4745221.4
169.13828 	4744140.5
175.5511 	4744772.8
176.35271 	4744951.3
187.57515 	4741556.1
190.78156 	4741171.6
200.4008 	4744001.5
201.2024 	4745084.9
202.00401 	4745805.4
202.80561 	4746002.9
203.60721 	4745726.3
204.40882 	4745021.4
205.21042 	4744017.2
206.01202 	4742859.4
206.81363 	4741880.2
207.61523 	4741320.4
208.41683 	4740911.1
209.21844 	4740435.9
210.02004 	4740083
210.82164 	4739898.8
211.62325 	4739714.4
212.42485 	4739518.3
213.22645 	4739231.2
214.02806 	4738930.4
214.82966 	4738573.8
215.63126 	4738175.9
216.43287 	4737768.3
217.23447 	4737326.3
218.03607 	4736875.8
219.63928 	4736085.9
220.44088 	4735779.6
221.24248 	4735496.8
222.04409 	4735172
222.84569 	4734887.5
223.64729 	4734642.8
224.4489 	4734381.7
225.2505 	4734215.2
226.0521 	4734169.6
227.65531 	4733939.8
228.45691 	4733953.8
229.25852 	4733957.8
230.86172 	4734024.2
231.66333 	4734119.6
232.46493 	4734258.8
234.06814 	4734576
234.86974 	4734813.5
235.67134 	4734928.7
236.47295 	4735025.8
237.27455 	4735051.2
238.07615 	4734979.9
238.87776 	4734873.6
239.67936 	4734712.5
240.48096 	4734443.1
241.28257 	4734196.4
242.08417 	4734007.8
242.88577 	4733725.6
243.68737 	4733096.3
244.48898 	4731651.8
245.29058 	4728496.6
246.09218 	4721868.9
246.89379 	4709189.1
247.69539 	4689016.2
248.49699 	4665053.7
249.2986 	4640655.9
250.1002 	4616374.6
250.9018 	4592145.6
251.70341 	4567930.2
252.50501 	4543717.8
253.30661 	4519505.2
254.10822 	4495290.1
254.90982 	4471071.9
255.71142 	4446852.2
256.51303 	4422632.5
257.31463 	4398413.2
258.11623 	4374193.4
258.91784 	4349972.4
259.71944 	4325750.6
260.52104 	4301529.6
261.32265 	4277311.8
262.12425 	4253099.9
262.92585 	4228896
263.72745 	4204701.3
264.52906 	4180514.8
265.33066 	4156333
266.13226 	4132150.9
266.93387 	4107963.9
267.73547 	4083769.2
268.53707 	4059566.9
269.33868 	4035358.9
270.14028 	4011148
270.94188 	3986936.4
271.74349 	3962725.3
272.54509 	3938514.8
273.34669 	3914304.4
274.1483 	3890093.4
274.9499 	3865881.5
274.95 	3865878.5
275.7515 	3841668.1
276.55311 	3817453.3
277.35471 	3793236.8
278.95792 	3744799.1
279.75952 	3720577.8
280.56112 	3696354.8
281.36273 	3672130.2
282.16433 	3647904
282.96593 	3623676.3
283.76754 	3599447.4
284.56914 	3575217.5
285.37074 	3550986.8
286.17234 	3526755.6
286.97395 	3502524.2
288.57715 	3454061.7
289.37876 	3429831.4
290.18036 	3405602.1
290.98196 	3381374.3
291.78357 	3357148.2
292.58517 	3332924.1
293.38677 	3308702
294.18838 	3284482.1
294.98998 	3260264.4
295.79158 	3236048.8
296.59319 	3211835.2
297.39479 	3187623.7
298.19639 	3163414.2
298.998 	3139206.8
299.7996 	3115001.6
300.6012 	3090798.7
301.40281 	3066598.5
302.20441 	3042401.1
303.00601 	3018207
303.80762 	2994016.3
304.60922 	2969829.3
306.21242 	2921467.9
307.01403 	2897293.9
307.81563 	2873124.8
308.61723 	2848960.8
309.41884 	2824802.2
310.22044 	2800649.2
311.02204 	2776502
311.82365 	2752360.5
312.62525 	2728224.9
313.42685 	2704095
314.22846 	2679970.8
315.03006 	2655852.2
315.83166 	2631738.9
316.63327 	2607630.9
317.43487 	2583528.2
318.23647 	2559430.7
319.03808 	2535338.5
319.83968 	2511251.4
320.64128 	2487169.4
321.44289 	2463092.3
322.24449 	2439019.7
323.04609 	2414951.3
323.8477 	2390886.5
324.6493 	2366824.8
325.4509 	2342765.5
326.25251 	2318708.2
327.05411 	2294652
327.85571 	2270596.6
328.65731 	2246541.3
329.45892 	2222485.7
330.26052 	2198429.5
331.06212 	2174372.2
331.86373 	2150313.5
332.66533 	2126253.3
333.46693 	2102191.2
334.26854 	2078127
335.07014 	2054060.5
335.87174 	2029991.5
336.67335 	2005919.7
337.47495 	1981844.9
338.27655 	1957766.9
339.07816 	1933685.7
339.87976 	1909600.9
340.68136 	1885512.6
341.48297 	1861420.6
342.28457 	1837325
343.08617 	1813225.6
343.88778 	1789122.5
344.68938 	1765015.7
345.49098 	1740905.3
346.29259 	1716791.4
347.09419 	1692674.2
347.89579 	1668553.7
348.69739 	1644430.3
349.499 	1620304
350.3006 	1596175.3
351.1022 	1572044.3
351.90381 	1547911.3
352.70541 	1523776.7
353.50701 	1499640.8
354.30862 	1475503.8
355.11022 	1451366
355.91182 	1427227.6
356.71343 	1403088.9
357.51503 	1378950.1
358.31663 	1354811.2
359.11824 	1330672.6
359.91984 	1306534.2
360.72144 	1282396.3
361.52305 	1258258.9
362.32465 	1234122.1
363.12625 	1209986
363.92786 	1185850.7
364.72946 	1161716.1
365.53106 	1137582.3
366.33267 	1113449.5
367.13427 	1089317.4
367.93587 	1065186.3
368.73747 	1041055.9
369.53908 	1016926.4
370.34068 	992797.5
371.14228 	968669.26
371.94389 	944541.56
372.74549 	920414.28
373.54709 	896287.3
374.3487 	872160.53
375.1503 	848033.83
375.9519 	823907.09
376.75351 	799780.23
377.55511 	775653.14
379.15832 	727397.95
379.95992 	703269.71
381.56313 	655011.63
382.36473 	630881.69
383.16633 	606751.09
383.96794 	582619.81
384.76954 	558487.84
385.57114 	534355.2
386.37275 	510221.93
387.17435 	486088.12
387.97595 	461953.87
388.77756 	437819.35
389.57916 	413684.72
390.38076 	389550.2
391.18236 	365416.02
391.98397 	341282.39
392.78557 	317149.52
393.58717 	293017.6
394.38878 	268886.76
395.19038 	244757.09
395.99198 	220628.61
396.79359 	196501.27
397.59519 	172374.94
399.1984 	124124.57
400 	100587.59
