0 	9642733.3
6.4128257 	9522113.5
34.468938 	9155417.8
37.675351 	9108799.8
40.881764 	9029588.7
50.501002 	8790809.2
53.707415 	8710710.4
62.52505 	8489881.9
65.731463 	8409680.1
68.937876 	8329613.9
69.739479 	8309620.6
96.993988 	7634740.7
103.40681 	7476271
106.61323 	7396914.4
116.23246 	7157784.2
123.44689 	6977666.3
125.05 	6937621.6
125.8517 	6917596.8
128.25651 	6857541.5
131.46293 	6777508.5
151.50301 	6278721.9
153.90782 	6219005.3
156.31263 	6159316.7
159.51904 	6079777.6
166.73347 	5900977.2
169.13828 	5841401
175.5511 	5682464
176.35271 	5662582.4
187.57515 	5383788.5
190.78156 	5304028.2
200.4008 	5064803
201.2024 	5044877.7
202.00401 	5024954
202.80561 	5005031.5
203.60721 	4985110.2
204.40882 	4965189.8
205.21042 	4945270.1
206.01202 	4925350.9
206.81363 	4905431.9
207.61523 	4885513
208.41683 	4865593.8
209.21844 	4845674.3
210.02004 	4825754.1
210.82164 	4805833.1
211.62325 	4785911.2
212.42485 	4765988.3
213.22645 	4746064.1
214.02806 	4726138.6
214.82966 	4706211.8
215.63126 	4686283.7
216.43287 	4666354.1
217.23447 	4646423.1
218.03607 	4626490.7
219.63928 	4586622.1
220.44088 	4566685.9
221.24248 	4546748.6
222.04409 	4526810.2
222.84569 	4506870.9
223.64729 	4486930.7
224.4489 	4466989.6
225.2505 	4447047.9
226.0521 	4427105.5
227.65531 	4387218.9
228.45691 	4367274.9
229.25852 	4347330.4
230.86172 	4307440.3
231.66333 	4287494.6
232.46493 	4267548.5
234.06814 	4227655.3
234.86974 	4207708.1
235.67134 	4187760.6
236.47295 	4167812.7
237.27455 	4147864.4
238.07615 	4127915.8
238.87776 	4107966.8
239.67936 	4088017.5
240.48096 	4068067.9
241.28257 	4048118.1
242.08417 	4028168.1
242.88577 	4008218
243.68737 	3988267.9
244.48898 	3968317.7
245.29058 	3948367.7
246.09218 	3928417.8
246.89379 	3908468.3
247.69539 	3888519.1
248.49699 	3868570.4
249.2986 	3848622.3
250.1002 	3828674.8
250.9018 	3808728
251.70341 	3788782.1
252.50501 	3768837
253.30661 	3748892.9
254.10822 	3728949.8
254.90982 	3709007.7
255.71142 	3689066.7
256.51303 	3669126.7
257.31463 	3649187.8
258.11623 	3629249.9
258.91784 	3609313
259.71944 	3589377.1
260.52104 	3569442.1
261.32265 	3549508
262.12425 	3529574.7
262.92585 	3509642
263.72745 	3489710
264.52906 	3469778.4
265.33066 	3449847.3
266.13226 	3429916.5
266.93387 	3409985.9
267.73547 	3390055.4
268.53707 	3370124.9
269.33868 	3350194.4
270.14028 	3330263.6
270.94188 	3310332.7
271.74349 	3290401.4
272.54509 	3270469.7
273.34669 	3250537.6
274.1483 	3230605
274.9499 	3210671.9
274.95 	3210669.4
275.7515 	3190738.2
276.55311 	3170803.9
277.35471 	3150869
278.95792 	3110997.5
279.75952 	3091060.9
280.56112 	3071123.7
281.36273 	3051186
282.16433 	3031247.7
282.96593 	3011309
283.76754 	2991369.8
284.56914 	2971430.2
285.37074 	2951490.1
286.17234 	2931549.7
286.97395 	2911608.9
288.57715 	2871726.4
289.37876 	2851784.8
290.18036 	2831842.8
290.98196 	2811900.6
291.78357 	2791958.1
292.58517 	2772015.4
293.38677 	2752072.4
294.18838 	2732129.2
294.98998 	2712185.8
295.79158 	2692242.1
296.59319 	2672298.2
297.39479 	2652354
298.19639 	2632409.6
298.998 	2612464.9
299.7996 	2592519.9
300.6012 	2572574.7
301.40281 	2552629.3
302.20441 	2532683.7
303.00601 	2512737.8
303.80762 	2492791.8
304.60922 	2472845.6
306.21242 	2432952.9
307.01403 	2413006.4
307.81563 	2393060
308.61723 	2373113.5
309.41884 	2353167.2
310.22044 	2333221
311.02204 	2313275
311.82365 	2293329.3
312.62525 	2273383.9
313.42685 	2253438.8
314.22846 	2233494.2
315.03006 	2213550
315.83166 	2193606.4
316.63327 	2173663.3
317.43487 	2153720.8
318.23647 	2133779
319.03808 	2113837.9
319.83968 	2093897.4
320.64128 	2073957.7
321.44289 	2054018.6
322.24449 	2034080.3
323.04609 	2014142.6
323.8477 	1994205.7
324.6493 	1974269.4
325.4509 	1954333.7
326.25251 	1934398.6
327.05411 	1914464.1
327.85571 	1894530
328.65731 	1874596.4
329.45892 	1854663.2
330.26052 	1834730.4
331.06212 	1814797.8
331.86373 	1794865.4
332.66533 	1774933.1
333.46693 	1755000.9
334.26854 	1735068.8
335.07014 	1715136.6
335.87174 	1695204.3
336.67335 	1675271.8
337.47495 	1655339.2
338.27655 	1635406.2
339.07816 	1615473
339.87976 	1595539.5
340.68136 	1575605.6
341.48297 	1555671.3
342.28457 	1535736.7
343.08617 	1515801.6
343.88778 	1495866
344.68938 	1475930
345.49098 	1455993.6
346.29259 	1436056.7
347.09419 	1416119.4
347.89579 	1396181.7
348.69739 	1376243.5
349.499 	1356304.9
350.3006 	1336365.9
351.1022 	1316426.6
351.90381 	1296486.9
352.70541 	1276546.8
353.50701 	1256606.4
354.30862 	1236665.7
355.11022 	1216724.8
355.91182 	1196783.5
356.71343 	1176842.1
357.51503 	1156900.4
358.31663 	1136958.4
359.11824 	1117016.3
359.91984 	1097074
360.72144 	1077131.6
361.52305 	1057189
362.32465 	1037246.2
363.12625 	1017303.4
363.92786 	997360.47
364.72946 	977417.45
365.53106 	957474.36
366.33267 	937531.21
367.13427 	917588.02
367.93587 	897644.8
368.73747 	877701.56
369.53908 	857758.33
370.34068 	837815.11
371.14228 	817871.92
371.94389 	797928.77
372.74549 	777985.68
373.54709 	758042.65
374.3487 	738099.7
375.1503 	718156.85
375.9519 	698214.09
376.75351 	678271.46
377.55511 	658328.95
379.15832 	618444.34
379.95992 	598502.26
381.56313 	558618.57
382.36473 	538676.98
383.16633 	518735.55
383.96794 	498794.3
384.76954 	478853.22
385.57114 	458912.31
386.37275 	438971.57
387.17435 	419031
387.97595 	399090.6
388.77756 	379150.35
389.57916 	359210.26
390.38076 	339270.33
391.18236 	319330.53
391.98397 	299390.87
392.78557 	279451.35
393.58717 	259511.94
394.38878 	239572.64
395.19038 	219633.45
395.99198 	199694.36
396.79359 	179755.35
397.59519 	159816.42
399.1984 	119938.76
400 	100485.63
