0 	3836485.5
0.35183948 	3829113.6
0.70367896 	3821361
1.0555184 	3813608.4
1.4073579 	3805855.8
1.7591974 	3798103.2
2.1110369 	3790350.6
2.4628764 	3782598
2.8147158 	3774845.6
3.1665553 	3767108.2
3.5183948 	3759468.5
3.8702343 	3751866
4.2220737 	3744137.6
4.9257527 	3729092.2
5.6294317 	3713851
5.9812711 	3709810
6.3331106 	3702247
8.092308 	3664968.4
8.795987 	3649452.7
9.1478265 	3641615.7
10.203345 	3631760.7
10.907024 	3631674.8
11.258863 	3631639
11.610703 	3631609.1
11.962542 	3631556.8
12.666221 	3631470.7
13.018061 	3631432.2
13.3699 	3631400
13.72174 	3631371
14.777258 	3631242.2
15.480937 	3631124.6
15.832777 	3630698.3
16.536456 	3618183.1
17.591974 	3594835.9
18.647492 	3571478.9
19.351171 	3555907.4
19.703011 	3548121.6
20.05485 	3540335.8
20.40669 	3532550
20.758529 	3524764.2
21.462208 	3509192.6
22.165887 	3493620.9
22.869566 	3478049.3
23.573245 	3462477.7
23.925085 	3454691.9
24.276924 	3446906.1
24.628764 	3439120.3
25.332442 	3423548.7
25.684282 	3415762.9
26.387961 	3400191.3
26.7398 	3392405.5
27.09164 	3384619.8
27.443479 	3376834
27.795319 	3369048.2
28.147158 	3361262.5
28.850837 	3345691
29.202677 	3337905.2
29.554516 	3330119.5
29.906356 	3322333.8
30.258195 	3314548
30.610035 	3306762.3
30.961874 	3298976.6
31.665553 	3283405.2
32.017393 	3275619.5
32.369232 	3267833.9
32.721072 	3260048.2
33.072911 	3252262.6
33.424751 	3244476.9
33.77659 	3236691.3
34.128429 	3228905.7
34.480269 	3221120.1
34.832108 	3213334.5
35.183948 	3205548.9
35.535787 	3197763.3
35.887627 	3189977.7
36.239466 	3182192.2
36.591306 	3174406.6
37.294985 	3158835.6
37.646824 	3151050.1
37.998664 	3143264.6
38.702343 	3127693.6
39.406022 	3112122.7
39.757861 	3104337.3
41.165219 	3073195.8
41.517059 	3065410.4
41.868898 	3057625.1
42.220737 	3049839.8
42.924416 	3034269.2
43.276256 	3026483.9
43.628095 	3018698.7
43.979935 	3010913.4
44.683614 	2995343
45.035453 	2987557.8
45.387293 	2979772.7
46.090972 	2964202.4
46.442811 	2956417.3
47.14649 	2940847.1
47.49833 	2933062.1
48.202009 	2917492
48.553848 	2909707
49.257527 	2894137.1
49.609367 	2886352.1
49.961206 	2878567.2
50.313045 	2870782.3
50.664885 	2862997.4
51.016724 	2855212.5
51.720403 	2839642.9
52.072243 	2831858.1
52.424082 	2824073.3
52.775922 	2816288.5
53.127761 	2808503.7
54.18328 	2785149.6
54.535119 	2777364.9
54.886959 	2769580.3
55.238798 	2761795.6
55.590638 	2754011
55.942477 	2746226.4
56.997996 	2722872.7
57.349835 	2715088.2
57.701675 	2707303.7
58.053514 	2699519.2
58.405354 	2691734.8
58.757193 	2683950.3
59.109032 	2676165.9
59.460872 	2668381.5
60.164551 	2652812.7
60.51639 	2645028.4
60.86823 	2637244
61.220069 	2629459.7
61.571909 	2621675.4
61.923748 	2613891.1
62.275588 	2606106.8
62.627427 	2598322.6
62.979267 	2590538.3
63.331106 	2582754.1
63.682946 	2574969.9
64.034785 	2567185.7
64.386625 	2559401.5
64.738464 	2551617.4
65.442143 	2536049.1
65.793983 	2528265
66.497662 	2512696.8
67.55318 	2489344.7
68.256859 	2473776.6
68.608698 	2465992.6
69.312377 	2450424.7
70.016056 	2434856.8
70.367896 	2427072.8
70.719735 	2419288.9
71.071575 	2411505
71.423414 	2403721.1
72.830772 	2372585.6
73.182612 	2364801.8
73.534451 	2357017.9
73.886291 	2349234.1
74.941809 	2325882.7
75.293648 	2318098.9
75.645488 	2310315.1
75.997327 	2302531.3
77.052846 	2279180.1
77.404685 	2271396.4
77.756525 	2263612.6
78.460204 	2248045.2
78.812043 	2240261.5
79.163883 	2232477.8
80.219401 	2209126.8
81.27492 	2185775.8
81.626759 	2177992.1
81.978599 	2170208.5
82.330438 	2162424.9
82.682278 	2154641.2
83.034117 	2146857.6
83.385957 	2139074
83.737796 	2131290.4
84.089635 	2123506.8
84.441475 	2115723.2
85.496993 	2092372.4
86.552512 	2069021.7
86.904351 	2061238.1
89.015388 	2014536.9
89.367228 	2006753.4
90.070907 	1991186.3
90.422746 	1983402.8
90.774586 	1975619.3
91.126425 	1967835.8
91.478265 	1960052.3
91.830104 	1952268.9
92.533783 	1936701.9
93.237462 	1921135
93.589301 	1913351.5
93.941141 	1905568
94.29298 	1897784.6
96.052178 	1858867.4
96.404017 	1851084
96.755857 	1843300.6
97.459536 	1827733.8
97.811375 	1819950.4
98.163215 	1812167
98.515054 	1804383.6
99.922412 	1773250.2
100.27425 	1765466.8
100.62609 	1757683.5
101.32977 	1742116.8
102.03345 	1726550.1
102.38529 	1718766.8
103.79265 	1687633.7
104.14449 	1679850.4
104.49633 	1672067.1
105.2 	1656500.6
105.90368 	1640934.1
106.25552 	1633150.9
106.60736 	1625367.7
108.01472 	1594234.8
108.36656 	1586451.7
108.7184 	1578668.5
109.07024 	1570885.3
109.77392 	1555319
110.12576 	1547535.8
110.82944 	1531969.6
111.18128 	1524186.5
111.53311 	1516403.3
111.88495 	1508620.2
112.58863 	1493054
112.94047 	1485271
113.29231 	1477487.9
113.64415 	1469704.8
113.99599 	1461921.8
114.34783 	1454138.7
114.69967 	1446355.7
115.05151 	1438572.6
115.40335 	1430789.6
115.75519 	1423006.6
116.45887 	1407440.6
116.81071 	1399657.6
117.16255 	1391874.6
117.51439 	1384091.6
118.21806 	1368525.7
118.5699 	1360742.7
118.92174 	1352959.8
119.27358 	1345176.8
119.62542 	1337393.9
119.97726 	1329611
120.3291 	1321828
120.68094 	1314045.1
121.03278 	1306262.2
121.38462 	1298479.3
121.73646 	1290696.4
122.0883 	1282913.5
122.79198 	1267347.8
123.14382 	1259564.9
123.49566 	1251782
123.8475 	1243999.2
124.19934 	1236216.3
124.55118 	1228433.5
124.90302 	1220650.6
125.25485 	1212867.8
125.60669 	1205085
126.66221 	1181736.5
127.01405 	1173953.7
127.36589 	1166170.9
127.71773 	1158388.1
128.06957 	1150605.3
128.42141 	1142822.5
128.77325 	1135039.7
129.12509 	1127256.9
129.47693 	1119474.2
130.18061 	1103908.6
130.53245 	1096125.9
130.88429 	1088343.1
131.23613 	1080560.3
132.29164 	1057212.1
132.64348 	1049429.4
132.99532 	1041646.6
133.699 	1026081.1
134.05084 	1018298.4
134.40268 	1010515.7
134.75452 	1002733
135.4582 	987167.53
135.81004 	979384.81
136.16188 	971602.1
136.51372 	963819.39
136.86556 	956036.68
137.56924 	940471.27
137.92108 	932688.57
138.27292 	924905.87
138.97659 	909340.48
139.68027 	893775.1
140.03211 	885992.41
140.38395 	878209.72
140.73579 	870427.04
141.08763 	862644.36
141.43947 	854861.67
141.79131 	847079
142.14315 	839296.32
142.49499 	831513.64
142.84683 	823730.97
144.25419 	792600.29
145.3097 	769252.29
145.66154 	761469.63
146.01338 	753686.97
146.36522 	745904.31
146.71706 	738121.65
147.0689 	730339
147.42074 	722556.35
148.12442 	706991.04
148.8281 	691425.74
149.17994 	683643.1
149.88362 	668077.81
150.23546 	660295.17
150.5873 	652512.53
151.29098 	636947.26
151.99465 	621381.99
152.69833 	605816.73
153.05017 	598034.1
153.40201 	590251.47
153.75385 	582468.85
154.45753 	566903.61
154.80937 	559120.99
155.16121 	551338.38
155.51305 	543555.76
155.86489 	535773.15
156.21673 	527990.54
156.56857 	520207.94
157.62409 	496860.13
157.97593 	489077.54
158.32777 	481294.94
158.67961 	473512.35
159.03144 	465729.76
159.38328 	457947.17
159.73512 	450164.59
160.08696 	442382.01
160.4388 	434599.43
160.79064 	426816.86
161.14248 	419034.29
161.49432 	411251.72
161.84616 	403469.16
162.90168 	380121.49
163.25352 	372338.94
163.9572 	356773.85
164.30904 	348991.31
164.66088 	341208.78
165.01272 	333426.25
165.71639 	317861.2
166.06823 	310078.68
167.12375 	286731.16
167.47559 	278948.66
167.82743 	271166.17
168.17927 	263383.68
168.53111 	255601.2
169.23479 	240036.25
169.58663 	232253.79
169.93847 	224471.33
170.64215 	208906.42
170.99399 	201123.98
171.34583 	193341.54
171.69767 	185559.11
172.04951 	177776.69
172.40134 	169994.27
172.75318 	162211.86
173.10502 	154429.46
174.16054 	131082.29
174.51238 	123299.91
174.86422 	115517.49
