0 	8209658.9
6.4128257 	8137887.5
34.468938 	7494213.6
37.675351 	7468521.6
40.881764 	7466182.9
50.501002 	7363058.5
53.707415 	7282157.4
62.52505 	7059199
65.731463 	6978011.9
68.937876 	6897161.7
69.739479 	6877278.5
96.993988 	6314285.2
103.40681 	6199470.4
106.61323 	6172970
116.23246 	5982700.5
123.44689 	5815452.6
125.05 	5776490.6
125.8517 	5756910
128.25651 	5697984.8
131.46293 	5619333.3
151.50301 	5160502.3
153.90782 	5152969.6
156.31263 	5152211.6
159.51904 	5151316.3
166.73347 	5146539.2
169.13828 	5146001.5
175.5511 	5148178
176.35271 	5148121.5
187.57515 	5145737
190.78156 	5144444.4
200.4008 	5141582.9
201.2024 	5141790
202.00401 	5142146.3
202.80561 	5142565.2
203.60721 	5143129.3
204.40882 	5143857.6
205.21042 	5144656.4
206.01202 	5145511
206.81363 	5146042.5
207.61523 	5146053.2
208.41683 	5145547.6
209.21844 	5144864.6
210.02004 	5144213
210.82164 	5143518.5
211.62325 	5142895.2
212.42485 	5142451.5
213.22645 	5142311.3
214.02806 	5142105.7
214.82966 	5141612.7
215.63126 	5141233
216.43287 	5141027.5
217.23447 	5140677.3
218.03607 	5140290.5
219.63928 	5139499
220.44088 	5139187.4
221.24248 	5138865
222.04409 	5138550.9
222.84569 	5137999.2
223.64729 	5136964.2
224.4489 	5135173.1
225.2505 	5131779.1
226.0521 	5124651.3
227.65531 	5091576.6
228.45691 	5068659.5
229.25852 	5045254.4
230.86172 	4998621.3
231.66333 	4975330.7
232.46493 	4952044.2
234.06814 	4905488.3
234.86974 	4882216.8
235.67134 	4858945.8
236.47295 	4835672
237.27455 	4812394.1
238.07615 	4789112.8
238.87776 	4765829.7
239.67936 	4742546.3
240.48096 	4719264.1
241.28257 	4695985.2
242.08417 	4672711.5
242.88577 	4649444.5
243.68737 	4626184.4
244.48898 	4602930.8
245.29058 	4579683.1
246.09218 	4556440.7
246.89379 	4533203.6
247.69539 	4509971
248.49699 	4486741.3
249.2986 	4463512.3
250.1002 	4440281.7
250.9018 	4417048.5
251.70341 	4393812.9
252.50501 	4370576.7
253.30661 	4347342.3
254.10822 	4324112
254.90982 	4300886.5
255.71142 	4277665.3
256.51303 	4254447.1
257.31463 	4231229.8
258.11623 	4208011.7
258.91784 	4184791.8
259.71944 	4161569.3
260.52104 	4138344
261.32265 	4115116.2
262.12425 	4091886.4
262.92585 	4068655.2
263.72745 	4045423.4
264.52906 	4022191.7
265.33066 	3998960.5
266.13226 	3975730.1
266.93387 	3952500.8
267.73547 	3929272.7
268.53707 	3906045.8
269.33868 	3882819.9
270.14028 	3859595.1
270.94188 	3836371.4
271.74349 	3813148.8
272.54509 	3789927.4
273.34669 	3766707.3
274.1483 	3743488.5
274.9499 	3720271.1
274.95 	3720268.2
275.7515 	3697054.9
276.55311 	3673839.8
277.35471 	3650625.3
278.95792 	3604197.4
279.75952 	3580983.2
280.56112 	3557768.6
281.36273 	3534553.4
282.16433 	3511337.5
282.96593 	3488120.6
283.76754 	3464902.8
284.56914 	3441684
285.37074 	3418464
286.17234 	3395242.7
286.97395 	3372020
288.57715 	3325569.6
289.37876 	3302341.6
290.18036 	3279111.5
290.98196 	3255879.5
291.78357 	3232645.3
292.58517 	3209408.9
293.38677 	3186170.5
294.18838 	3162929.8
294.98998 	3139686.8
295.79158 	3116441.4
296.59319 	3093193.4
297.39479 	3069942.7
298.19639 	3046689
298.998 	3023432.5
299.7996 	3000173
300.6012 	2976910.9
301.40281 	2953646.5
302.20441 	2930380.4
303.00601 	2907112.9
303.80762 	2883844.7
304.60922 	2860576.3
306.21242 	2814040.1
307.01403 	2790772.8
307.81563 	2767506
308.61723 	2744239.8
309.41884 	2720974.2
310.22044 	2697709.4
311.02204 	2674445.3
311.82365 	2651182.2
312.62525 	2627920.5
313.42685 	2604660.3
314.22846 	2581402
315.03006 	2558146
315.83166 	2534892.4
316.63327 	2511641.6
317.43487 	2488393.8
318.23647 	2465148.9
319.03808 	2441907.1
319.83968 	2418668.3
320.64128 	2395432.5
321.44289 	2372199.7
322.24449 	2348969.7
323.04609 	2325742.6
323.8477 	2302518.2
324.6493 	2279296.5
325.4509 	2256077.4
326.25251 	2232860.8
327.05411 	2209646.5
327.85571 	2186434.3
328.65731 	2163224.1
329.45892 	2140015.6
330.26052 	2116808.5
331.06212 	2093602.5
331.86373 	2070397.3
332.66533 	2047192.5
333.46693 	2023987.9
334.26854 	2000783.1
335.07014 	1977577.9
335.87174 	1954372
336.67335 	1931165.2
337.47495 	1907957.4
338.27655 	1884748.4
339.07816 	1861538.1
339.87976 	1838326.3
340.68136 	1815112.9
341.48297 	1791898
342.28457 	1768681.4
343.08617 	1745463
343.88778 	1722243
344.68938 	1699021.2
345.49098 	1675797.7
346.29259 	1652572.6
347.09419 	1629345.9
347.89579 	1606117.9
348.69739 	1582888.7
349.499 	1559658.5
350.3006 	1536427.7
351.1022 	1513196.5
351.90381 	1489965.3
352.70541 	1466734.3
353.50701 	1443504
354.30862 	1420274.7
355.11022 	1397046.8
355.91182 	1373820.6
356.71343 	1350596.7
357.51503 	1327375.2
358.31663 	1304156.6
359.11824 	1280941.3
359.91984 	1257729.5
360.72144 	1234521.5
361.52305 	1211317.6
362.32465 	1188117.9
363.12625 	1164922.7
363.92786 	1141731.8
364.72946 	1118545.4
365.53106 	1095363.4
366.33267 	1072185.7
367.13427 	1049011.9
367.93587 	1025842
368.73747 	1002675.5
369.53908 	979512.24
370.34068 	956351.79
371.14228 	933193.81
371.94389 	910037.98
372.74549 	886883.96
373.54709 	863731.47
374.3487 	840580.25
375.1503 	817430.07
375.9519 	794280.78
376.75351 	771132.24
377.55511 	747984.38
379.15832 	701690.58
379.95992 	678544.65
381.56313 	632254.96
382.36473 	609111.27
383.16633 	585968.39
383.96794 	562826.3
384.76954 	539684.96
385.57114 	516544.3
386.37275 	493404.21
387.17435 	470264.54
387.97595 	447125.13
388.77756 	423985.81
389.57916 	400846.42
390.38076 	377706.81
391.18236 	354566.85
391.98397 	331426.45
392.78557 	308285.55
393.58717 	285144.14
394.38878 	262002.23
395.19038 	238859.87
395.99198 	215717.11
396.79359 	192574.04
397.59519 	169430.72
399.1984 	123143.63
400 	100563.7
