0 	3836484.4
0.35183948 	3829092
0.70367896 	3821317.8
1.0555184 	3813543.7
1.4073579 	3805769.5
1.7591974 	3797995.1
2.1110369 	3790224.2
2.4628764 	3782519.5
2.8147158 	3774909.5
3.1665553 	3767168.1
3.5183948 	3759460.5
3.8702343 	3751692.1
4.2220737 	3743914.3
4.9257527 	3728396.6
5.6294317 	3714043.8
5.9812711 	3706257.5
6.3331106 	3699069.7
8.092308 	3664377.7
8.795987 	3648972.6
9.1478265 	3641197.6
10.203345 	3617872.2
10.907024 	3602321.9
11.258863 	3594546.7
11.610703 	3586771.6
11.962542 	3578996.5
12.666221 	3563416.8
13.018061 	3555833.2
13.3699 	3551621.7
13.72174 	3551145.6
14.777258 	3551013.3
15.480937 	3550935.5
15.832777 	3550895.8
16.536456 	3550816.3
17.591974 	3550696.6
18.647492 	3550590
19.351171 	3550472.5
19.703011 	3549176.5
20.05485 	3542819
20.40669 	3535099.8
20.758529 	3527312.1
21.462208 	3511730.1
22.165887 	3496148.1
22.869566 	3480566.1
23.573245 	3464984.2
23.925085 	3457193.3
24.276924 	3449402.4
24.628764 	3441611.5
25.332442 	3426029.8
25.684282 	3418238.9
26.387961 	3402657.3
26.7398 	3394866.5
27.09164 	3387075.7
27.443479 	3379284.9
27.795319 	3371494.2
28.147158 	3363703.4
28.850837 	3348121.9
29.202677 	3340331.1
29.554516 	3332540.4
29.906356 	3324749.6
30.258195 	3316958.8
30.610035 	3309168.1
30.961874 	3301377.3
31.665553 	3285795.8
32.017393 	3278005
32.369232 	3270214.2
32.721072 	3262423.4
33.072911 	3254632.6
33.424751 	3246841.8
33.77659 	3239050.9
34.128429 	3231260.1
34.480269 	3223469.2
34.832108 	3215678.4
35.183948 	3207887.5
35.535787 	3200096.6
35.887627 	3192305.7
36.239466 	3184514.7
36.591306 	3176723.8
37.294985 	3161141.8
37.646824 	3153350.8
37.998664 	3145559.8
38.702343 	3129977.8
39.406022 	3114395.6
39.757861 	3106604.6
41.165219 	3075440.1
41.517059 	3067649
41.868898 	3059857.8
42.220737 	3052066.6
42.924416 	3036484.3
43.276256 	3028693.1
43.628095 	3020901.9
43.979935 	3013110.7
44.683614 	2997528.3
45.035453 	2989737.1
45.387293 	2981945.9
46.090972 	2966363.5
46.442811 	2958572.3
47.14649 	2942989.8
47.49833 	2935198.7
48.202009 	2919616.3
48.553848 	2911825.1
49.257527 	2896242.7
49.609367 	2888451.6
49.961206 	2880660.4
50.313045 	2872869.3
50.664885 	2865078.2
51.016724 	2857287.1
51.720403 	2841704.9
52.072243 	2833913.8
52.424082 	2826122.8
52.775922 	2818331.7
53.127761 	2810540.7
54.18328 	2787167.8
54.535119 	2779376.8
54.886959 	2771585.9
55.238798 	2763794.9
55.590638 	2756004.1
55.942477 	2748213.2
56.997996 	2724840.7
57.349835 	2717049.9
57.701675 	2709259.1
58.053514 	2701468.3
58.405354 	2693677.6
58.757193 	2685886.9
59.109032 	2678096.2
59.460872 	2670305.5
60.164551 	2654724.3
60.51639 	2646933.7
60.86823 	2639143.1
61.220069 	2631352.5
61.571909 	2623562
61.923748 	2615771.5
62.275588 	2607981
62.627427 	2600190.5
62.979267 	2592400.1
63.331106 	2584609.7
63.682946 	2576819.3
64.034785 	2569028.9
64.386625 	2561238.5
64.738464 	2553448.2
65.442143 	2537867.6
65.793983 	2530077.4
66.497662 	2514496.9
67.55318 	2491126.4
68.256859 	2475546.1
68.608698 	2467756.1
69.312377 	2452176
70.016056 	2436595.9
70.367896 	2428806
70.719735 	2421016
71.071575 	2413226.1
71.423414 	2405436.1
72.830772 	2374276.7
73.182612 	2366486.9
73.534451 	2358697.1
73.886291 	2350907.3
74.941809 	2327538
75.293648 	2319748.3
75.645488 	2311958.7
75.997327 	2304169
77.052846 	2280800.1
77.404685 	2273010.5
77.756525 	2265220.9
78.460204 	2249641.8
78.812043 	2241852.2
79.163883 	2234062.7
80.219401 	2210694.2
81.27492 	2187325.9
81.626759 	2179536.5
81.978599 	2171747.1
82.330438 	2163957.7
82.682278 	2156168.3
83.034117 	2148379
83.385957 	2140589.6
83.737796 	2132800.3
84.089635 	2125011
84.441475 	2117221.7
85.496993 	2093853.8
86.552512 	2070486.1
86.904351 	2062696.9
89.015388 	2015961.8
89.367228 	2008172.6
90.070907 	1992594.4
90.422746 	1984805.3
90.774586 	1977016.2
91.126425 	1969227.1
91.478265 	1961438
91.830104 	1953648.9
92.533783 	1938070.8
93.237462 	1922492.7
93.589301 	1914703.7
93.941141 	1906914.7
94.29298 	1899125.7
96.052178 	1860180.8
96.404017 	1852391.8
96.755857 	1844602.9
97.459536 	1829025
97.811375 	1821236.1
98.163215 	1813447.2
98.515054 	1805658.3
99.922412 	1774502.7
100.27425 	1766713.8
100.62609 	1758925
101.32977 	1743347.3
102.03345 	1727769.6
102.38529 	1719980.7
103.79265 	1688825.5
104.14449 	1681036.7
104.49633 	1673247.9
105.2 	1657670.3
105.90368 	1642092.8
106.25552 	1634304
106.60736 	1626515.2
108.01472 	1595360.2
108.36656 	1587571.5
108.7184 	1579782.7
109.07024 	1571994
109.77392 	1556416.5
110.12576 	1548627.8
110.82944 	1533050.4
111.18128 	1525261.7
111.53311 	1517472.9
111.88495 	1509684.2
112.58863 	1494106.8
112.94047 	1486318.1
113.29231 	1478529.4
113.64415 	1470740.7
113.99599 	1462952
114.34783 	1455163.3
114.69967 	1447374.7
115.05151 	1439586
115.40335 	1431797.3
115.75519 	1424008.6
116.45887 	1408431.2
116.81071 	1400642.6
117.16255 	1392853.9
117.51439 	1385065.2
118.21806 	1369487.8
118.5699 	1361699.2
118.92174 	1353910.5
119.27358 	1346121.8
119.62542 	1338333.1
119.97726 	1330544.5
120.3291 	1322755.8
120.68094 	1314967.1
121.03278 	1307178.4
121.38462 	1299389.7
121.73646 	1291601.1
122.0883 	1283812.4
122.79198 	1268235
123.14382 	1260446.3
123.49566 	1252657.7
123.8475 	1244869
124.19934 	1237080.3
124.55118 	1229291.6
124.90302 	1221502.9
125.25485 	1213714.2
125.60669 	1205925.5
126.66221 	1182559.5
127.01405 	1174770.8
127.36589 	1166982.1
127.71773 	1159193.4
128.06957 	1151404.7
128.42141 	1143616
128.77325 	1135827.3
129.12509 	1128038.6
129.47693 	1120249.8
130.18061 	1104672.4
130.53245 	1096883.7
130.88429 	1089095
131.23613 	1081306.3
132.29164 	1057940.1
132.64348 	1050151.4
132.99532 	1042362.7
133.699 	1026785.2
134.05084 	1018996.5
134.40268 	1011207.7
134.75452 	1003419
135.4582 	987841.54
135.81004 	980052.81
136.16188 	972264.07
136.51372 	964475.33
136.86556 	956686.59
137.56924 	941109.11
137.92108 	933320.37
138.27292 	925531.63
138.97659 	909954.15
139.68027 	894376.67
140.03211 	886587.93
140.38395 	878799.19
140.73579 	871010.45
141.08763 	863221.71
141.43947 	855432.97
141.79131 	847644.23
142.14315 	839855.5
142.49499 	832066.77
142.84683 	824278.04
144.25419 	793123.13
145.3097 	769756.98
145.66154 	761968.27
146.01338 	754179.56
146.36522 	746390.86
146.71706 	738602.16
147.0689 	730813.46
147.42074 	723024.77
148.12442 	707447.41
148.8281 	691870.06
149.17994 	684081.39
149.88362 	668504.08
150.23546 	660715.43
150.5873 	652926.78
151.29098 	637349.52
151.99465 	621772.28
152.69833 	606195.07
153.05017 	598406.47
153.40201 	590617.89
153.75385 	582829.31
154.45753 	567252.17
154.80937 	559463.62
155.16121 	551675.07
155.51305 	543886.54
155.86489 	536098.01
156.21673 	528309.49
156.56857 	520520.98
157.62409 	497155.5
157.97593 	489367.03
158.32777 	481578.57
158.67961 	473790.12
159.03144 	466001.67
159.38328 	458213.24
159.73512 	450424.82
160.08696 	442636.4
160.4388 	434848
160.79064 	427059.61
161.14248 	419271.23
161.49432 	411482.86
161.84616 	403694.5
162.90168 	380329.47
163.25352 	372541.16
163.9572 	356964.55
164.30904 	349176.26
164.66088 	341387.99
165.01272 	333599.72
165.71639 	318023.22
166.06823 	310234.98
167.12375 	286870.34
167.47559 	279082.15
167.82743 	271293.97
168.17927 	263505.8
168.53111 	255717.63
169.23479 	240141.34
169.58663 	232353.2
169.93847 	224565.08
170.64215 	208988.87
170.99399 	201200.77
171.34583 	193412.69
171.69767 	185624.61
172.04951 	177836.54
172.40134 	170048.49
172.75318 	162260.44
173.10502 	154472.4
174.16054 	131108.33
174.51238 	123320.32
174.86422 	115532.28
