0 	3836466.8
0.35183948 	3828793
0.70367896 	3820738.4
1.0555184 	3812684.3
1.4073579 	3804611.8
1.7591974 	3796586.8
2.1110369 	3788532.1
2.4628764 	3780480.4
2.8147158 	3772432.7
3.1665553 	3764383.8
3.5183948 	3756330.3
3.8702343 	3748374.6
4.2220737 	3740252.7
4.9257527 	3724145.5
5.6294317 	3708038
5.9812711 	3699984.2
6.3331106 	3691931.1
8.092308 	3652052.3
8.795987 	3635958.2
9.1478265 	3627905.4
10.203345 	3603750.2
10.907024 	3587657.5
11.258863 	3579605.4
11.610703 	3571537.3
11.962542 	3563519.1
12.666221 	3547540.9
13.018061 	3539665.8
13.3699 	3531607.5
13.72174 	3523556.4
14.777258 	3499405.7
15.480937 	3483326.9
15.832777 	3475274.9
16.536456 	3459170.8
17.591974 	3435015
18.647492 	3410859.9
19.351171 	3394757.1
19.703011 	3386705.9
20.05485 	3378655
20.40669 	3370604.3
20.758529 	3362553.8
21.462208 	3346453.6
22.165887 	3330354.2
22.869566 	3314255
23.573245 	3298155.1
23.925085 	3290104.8
24.276924 	3282054.5
24.628764 	3273998.7
25.332442 	3260244.6
25.684282 	3253496.3
26.387961 	3237428.2
26.7398 	3229368.9
27.09164 	3221859.4
27.443479 	3216198.4
27.795319 	3208230.3
28.147158 	3200175.7
28.850837 	3184064.2
29.202677 	3176008.1
29.554516 	3167951.9
29.906356 	3159895.6
30.258195 	3151839.4
30.610035 	3143783.1
30.961874 	3135726.9
31.665553 	3119614.4
32.017393 	3111558.2
32.369232 	3103502.1
32.721072 	3095445.9
33.072911 	3087389.8
33.424751 	3079333.7
33.77659 	3071277.7
34.128429 	3063221.6
34.480269 	3055165.6
34.832108 	3047109.6
35.183948 	3039053.5
35.535787 	3030997.5
35.887627 	3022941.5
36.239466 	3014885.5
36.591306 	3006829.4
37.294985 	2990717.2
37.646824 	2982661.1
37.998664 	2974604.9
38.702343 	2958492.4
39.406022 	2942379.7
39.757861 	2934323.2
41.165219 	2902096.9
41.517059 	2894040.2
41.868898 	2885983.4
42.220737 	2877926.6
42.924416 	2861812.9
43.276256 	2853756
43.628095 	2845699
43.979935 	2837642.1
44.683614 	2821528.1
45.035453 	2813471.1
45.387293 	2805414
46.090972 	2789300
46.442811 	2781243
47.14649 	2765129.1
47.49833 	2757072.2
48.202009 	2740958.4
48.553848 	2732901.5
49.257527 	2716787.9
49.609367 	2708731.1
49.961206 	2700674.4
50.313045 	2692617.7
50.664885 	2684561
51.016724 	2676504.3
51.720403 	2660391
52.072243 	2652334.4
52.424082 	2644277.8
52.775922 	2636221.2
53.127761 	2628164.7
54.18328 	2603995
54.535119 	2595938.5
54.886959 	2587881.9
55.238798 	2579825.4
55.590638 	2571768.9
55.942477 	2563712.3
56.997996 	2539542.7
57.349835 	2531486.1
57.701675 	2523429.5
58.053514 	2515373
58.405354 	2507316.4
58.757193 	2499259.8
59.109032 	2491203.2
59.460872 	2483146.5
60.164551 	2467033.3
60.51639 	2458976.6
60.86823 	2450920
61.220069 	2442863.3
61.571909 	2434806.7
61.923748 	2426750
62.275588 	2418693.4
62.627427 	2410636.7
62.979267 	2402580.1
63.331106 	2394523.5
63.682946 	2386466.9
64.034785 	2378410.3
64.386625 	2370353.7
64.738464 	2362297.2
65.442143 	2346184.2
65.793983 	2338127.8
66.497662 	2322015.1
67.55318 	2297846.8
68.256859 	2281735.1
68.608698 	2273679.4
69.312377 	2257568.6
70.016056 	2241458.6
70.367896 	2233403.9
70.719735 	2225349.5
71.071575 	2217295.3
71.423414 	2209241.4
72.830772 	2177029.1
73.182612 	2168976.9
73.534451 	2160925.2
73.886291 	2152873.8
74.941809 	2128722.4
75.293648 	2120672.9
75.645488 	2112623.8
75.997327 	2104575.2
77.052846 	2080432.1
77.404685 	2072385.2
77.756525 	2064338.9
78.460204 	2048247.3
78.812043 	2040202.2
79.163883 	2032157.3
80.219401 	2008024.7
81.27492 	1983894.4
81.626759 	1975851.3
81.978599 	1967808.4
82.330438 	1959765.6
82.682278 	1951722.9
83.034117 	1943680.2
83.385957 	1935637.5
83.737796 	1927594.7
84.089635 	1919551.9
84.441475 	1911508.9
85.496993 	1887378.6
86.552512 	1863244.6
86.904351 	1855198.8
89.015388 	1806917.3
89.367228 	1798869.2
90.070907 	1782770.7
90.422746 	1774720.6
90.774586 	1766670.2
91.126425 	1758620.1
91.478265 	1750571.3
91.830104 	1742520.1
92.533783 	1726472.1
93.237462 	1716483.5
93.589301 	1713308.8
93.941141 	1712883.2
94.29298 	1712852.4
96.052178 	1712689.2
96.404017 	1712655.3
96.755857 	1712612.9
97.459536 	1712524.9
97.811375 	1712486.2
98.163215 	1712447
98.515054 	1712404.1
99.922412 	1712249.6
100.27425 	1712216.4
100.62609 	1712182.5
101.32977 	1712117.2
102.03345 	1712058.5
102.38529 	1712030.2
103.79265 	1711921.9
104.14449 	1711893.5
104.49633 	1711864.3
105.2 	1711791.5
105.90368 	1711700
106.25552 	1709542.9
106.60736 	1702538
108.01472 	1669843.4
108.36656 	1661660.9
108.7184 	1653479.3
109.07024 	1645298.1
109.77392 	1628937.6
110.12576 	1620758.4
110.82944 	1604402
111.18128 	1596224.4
111.53311 	1588047.2
111.88495 	1579870.1
112.58863 	1563516.2
112.94047 	1555339.2
113.29231 	1547162.3
113.64415 	1538985.3
113.99599 	1530808.3
114.34783 	1522631.3
114.69967 	1514454.3
115.05151 	1506277.3
115.40335 	1498100.5
115.75519 	1489923.7
116.45887 	1473570.6
116.81071 	1465394.3
117.16255 	1457218.2
117.51439 	1449042.3
118.21806 	1432691
118.5699 	1424515.7
118.92174 	1416340.6
119.27358 	1408165.7
119.62542 	1399991
119.97726 	1391816.4
120.3291 	1383642
120.68094 	1375467.7
121.03278 	1367293.5
121.38462 	1359119.5
121.73646 	1350945.5
122.0883 	1342771.6
122.79198 	1326424
123.14382 	1318250.3
123.49566 	1310076.6
123.8475 	1301902.9
124.19934 	1293729.3
124.55118 	1285555.6
124.90302 	1277382
125.25485 	1269208.4
125.60669 	1261034.8
126.66221 	1236513.9
127.01405 	1228340.3
127.36589 	1220166.6
127.71773 	1211993
128.06957 	1203819.4
128.42141 	1195645.7
128.77325 	1187472.1
129.12509 	1179298.4
129.47693 	1171124.8
130.18061 	1154777.4
130.53245 	1146603.7
130.88429 	1138430.1
131.23613 	1130256.4
132.29164 	1105735.3
132.64348 	1097561.6
132.99532 	1089387.9
133.699 	1073040.4
134.05084 	1064866.7
134.40268 	1056692.9
134.75452 	1048519.2
135.4582 	1032171.6
135.81004 	1023997.8
136.16188 	1015823.9
136.51372 	1007650.1
136.86556 	999476.23
137.56924 	983128.43
137.92108 	974954.51
138.27292 	966780.56
138.97659 	950432.61
139.68027 	934084.58
140.03211 	925910.53
140.38395 	917736.47
140.73579 	909562.39
141.08763 	901388.29
141.43947 	893214.18
141.79131 	885040.05
142.14315 	876865.91
142.49499 	868691.75
142.84683 	860517.58
144.25419 	827820.81
145.3097 	803298.16
145.66154 	795123.93
146.01338 	786949.7
146.36522 	778775.47
146.71706 	770601.23
147.0689 	762426.99
147.42074 	754252.75
148.12442 	737904.24
148.8281 	721555.71
149.17994 	713381.43
149.88362 	697032.82
150.23546 	688858.5
150.5873 	680684.15
151.29098 	664335.37
151.99465 	647986.46
152.69833 	631637.38
153.05017 	623462.76
153.40201 	615288.08
153.75385 	607113.34
154.45753 	590763.63
154.80937 	582588.66
155.16121 	574413.6
155.51305 	566238.44
155.86489 	558063.17
156.21673 	549887.8
156.56857 	541712.31
157.62409 	517185.09
157.97593 	509009.08
158.32777 	500832.92
158.67961 	492656.6
159.03144 	484480.13
159.38328 	476303.5
159.73512 	468126.7
160.08696 	459949.73
160.4388 	451772.59
160.79064 	443595.26
161.14248 	435417.76
161.49432 	427240.07
161.84616 	419062.19
162.90168 	394527.41
163.25352 	386348.77
163.9572 	369990.91
164.30904 	361811.69
164.66088 	353632.28
165.01272 	345452.68
165.71639 	329092.93
166.06823 	320912.78
167.12375 	296371.29
167.47559 	288190.46
167.82743 	280009.46
168.17927 	271828.31
168.53111 	263647.01
169.23479 	247283.99
169.58663 	239102.27
169.93847 	230920.43
170.64215 	214556.41
170.99399 	206374.24
171.34583 	198191.97
171.69767 	190009.61
172.04951 	181827.17
172.40134 	173644.65
172.75318 	165462.07
173.10502 	157279.43
174.16054 	132731.24
174.51238 	124548.45
174.86422 	116365.64
