0 	8211575.5
6.4128257 	8102293.7
34.468938 	7721888.1
37.675351 	7681497.4
40.881764 	7603443.1
50.501002 	7370657.9
53.707415 	7292368.7
62.52505 	7075243
65.731463 	6995191.7
68.937876 	6939818.9
69.739479 	6928602.6
96.993988 	6508152.1
103.40681 	6426760.7
106.61323 	6359101.9
116.23246 	6156195.6
123.44689 	5984853.3
125.05 	5944119.9
125.8517 	5923252.4
128.25651 	5858001.2
131.46293 	5766784.4
151.50301 	5368844.9
153.90782 	5368204.3
156.31263 	5367351.3
159.51904 	5366220.7
166.73347 	5364320.5
169.13828 	5363773.2
175.5511 	5362750.2
176.35271 	5362716.7
187.57515 	5359340.5
190.78156 	5358496.7
200.4008 	5360102.5
201.2024 	5360272.1
202.00401 	5360628
202.80561 	5361012.9
203.60721 	5361180
204.40882 	5361390
205.21042 	5361597.4
206.01202 	5361956.8
206.81363 	5362467.1
207.61523 	5362961.5
208.41683 	5363424.2
209.21844 	5363776.7
210.02004 	5363845.1
210.82164 	5363837.2
211.62325 	5363417.5
212.42485 	5362067.1
213.22645 	5358879.8
214.02806 	5353061.2
214.82966 	5342519.7
215.63126 	5325388.5
216.43287 	5303943.9
217.23447 	5281203
218.03607 	5258405.4
219.63928 	5212910.1
220.44088 	5190163.9
221.24248 	5167411.7
222.04409 	5144650.9
222.84569 	5121879.8
223.64729 	5099098.9
224.4489 	5076309.4
225.2505 	5053511.5
226.0521 	5030704.4
227.65531 	4985056.6
228.45691 	4962213.4
229.25852 	4939356.2
230.86172 	4893600
231.66333 	4870703.2
232.46493 	4847796.5
234.06814 	4801962.9
234.86974 	4779041.9
235.67134 	4756122.7
236.47295 	4733208.4
237.27455 	4710302
238.07615 	4687406
238.87776 	4664522.7
239.67936 	4641654.4
240.48096 	4618803.2
241.28257 	4595972
242.08417 	4573163.4
242.88577 	4550380.3
243.68737 	4527624.7
244.48898 	4504897.3
245.29058 	4482196.7
246.09218 	4459518.8
246.89379 	4436857.7
247.69539 	4414206.3
248.49699 	4391557.9
249.2986 	4368907.9
250.1002 	4346254.4
250.9018 	4323597.9
251.70341 	4300941.1
252.50501 	4278286.8
253.30661 	4255637.4
254.10822 	4232993.8
254.90982 	4210355.3
255.71142 	4187719.9
256.51303 	4165085.1
257.31463 	4142448.1
258.11623 	4119806.5
258.91784 	4097158.5
259.71944 	4074503.1
260.52104 	4051839.7
261.32265 	4029168.4
262.12425 	4006489.8
262.92585 	3983804.7
263.72745 	3961113.8
264.52906 	3938418
265.33066 	3915718.1
266.13226 	3893014.8
266.93387 	3870308.4
267.73547 	3847599.4
268.53707 	3824887.7
269.33868 	3802173.5
270.14028 	3779456.7
270.94188 	3756737.2
271.74349 	3734014.8
272.54509 	3711289.3
273.34669 	3688560.7
274.1483 	3665828.6
274.9499 	3643093.2
274.95 	3643090.4
275.7515 	3620354.3
276.55311 	3597612.1
277.35471 	3574866.8
278.95792 	3529368
279.75952 	3506615.7
280.56112 	3483862.3
281.36273 	3461108.7
282.16433 	3438355.5
282.96593 	3415603.6
283.76754 	3392853.7
284.56914 	3370106.6
285.37074 	3347362.6
286.17234 	3324622.1
286.97395 	3301885
288.57715 	3256419.2
289.37876 	3233688.9
290.18036 	3210959
290.98196 	3188228
291.78357 	3165495
292.58517 	3142758.9
293.38677 	3120019.3
294.18838 	3097275.9
294.98998 	3074529.1
295.79158 	3051779.2
296.59319 	3029027.2
297.39479 	3006273.9
298.19639 	2983520
298.998 	2960766.2
299.7996 	2938013
300.6012 	2915260.5
301.40281 	2892508.9
302.20441 	2869757.9
303.00601 	2847007.4
303.80762 	2824257.1
304.60922 	2801506.9
306.21242 	2756006
307.01403 	2733255.2
307.81563 	2710504.3
308.61723 	2687753.2
309.41884 	2665002.3
310.22044 	2642251.6
311.02204 	2619501.5
311.82365 	2596751.9
312.62525 	2574003.3
313.42685 	2551255.7
314.22846 	2528509.2
315.03006 	2505764.2
315.83166 	2483020.6
316.63327 	2460278.6
317.43487 	2437538.5
318.23647 	2414800.4
319.03808 	2392064.6
319.83968 	2369331.4
320.64128 	2346601.1
321.44289 	2323874
322.24449 	2301150.5
323.04609 	2278431
323.8477 	2255715.9
324.6493 	2233005.3
325.4509 	2210299.5
326.25251 	2187598.6
327.05411 	2164902.5
327.85571 	2142211.1
328.65731 	2119524.2
329.45892 	2096841.4
330.26052 	2074162.2
331.06212 	2051486
331.86373 	2028812.3
332.66533 	2006140.4
333.46693 	1983469.7
334.26854 	1960799.6
335.07014 	1938129.7
335.87174 	1915459.7
336.67335 	1892789.2
337.47495 	1870118.2
338.27655 	1847446.7
339.07816 	1824774.9
339.87976 	1802102.8
340.68136 	1779430.7
341.48297 	1756758.9
342.28457 	1734087.4
343.08617 	1711416.5
343.88778 	1688746.2
344.68938 	1666076.4
345.49098 	1643407.1
346.29259 	1620738.1
347.09419 	1598069
347.89579 	1575399.7
348.69739 	1552729.9
349.499 	1530059.1
350.3006 	1507387.1
351.1022 	1484713.7
351.90381 	1462038.5
352.70541 	1439361.3
353.50701 	1416682
354.30862 	1394000.3
355.11022 	1371316.3
355.91182 	1348629.9
356.71343 	1325941
357.51503 	1303249.7
358.31663 	1280556.1
359.11824 	1257860.3
359.91984 	1235162.4
360.72144 	1212462.6
361.52305 	1189761.1
362.32465 	1167058.3
363.12625 	1144354.1
363.92786 	1121649
364.72946 	1098943.2
365.53106 	1076236.7
366.33267 	1053529.8
367.13427 	1030822.6
367.93587 	1008115.2
368.73747 	985407.6
369.53908 	962699.88
370.34068 	939991.97
371.14228 	917283.83
371.94389 	894575.4
372.74549 	871866.59
373.54709 	849157.33
374.3487 	826447.58
375.1503 	803737.29
375.9519 	781026.46
376.75351 	758315.16
377.55511 	735603.45
379.15832 	690179.39
379.95992 	667467.42
381.56313 	622044.7
382.36473 	599334.43
383.16633 	576625.2
383.96794 	553917.2
384.76954 	531210.6
385.57114 	508505.51
386.37275 	485802
387.17435 	463100.09
387.97595 	440399.74
388.77756 	417700.9
389.57916 	395003.45
390.38076 	372307.26
391.18236 	349612.16
391.98397 	326918.01
392.78557 	304224.64
393.58717 	281531.9
394.38878 	258839.65
395.19038 	236147.76
395.99198 	213456.15
396.79359 	190764.73
397.59519 	168073.44
399.1984 	122691.1
400 	100552.67
