0 	9119847.3
6.4128257 	8986963.6
34.468938 	8440535.1
37.675351 	8417230.5
40.881764 	8367228.3
50.501002 	8248609.1
53.707415 	8186485.7
62.52505 	7937764.5
65.731463 	7875459.4
68.937876 	7809193.2
69.739479 	7792351.5
96.993988 	7628765.7
103.40681 	7624183
106.61323 	7591089.7
116.23246 	7345755.9
123.44689 	7161278.1
125.05 	7120300.7
125.8517 	7099813
128.25651 	7038379.8
131.46293 	6956516.1
151.50301 	6445158.8
153.90782 	6383749.5
156.31263 	6322323.3
159.51904 	6240400.3
166.73347 	6056013.8
169.13828 	5994538.7
175.5511 	5830568.8
176.35271 	5810073.5
187.57515 	5523366.4
190.78156 	5441518.6
200.4008 	5196029.6
201.2024 	5175572.4
202.00401 	5155114.9
202.80561 	5134657.2
203.60721 	5114199.2
204.40882 	5093740.9
205.21042 	5073282.2
206.01202 	5052823.2
206.81363 	5032363.8
207.61523 	5011904
208.41683 	4991443.8
209.21844 	4970983
210.02004 	4950521.9
210.82164 	4930060.2
211.62325 	4909598
212.42485 	4889135.2
213.22645 	4868671.8
214.02806 	4848207.9
214.82966 	4827743.2
215.63126 	4807277.9
216.43287 	4786811.8
217.23447 	4766344.9
218.03607 	4745877.1
219.63928 	4704938.8
220.44088 	4684468
221.24248 	4663996.2
222.04409 	4643523.3
222.84569 	4623049.2
223.64729 	4602573.9
224.4489 	4582097.4
225.2505 	4561619.7
226.0521 	4541140.9
227.65531 	4500179.9
228.45691 	4479697.9
229.25852 	4459215
230.86172 	4418246.7
231.66333 	4397761.6
232.46493 	4377276
234.06814 	4336303.7
234.86974 	4315817.3
235.67134 	4295330.8
236.47295 	4274844.5
237.27455 	4254358.3
238.07615 	4233872.5
238.87776 	4213387
239.67936 	4192902.1
240.48096 	4172417.7
241.28257 	4151934
242.08417 	4131450.9
242.88577 	4110968.7
243.68737 	4090487.4
244.48898 	4070006.9
245.29058 	4049527.3
246.09218 	4029048.7
246.89379 	4008571.1
247.69539 	3988094.4
248.49699 	3967618.8
249.2986 	3947144.2
250.1002 	3926670.5
250.9018 	3906197.9
251.70341 	3885726.1
252.50501 	3865255.4
253.30661 	3844785.5
254.10822 	3824316.5
254.90982 	3803848.4
255.71142 	3783381.2
256.51303 	3762914.8
257.31463 	3742449.3
258.11623 	3721984.7
258.91784 	3701520.9
259.71944 	3681058.1
260.52104 	3660596.1
261.32265 	3640135
262.12425 	3619674.8
262.92585 	3599215.6
263.72745 	3578757.3
264.52906 	3558300
265.33066 	3537843.5
266.13226 	3517388
266.93387 	3496933.4
267.73547 	3476479.6
268.53707 	3456026.6
269.33868 	3435574.4
270.14028 	3415122.9
270.94188 	3394672.1
271.74349 	3374221.9
272.54509 	3353772.1
273.34669 	3333322.8
274.1483 	3312873.7
274.9499 	3292425
274.95 	3292422.4
275.7515 	3271976.3
276.55311 	3251527.7
277.35471 	3231079
278.95792 	3190180.9
279.75952 	3169731.3
280.56112 	3149281.3
281.36273 	3128830.6
282.16433 	3108379.3
282.96593 	3087927.1
283.76754 	3067474.1
284.56914 	3047020.1
285.37074 	3026565
286.17234 	3006108.8
286.97395 	2985651.5
288.57715 	2944733
289.37876 	2924271.8
290.18036 	2903809.3
290.98196 	2883345.5
291.78357 	2862880.3
292.58517 	2842413.8
293.38677 	2821946.1
294.18838 	2801477.1
294.98998 	2781006.9
295.79158 	2760535.6
296.59319 	2740063.3
297.39479 	2719590.1
298.19639 	2699116
298.998 	2678641.1
299.7996 	2658165.5
300.6012 	2637689.5
301.40281 	2617213
302.20441 	2596736.1
303.00601 	2576259.1
303.80762 	2555781.9
304.60922 	2535304.8
306.21242 	2494351
307.01403 	2473874.5
307.81563 	2453398.4
308.61723 	2432922.7
309.41884 	2412447.6
310.22044 	2391973.2
311.02204 	2371499.4
311.82365 	2351026.4
312.62525 	2330554.2
313.42685 	2310082.8
314.22846 	2289612.3
315.03006 	2269142.7
315.83166 	2248674
316.63327 	2228206.2
317.43487 	2207739.4
318.23647 	2187273.6
319.03808 	2166808.6
319.83968 	2146344.5
320.64128 	2125881.4
321.44289 	2105419
322.24449 	2084957.5
323.04609 	2064496.7
323.8477 	2044036.6
324.6493 	2023577.1
325.4509 	2003118.2
326.25251 	1982659.9
327.05411 	1962202
327.85571 	1941744.5
328.65731 	1921287.3
329.45892 	1900830.4
330.26052 	1880373.7
331.06212 	1859917.2
331.86373 	1839460.7
332.66533 	1819004.2
333.46693 	1798547.7
334.26854 	1778091.1
335.07014 	1757634.4
335.87174 	1737177.5
336.67335 	1716720.4
337.47495 	1696263
338.27655 	1675805.4
339.07816 	1655347.4
339.87976 	1634889.1
340.68136 	1614430.4
341.48297 	1593971.4
342.28457 	1573512
343.08617 	1553052.2
343.88778 	1532592
344.68938 	1512131.4
345.49098 	1491670.5
346.29259 	1471209.2
347.09419 	1450747.5
347.89579 	1430285.5
348.69739 	1409823.1
349.499 	1389360.5
350.3006 	1368897.7
351.1022 	1348434.5
351.90381 	1327971.2
352.70541 	1307507.8
353.50701 	1287044.1
354.30862 	1266580.4
355.11022 	1246116.6
355.91182 	1225652.7
356.71343 	1205188.9
357.51503 	1184725
358.31663 	1164261.1
359.11824 	1143797.3
359.91984 	1123333.6
360.72144 	1102869.9
361.52305 	1082406.4
362.32465 	1061942.9
363.12625 	1041479.5
363.92786 	1021016.2
364.72946 	1000553
365.53106 	980089.87
366.33267 	959626.83
367.13427 	939163.84
367.93587 	918700.89
368.73747 	898237.96
369.53908 	877775.04
370.34068 	857312.09
371.14228 	836849.09
371.94389 	816386.01
372.74549 	795922.83
373.54709 	775459.52
374.3487 	754996.04
375.1503 	734532.39
375.9519 	714068.51
376.75351 	693604.4
377.55511 	673140.02
379.15832 	632210.37
379.95992 	611745.05
381.56313 	570813.36
382.36473 	550346.96
383.16633 	529880.17
383.96794 	509412.99
384.76954 	488945.4
385.57114 	468477.42
386.37275 	448009.04
387.17435 	427540.26
387.97595 	407071.1
388.77756 	386601.56
389.57916 	366131.65
390.38076 	345661.4
391.18236 	325190.81
391.98397 	304719.92
392.78557 	284248.73
393.58717 	263777.29
394.38878 	243305.61
395.19038 	222833.73
395.99198 	202361.68
396.79359 	181889.48
397.59519 	161417.18
399.1984 	120472.41
400 	100498.63
