0 	3836462.6
0.35183948 	3828751
0.70367896 	3820668.4
1.0555184 	3812586.8
1.4073579 	3804503.3
1.7591974 	3796454.1
2.1110369 	3788351.9
2.4628764 	3780270.2
2.8147158 	3772188.5
3.1665553 	3764106.7
3.5183948 	3756026.1
3.8702343 	3747933.1
4.2220737 	3739920.4
4.9257527 	3723742.4
5.6294317 	3707578.4
5.9812711 	3699496.7
6.3331106 	3691414.8
8.092308 	3651152.5
8.795987 	3635106
9.1478265 	3627116.4
10.203345 	3602922.1
10.907024 	3586757.1
11.258863 	3578674.4
11.610703 	3570591.5
11.962542 	3562535.6
12.666221 	3546358.1
13.018061 	3538268.9
13.3699 	3530193.5
13.72174 	3522342.6
14.777258 	3498186.1
15.480937 	3482020.5
15.832777 	3473937.7
16.536456 	3457777
17.591974 	3433553.6
18.647492 	3409304.6
19.351171 	3393138.7
19.703011 	3385055.7
20.05485 	3376972.7
20.40669 	3368889.7
20.758529 	3360806.8
21.462208 	3344640.9
22.165887 	3328474.9
22.869566 	3312309
23.573245 	3296143.1
23.925085 	3288060.1
24.276924 	3279977.1
24.628764 	3271894.1
25.332442 	3255728.1
25.684282 	3247645.2
26.387961 	3231476.8
26.7398 	3223375.5
27.09164 	3216622.6
27.443479 	3210873.6
27.795319 	3202835.4
28.147158 	3194736.1
28.850837 	3178805.4
29.202677 	3173314.2
29.554516 	3165412.7
29.906356 	3157304.3
30.258195 	3149194.6
30.610035 	3141085.1
30.961874 	3132975.6
31.665553 	3116757
32.017393 	3108647.9
32.369232 	3100539.1
32.721072 	3092430.4
33.072911 	3084322
33.424751 	3076213.9
33.77659 	3068106
34.128429 	3059998.4
34.480269 	3051891.2
34.832108 	3043784.3
35.183948 	3035677.7
35.535787 	3027571.6
35.887627 	3019465.9
36.239466 	3011360.6
36.591306 	3003255.7
37.294985 	2987047.5
37.646824 	2978944.1
37.998664 	2970841.3
38.702343 	2954637.1
39.406022 	2938435.2
39.757861 	2930335.1
41.165219 	2897940.7
41.517059 	2889843.6
41.868898 	2881747.1
42.220737 	2873651.3
42.924416 	2857461.5
43.276256 	2849367.5
43.628095 	2841274.2
43.979935 	2833181.5
44.683614 	2816998
45.035453 	2808907.2
45.387293 	2800817
46.090972 	2784638.5
46.442811 	2776550.2
47.14649 	2760375.3
47.49833 	2752288.8
48.202009 	2736117.6
48.553848 	2728032.9
49.257527 	2711865.1
49.609367 	2703782.1
49.961206 	2695699.6
50.313045 	2687617.6
50.664885 	2679536.2
51.016724 	2671455.3
51.720403 	2655295
52.072243 	2647215.6
52.424082 	2639136.6
52.775922 	2631058.2
53.127761 	2622980.2
54.18328 	2598748.7
54.535119 	2590672.3
54.886959 	2582596.4
55.238798 	2574520.8
55.590638 	2566445.5
55.942477 	2558370.6
56.997996 	2534147.8
57.349835 	2526074.1
57.701675 	2518000.6
58.053514 	2509927.4
58.405354 	2501854.4
58.757193 	2493781.6
59.109032 	2485709
59.460872 	2477636.5
60.164551 	2461492
60.51639 	2453419.9
60.86823 	2445347.9
61.220069 	2437275.9
61.571909 	2429204
61.923748 	2421132.2
62.275588 	2413060.3
62.627427 	2404988.4
62.979267 	2396916.5
63.331106 	2388844.5
63.682946 	2380772.4
64.034785 	2372700.3
64.386625 	2364628
64.738464 	2356555.6
65.442143 	2340410.3
65.793983 	2332337.3
66.497662 	2316190.8
67.55318 	2291969.1
68.256859 	2275819.8
68.608698 	2267744.6
69.312377 	2251593.3
70.016056 	2235440.5
70.367896 	2227363.4
70.719735 	2219286
71.071575 	2211208.1
71.423414 	2203129.7
72.830772 	2170811.6
73.182612 	2162730.9
73.534451 	2154649.6
73.886291 	2146567.8
74.941809 	2122319.3
75.293648 	2114235.5
75.645488 	2106151
75.997327 	2098066.1
77.052846 	2073808.2
77.404685 	2065721.3
77.756525 	2057633.9
78.460204 	2041457.6
78.812043 	2033368.9
79.163883 	2025279.7
80.219401 	2001010.1
81.27492 	1976737.7
81.626759 	1968646.4
81.978599 	1960554.9
82.330438 	1952463.1
82.682278 	1944371.2
83.034117 	1936279.1
83.385957 	1928186.7
83.737796 	1920094.3
84.089635 	1912001.6
84.441475 	1903908.7
85.496993 	1879628.7
86.552512 	1855346
86.904351 	1847250.9
89.015388 	1798670
89.367228 	1790571
90.070907 	1774371
90.422746 	1766269.9
90.774586 	1758168.2
91.126425 	1750065.9
91.478265 	1741962.9
91.830104 	1733859.3
92.533783 	1717650.2
93.237462 	1701438.6
93.589301 	1693331.8
93.941141 	1685224
94.29298 	1677115.3
96.052178 	1636529.5
96.404017 	1628468.1
96.755857 	1621393.2
97.459536 	1607668.8
97.811375 	1603651.8
98.163215 	1600808.4
98.515054 	1599813.5
99.922412 	1599746.4
100.27425 	1599743.8
100.62609 	1599747.9
101.32977 	1599757.5
102.03345 	1599758.3
102.38529 	1599752.2
103.79265 	1599693.1
104.14449 	1599671.1
104.49633 	1599642.1
105.2 	1599582.7
105.90368 	1599528.4
106.25552 	1599503.7
106.60736 	1599478.5
108.01472 	1599406
108.36656 	1599391.2
108.7184 	1599376.6
109.07024 	1599361.4
109.77392 	1599324.7
110.12576 	1599301.1
110.82944 	1599210.8
111.18128 	1599169.5
111.53311 	1597947.5
111.88495 	1591811.6
112.58863 	1575493.8
112.94047 	1567250.5
113.29231 	1559006.8
113.64415 	1550763.2
113.99599 	1542519.8
114.34783 	1534276.5
114.69967 	1526033.2
115.05151 	1517789.9
115.40335 	1509546.4
115.75519 	1501302.8
116.45887 	1484815.1
116.81071 	1476570.9
117.16255 	1468326.6
117.51439 	1460082
118.21806 	1443592.2
118.5699 	1435347
118.92174 	1427101.6
119.27358 	1418856.1
119.62542 	1410610.5
119.97726 	1402364.9
120.3291 	1394119.1
120.68094 	1385873.3
121.03278 	1377627.6
121.38462 	1369381.8
121.73646 	1361136.2
122.0883 	1352890.6
122.79198 	1336399.7
123.14382 	1328154.6
123.49566 	1319909.5
123.8475 	1311664.7
124.19934 	1303420.1
124.55118 	1295175.7
124.90302 	1286931.5
125.25485 	1278687.6
125.60669 	1270443.9
126.66221 	1245714.1
127.01405 	1237471.3
127.36589 	1229228.7
127.71773 	1220986.3
128.06957 	1212744.1
128.42141 	1204502.1
128.77325 	1196260.3
129.12509 	1188018.7
129.47693 	1179777.2
130.18061 	1163294.8
130.53245 	1155053.9
130.88429 	1146813
131.23613 	1138572.3
132.29164 	1113850.9
132.64348 	1105610.6
132.99532 	1097370.4
133.699 	1080890.3
134.05084 	1072650.3
134.40268 	1064410.3
134.75452 	1056170.4
135.4582 	1039690.6
135.81004 	1031450.7
136.16188 	1023210.8
136.51372 	1014970.9
136.86556 	1006730.9
137.56924 	990250.85
137.92108 	982010.72
138.27292 	973770.51
138.97659 	957289.85
139.68027 	940808.8
140.03211 	932568.12
140.38395 	924327.33
140.73579 	916086.41
141.08763 	907845.38
141.43947 	899604.22
141.79131 	891362.93
142.14315 	883121.52
142.49499 	874879.97
142.84683 	866638.3
144.25419 	833670.33
145.3097 	808943.05
145.66154 	800700.39
146.01338 	792457.62
146.36522 	784214.74
146.71706 	775971.76
147.0689 	767728.68
147.42074 	759485.51
148.12442 	742998.9
148.8281 	726511.96
149.17994 	718268.39
149.88362 	701781.05
150.23546 	693537.29
150.5873 	685293.49
151.29098 	668805.75
151.99465 	652317.87
152.69833 	635829.89
153.05017 	627585.87
153.40201 	619341.84
153.75385 	611097.8
154.45753 	594609.72
154.80937 	586365.68
155.16121 	578121.64
155.51305 	569877.62
155.86489 	561633.61
156.21673 	553389.62
156.56857 	545145.64
157.62409 	520413.84
157.97593 	512169.95
158.32777 	503926.09
158.67961 	495682.26
159.03144 	487438.45
159.38328 	479194.68
159.73512 	470950.93
160.08696 	462707.21
160.4388 	454463.52
160.79064 	446219.85
161.14248 	437976.22
161.49432 	429732.61
161.84616 	421489.03
162.90168 	396758.44
163.25352 	388514.96
163.9572 	372028.06
164.30904 	363784.64
164.66088 	355541.23
165.01272 	347297.85
165.71639 	330811.12
166.06823 	322567.78
167.12375 	297837.82
167.47559 	289594.52
167.82743 	281351.22
168.17927 	273107.94
168.53111 	264864.66
169.23479 	248378.12
169.58663 	240134.85
169.93847 	231891.59
170.64215 	215405.09
170.99399 	207161.84
171.34583 	198918.59
171.69767 	190675.35
172.04951 	182432.12
172.40134 	174188.88
172.75318 	165945.65
173.10502 	157702.43
174.16054 	132972.78
174.51238 	124729.57
174.86422 	116486.38
