0 	8859030.9
6.4128257 	8771006.8
34.468938 	8214776.4
37.675351 	8176972.7
40.881764 	8094428.5
50.501002 	7921655.6
53.707415 	7850292.7
62.52505 	7661578.6
65.731463 	7587785.8
68.937876 	7512959.8
69.739479 	7494346.3
96.993988 	6942631
103.40681 	6838950.6
106.61323 	6836862.1
116.23246 	6834625.8
123.44689 	6833730.3
125.05 	6833283.4
125.8517 	6833381.2
128.25651 	6834280.9
131.46293 	6833620.1
151.50301 	6560780
153.90782 	6498265.6
156.31263 	6435734.5
159.51904 	6352291.7
166.73347 	6164508.2
169.13828 	6101925.1
175.5511 	5934998.8
176.35271 	5914134.6
187.57515 	5622272.4
190.78156 	5538973.8
200.4008 	5289249.1
201.2024 	5268445.8
202.00401 	5247643.1
202.80561 	5226840.8
203.60721 	5206039
204.40882 	5185237.6
205.21042 	5164436.5
206.01202 	5143635.6
206.81363 	5122835.1
207.61523 	5102034.8
208.41683 	5081234.8
209.21844 	5060435.2
210.02004 	5039635.9
210.82164 	5018837
211.62325 	4998038.6
212.42485 	4977240.6
213.22645 	4956443.1
214.02806 	4935646
214.82966 	4914849.4
215.63126 	4894053.1
216.43287 	4873257
217.23447 	4852461.2
218.03607 	4831665.3
219.63928 	4790073
220.44088 	4769276.2
221.24248 	4748478.6
222.04409 	4727680.1
222.84569 	4706880.3
223.64729 	4686079.2
224.4489 	4665276.3
225.2505 	4644471.6
226.0521 	4623664.7
227.65531 	4582044
228.45691 	4561229.9
229.25852 	4540413.2
230.86172 	4498772.2
231.66333 	4477947.9
232.46493 	4457121.3
234.06814 	4415461.7
234.86974 	4394629.1
235.67134 	4373794.8
236.47295 	4352959.1
237.27455 	4332122.1
238.07615 	4311283.8
238.87776 	4290444.5
239.67936 	4269604.2
240.48096 	4248762.9
241.28257 	4227920.6
242.08417 	4207077.4
242.88577 	4186233.2
243.68737 	4165388
244.48898 	4144541.6
245.29058 	4123694
246.09218 	4102845.1
246.89379 	4081994.9
247.69539 	4061143.2
248.49699 	4040290.1
249.2986 	4019435.5
250.1002 	3998579.4
250.9018 	3977722
251.70341 	3956863.2
252.50501 	3936003.3
253.30661 	3915142.3
254.10822 	3894280.4
254.90982 	3873417.9
255.71142 	3852554.8
256.51303 	3831691.4
257.31463 	3810827.8
258.11623 	3789964
258.91784 	3769100.2
259.71944 	3748236.4
260.52104 	3727372.6
261.32265 	3706508.8
262.12425 	3685645
262.92585 	3664781.1
263.72745 	3643917.1
264.52906 	3623052.8
265.33066 	3602188.2
266.13226 	3581323.2
266.93387 	3560457.7
267.73547 	3539591.7
268.53707 	3518725.2
269.33868 	3497858
270.14028 	3476990.1
270.94188 	3456121.6
271.74349 	3435252.3
272.54509 	3414382.3
273.34669 	3393511.6
274.1483 	3372640.2
274.9499 	3351768.2
274.95 	3351765.6
275.7515 	3330895.6
276.55311 	3310022.6
277.35471 	3289149.2
278.95792 	3247401.7
279.75952 	3226528.1
280.56112 	3205654.7
281.36273 	3184781.8
282.16433 	3163909.6
282.96593 	3143038.3
283.76754 	3122168.3
284.56914 	3101299.6
285.37074 	3080432.7
286.17234 	3059567.6
286.97395 	3038704.7
288.57715 	2996986
289.37876 	2976130.6
290.18036 	2955278
290.98196 	2934428.4
291.78357 	2913581.7
292.58517 	2892738.2
293.38677 	2871897.9
294.18838 	2851060.6
294.98998 	2830226.6
295.79158 	2809395.7
296.59319 	2788567.8
297.39479 	2767743.1
298.19639 	2746921.3
298.998 	2726102.3
299.7996 	2705286.3
300.6012 	2684472.9
301.40281 	2663662.2
302.20441 	2642854
303.00601 	2622048.3
303.80762 	2601244.9
304.60922 	2580443.8
306.21242 	2538847.8
307.01403 	2518052.7
307.81563 	2497259.4
308.61723 	2476467.6
309.41884 	2455677.2
310.22044 	2434888
311.02204 	2414099.9
311.82365 	2393312.5
312.62525 	2372525.7
313.42685 	2351739.3
314.22846 	2330952.9
315.03006 	2310166.4
315.83166 	2289379.4
316.63327 	2268591.7
317.43487 	2247803
318.23647 	2227013.1
319.03808 	2206221.7
319.83968 	2185428.6
320.64128 	2164633.6
321.44289 	2143836.5
322.24449 	2123037.1
323.04609 	2102235.3
323.8477 	2081430.9
324.6493 	2060623.9
325.4509 	2039814.1
326.25251 	2019001.5
327.05411 	1998186.2
327.85571 	1977368
328.65731 	1956547.1
329.45892 	1935723.5
330.26052 	1914897.3
331.06212 	1894068.5
331.86373 	1873237.3
332.66533 	1852403.7
333.46693 	1831568
334.26854 	1810730.2
335.07014 	1789890.5
335.87174 	1769049.1
336.67335 	1748206.1
337.47495 	1727361.7
338.27655 	1706516
339.07816 	1685669.1
339.87976 	1664821.3
340.68136 	1643972.6
341.48297 	1623123.1
342.28457 	1602273
343.08617 	1581422.4
343.88778 	1560571.4
344.68938 	1539719.9
345.49098 	1518868.2
346.29259 	1498016.1
347.09419 	1477163.8
347.89579 	1456311.2
348.69739 	1435458.4
349.499 	1414605.2
350.3006 	1393751.8
351.1022 	1372897.9
351.90381 	1352043.7
352.70541 	1331189
353.50701 	1310333.9
354.30862 	1289478.1
355.11022 	1268621.7
355.91182 	1247764.6
356.71343 	1226906.7
357.51503 	1206048
358.31663 	1185188.5
359.11824 	1164328.1
359.91984 	1143466.8
360.72144 	1122604.5
361.52305 	1101741.2
362.32465 	1080877
363.12625 	1060011.8
363.92786 	1039145.6
364.72946 	1018278.4
365.53106 	997410.38
366.33267 	976541.41
367.13427 	955671.59
367.93587 	934800.97
368.73747 	913929.61
369.53908 	893057.57
370.34068 	872184.91
371.14228 	851311.72
371.94389 	830438.07
372.74549 	809564.04
373.54709 	788689.72
374.3487 	767815.18
375.1503 	746940.51
375.9519 	726065.8
376.75351 	705191.12
377.55511 	684316.55
379.15832 	642568.02
379.95992 	621694.2
381.56313 	579947.71
382.36473 	559075.14
383.16633 	538203.06
383.96794 	517331.52
384.76954 	496460.51
385.57114 	475590.07
386.37275 	454720.19
387.17435 	433850.88
387.97595 	412982.12
388.77756 	392113.91
389.57916 	371246.21
390.38076 	350379.02
391.18236 	329512.31
391.98397 	308646.04
392.78557 	287780.18
393.58717 	266914.7
394.38878 	246049.57
395.19038 	225184.73
395.99198 	204320.16
396.79359 	183455.83
397.59519 	162591.68
399.1984 	120863.81
400 	100508.17
