0 	9816266.4
6.4128257 	9703764.2
34.468938 	9116335.6
37.675351 	9037243.3
40.881764 	8958146.7
50.501002 	8720832.5
53.707415 	8641723.4
62.52505 	8424175.4
65.731463 	8345068.8
68.937876 	8265962.6
69.739479 	8246186
96.993988 	7573746.7
103.40681 	7415522.6
106.61323 	7336410.3
116.23246 	7099068.4
123.44689 	6921055.8
125.05 	6881499.5
125.8517 	6861717.5
128.25651 	6802379.1
131.46293 	6723261
151.50301 	6228763.9
153.90782 	6169422.6
156.31263 	6110081.1
159.51904 	6030958.9
166.73347 	5852934.1
169.13828 	5793592.9
175.5511 	5635351.3
176.35271 	5615571.4
187.57515 	5338660.1
190.78156 	5259546.3
200.4008 	5022217.5
201.2024 	5002441
202.00401 	4982664.7
202.80561 	4962888.4
203.60721 	4943112.3
204.40882 	4923336.3
205.21042 	4903560.5
206.01202 	4883784.7
206.81363 	4864009.1
207.61523 	4844233.7
208.41683 	4824458.3
209.21844 	4804683.1
210.02004 	4784908
210.82164 	4765133
211.62325 	4745358.2
212.42485 	4725583.4
213.22645 	4705808.8
214.02806 	4686034.3
214.82966 	4666259.9
215.63126 	4646485.7
216.43287 	4626711.5
217.23447 	4606937.5
218.03607 	4587163.5
219.63928 	4547616
220.44088 	4527842.4
221.24248 	4508068.8
222.04409 	4488295.4
222.84569 	4468522.1
223.64729 	4448748.9
224.4489 	4428975.9
225.2505 	4409202.9
226.0521 	4389430
227.65531 	4349884.5
228.45691 	4330111.9
229.25852 	4310339.4
230.86172 	4270794.7
231.66333 	4251022.4
232.46493 	4231250.3
234.06814 	4191706.3
234.86974 	4171934.5
235.67134 	4152162.7
236.47295 	4132391
237.27455 	4112619.4
238.07615 	4092847.9
238.87776 	4073076.5
239.67936 	4053305.1
240.48096 	4033533.9
241.28257 	4013762.7
242.08417 	3993991.6
242.88577 	3974220.5
243.68737 	3954449.6
244.48898 	3934678.7
245.29058 	3914907.9
246.09218 	3895137.2
246.89379 	3875366.5
247.69539 	3855595.9
248.49699 	3835825.4
249.2986 	3816054.9
250.1002 	3796284.5
250.9018 	3776514.2
251.70341 	3756743.9
252.50501 	3736973.7
253.30661 	3717203.6
254.10822 	3697433.5
254.90982 	3677663.5
255.71142 	3657893.6
256.51303 	3638123.7
257.31463 	3618353.8
258.11623 	3598584
258.91784 	3578814.3
259.71944 	3559044.6
260.52104 	3539275
261.32265 	3519505.5
262.12425 	3499735.9
262.92585 	3479966.5
263.72745 	3460197
264.52906 	3440427.7
265.33066 	3420658.3
266.13226 	3400889.1
266.93387 	3381119.8
267.73547 	3361350.6
268.53707 	3341581.5
269.33868 	3321812.4
270.14028 	3302043.3
270.94188 	3282274.2
271.74349 	3262505.2
272.54509 	3242736.3
273.34669 	3222967.4
274.1483 	3203198.5
274.9499 	3183429.6
274.95 	3183427.1
275.7515 	3163660.8
276.55311 	3143892
277.35471 	3124123.2
278.95792 	3084585.7
279.75952 	3064817
280.56112 	3045048.3
281.36273 	3025279.7
282.16433 	3005511
282.96593 	2985742.4
283.76754 	2965973.8
284.56914 	2946205.2
285.37074 	2926436.6
286.17234 	2906668.1
286.97395 	2886899.5
288.57715 	2847362.4
289.37876 	2827593.9
290.18036 	2807825.4
290.98196 	2788056.9
291.78357 	2768288.4
292.58517 	2748519.9
293.38677 	2728751.4
294.18838 	2708982.9
294.98998 	2689214.4
295.79158 	2669446
296.59319 	2649677.5
297.39479 	2629909
298.19639 	2610140.6
298.998 	2590372.1
299.7996 	2570603.7
300.6012 	2550835.3
301.40281 	2531066.9
302.20441 	2511298.5
303.00601 	2491530.1
303.80762 	2471761.7
304.60922 	2451993.4
306.21242 	2412456.7
307.01403 	2392688.4
307.81563 	2372920.2
308.61723 	2353152
309.41884 	2333383.8
310.22044 	2313615.6
311.02204 	2293847.5
311.82365 	2274079.4
312.62525 	2254311.3
313.42685 	2234543.3
314.22846 	2214775.3
315.03006 	2195007.4
315.83166 	2175239.5
316.63327 	2155471.7
317.43487 	2135703.9
318.23647 	2115936.2
319.03808 	2096168.5
319.83968 	2076400.9
320.64128 	2056633.4
321.44289 	2036865.9
322.24449 	2017098.5
323.04609 	1997331.2
323.8477 	1977563.9
324.6493 	1957796.7
325.4509 	1938029.6
326.25251 	1918262.5
327.05411 	1898495.5
327.85571 	1878728.6
328.65731 	1858961.8
329.45892 	1839195
330.26052 	1819428.3
331.06212 	1799661.7
331.86373 	1779895.2
332.66533 	1760128.8
333.46693 	1740362.4
334.26854 	1720596.1
335.07014 	1700829.9
335.87174 	1681063.8
336.67335 	1661297.7
337.47495 	1641531.8
338.27655 	1621765.9
339.07816 	1602000.1
339.87976 	1582234.4
340.68136 	1562468.8
341.48297 	1542703.2
342.28457 	1522937.7
343.08617 	1503172.3
343.88778 	1483407
344.68938 	1463641.8
345.49098 	1443876.6
346.29259 	1424111.6
347.09419 	1404346.6
347.89579 	1384581.6
348.69739 	1364816.8
349.499 	1345052
350.3006 	1325287.3
351.1022 	1305522.7
351.90381 	1285758.2
352.70541 	1265993.7
353.50701 	1246229.3
354.30862 	1226465
355.11022 	1206700.7
355.91182 	1186936.5
356.71343 	1167172.4
357.51503 	1147408.4
358.31663 	1127644.4
359.11824 	1107880.5
359.91984 	1088116.7
360.72144 	1068352.9
361.52305 	1048589.2
362.32465 	1028825.6
363.12625 	1009062
363.92786 	989298.5
364.72946 	969535.06
365.53106 	949771.68
366.33267 	930008.37
367.13427 	910245.12
367.93587 	890481.93
368.73747 	870718.81
369.53908 	850955.75
370.34068 	831192.74
371.14228 	811429.8
371.94389 	791666.92
372.74549 	771904.1
373.54709 	752141.33
374.3487 	732378.63
375.1503 	712615.98
375.9519 	692853.4
376.75351 	673090.86
377.55511 	653328.39
379.15832 	613803.61
379.95992 	594041.3
381.56313 	554516.85
382.36473 	534754.71
383.16633 	514992.61
383.96794 	495230.58
384.76954 	475468.59
385.57114 	455706.66
386.37275 	435944.77
387.17435 	416182.94
387.97595 	396421.16
388.77756 	376659.42
389.57916 	356897.74
390.38076 	337136.1
391.18236 	317374.51
391.98397 	297612.97
392.78557 	277851.48
393.58717 	258090.03
394.38878 	238328.62
395.19038 	218567.26
395.99198 	198805.95
396.79359 	179044.68
397.59519 	159283.45
399.1984 	119761.11
400 	100481.31
