0 	3836476.4
0.35183948 	3828927.7
0.70367896 	3820984.7
1.0555184 	3813071.9
1.4073579 	3805109.5
1.7591974 	3797165.3
2.1110369 	3789237.2
2.4628764 	3781310.9
2.8147158 	3773361.6
3.1665553 	3765502.6
3.5183948 	3757547.2
3.8702343 	3749605.4
4.2220737 	3741660.9
4.9257527 	3725900.6
5.6294317 	3710098.8
5.9812711 	3702153
6.3331106 	3694209.3
8.092308 	3654490.3
8.795987 	3638601.9
9.1478265 	3630664.5
10.203345 	3607000.3
10.907024 	3591139.5
11.258863 	3583226.6
11.610703 	3575276.9
11.962542 	3567331.6
12.666221 	3551454.2
13.018061 	3543509.7
13.3699 	3535565.5
13.72174 	3527621.2
14.777258 	3503788.5
15.480937 	3487900
15.832777 	3479955.7
16.536456 	3464067.2
17.591974 	3440234.6
18.647492 	3419262.1
19.351171 	3403811.4
19.703011 	3395849.9
20.05485 	3387875.5
20.40669 	3380006.6
20.758529 	3374542.1
21.462208 	3358855.9
22.165887 	3342961.7
22.869566 	3327067.6
23.573245 	3311173.6
23.925085 	3303226.7
24.276924 	3295279.8
24.628764 	3287332.9
25.332442 	3271439.2
25.684282 	3263492.4
26.387961 	3247598.9
26.7398 	3239652.1
27.09164 	3231705.4
27.443479 	3223758.7
27.795319 	3215812
28.147158 	3207865.4
28.850837 	3191972.1
29.202677 	3184025.5
29.554516 	3176079
29.906356 	3168132.4
30.258195 	3160185.9
30.610035 	3152239.4
30.961874 	3144293
31.665553 	3128400.2
32.017393 	3120453.8
32.369232 	3112507.5
32.721072 	3104561.2
33.072911 	3096615
33.424751 	3088668.8
33.77659 	3080722.6
34.128429 	3072776.5
34.480269 	3064830.4
34.832108 	3056884.4
35.183948 	3048938.4
35.535787 	3040992.5
35.887627 	3033046.6
36.239466 	3025100.8
36.591306 	3017155.1
37.294985 	3001263.7
37.646824 	2993318.1
37.998664 	2985372.6
38.702343 	2969481.8
39.406022 	2953591.2
39.757861 	2945646
41.165219 	2913866
41.517059 	2905921.1
41.868898 	2897976.3
42.220737 	2890031.6
42.924416 	2874142.4
43.276256 	2866197.9
43.628095 	2858253.4
43.979935 	2850309
44.683614 	2834420.4
45.035453 	2826476.2
45.387293 	2818532.1
46.090972 	2802644
46.442811 	2794700
47.14649 	2778812.2
47.49833 	2770868.4
48.202009 	2754981
48.553848 	2747037.3
49.257527 	2731150.2
49.609367 	2723206.7
49.961206 	2715263.3
50.313045 	2707319.9
50.664885 	2699376.6
51.016724 	2691433.4
51.720403 	2675547
52.072243 	2667604
52.424082 	2659661
52.775922 	2651718.1
53.127761 	2643775.2
54.18328 	2619947
54.535119 	2612004.4
54.886959 	2604061.8
55.238798 	2596119.4
55.590638 	2588177
55.942477 	2580234.6
56.997996 	2556407.9
57.349835 	2548465.8
57.701675 	2540523.7
58.053514 	2532581.7
58.405354 	2524639.7
58.757193 	2516697.7
59.109032 	2508755.7
59.460872 	2500813.7
60.164551 	2484929.8
60.51639 	2476987.8
60.86823 	2469045.9
61.220069 	2461103.9
61.571909 	2453161.9
61.923748 	2445219.9
62.275588 	2437277.9
62.627427 	2429335.8
62.979267 	2421393.8
63.331106 	2413451.8
63.682946 	2405509.8
64.034785 	2397567.8
64.386625 	2389625.9
64.738464 	2381684
65.442143 	2365800.6
65.793983 	2357859.1
66.497662 	2341976.6
67.55318 	2318154.5
68.256859 	2302274.4
68.608698 	2294334.8
69.312377 	2278456.5
70.016056 	2262579.6
70.367896 	2254641.7
70.719735 	2246704.1
71.071575 	2238766.8
71.423414 	2230829.9
72.830772 	2199084.9
73.182612 	2191148.9
73.534451 	2183212
73.886291 	2175263.5
74.941809 	2155413.8
75.293648 	2154994.5
75.645488 	2154945.1
75.997327 	2154912.3
77.052846 	2154832.1
77.404685 	2154809.7
77.756525 	2154785.3
78.460204 	2154732.7
78.812043 	2154707.4
79.163883 	2154683.3
80.219401 	2154608.1
81.27492 	2154534.7
81.626759 	2154508.3
81.978599 	2154482.2
82.330438 	2154456.5
82.682278 	2154429.2
83.034117 	2154402
83.385957 	2154374.9
83.737796 	2154343.4
84.089635 	2154305
84.441475 	2154258.9
85.496993 	2149727.5
86.552512 	2126104.7
86.904351 	2118095.3
89.015388 	2070038.7
89.367228 	2062029.4
90.070907 	2046011
90.422746 	2038001.9
90.774586 	2029992.8
91.126425 	2021983.8
91.478265 	2013974.8
91.830104 	2005965.9
92.533783 	1989948.1
93.237462 	1973930.5
93.589301 	1965921.7
93.941141 	1957913
94.29298 	1949904.3
96.052178 	1909860.7
96.404017 	1901851.9
96.755857 	1893843.2
97.459536 	1877825.7
97.811375 	1869816.9
98.163215 	1861808.1
98.515054 	1853799.2
99.922412 	1821763.8
100.27425 	1813754.9
100.62609 	1805746
101.32977 	1789728.3
102.03345 	1773710.6
102.38529 	1765701.7
103.79265 	1733666.6
104.14449 	1725658
104.49633 	1717649.3
105.2 	1701632.1
105.90368 	1685615.1
106.25552 	1677606.7
106.60736 	1669598.3
108.01472 	1637565.3
108.36656 	1629557.1
108.7184 	1621549
109.07024 	1613540.9
109.77392 	1597524.9
110.12576 	1589516.9
110.82944 	1573501
111.18128 	1565493.1
111.53311 	1557485.2
111.88495 	1549477.3
112.58863 	1533461.5
112.94047 	1525453.6
113.29231 	1517445.8
113.64415 	1509437.8
113.99599 	1501429.9
114.34783 	1493422
114.69967 	1485414
115.05151 	1477406.1
115.40335 	1469398.1
115.75519 	1461390
116.45887 	1445373.9
116.81071 	1437365.7
117.16255 	1429357.6
117.51439 	1421349.4
118.21806 	1405332.9
118.5699 	1397324.6
118.92174 	1389316.2
119.27358 	1381307.8
119.62542 	1373299.4
119.97726 	1365291
120.3291 	1357282.5
120.68094 	1349274
121.03278 	1341265.5
121.38462 	1333256.9
121.73646 	1325248.3
122.0883 	1317239.7
122.79198 	1301222.5
123.14382 	1293213.9
123.49566 	1285205.2
123.8475 	1277196.6
124.19934 	1269188
124.55118 	1261179.3
124.90302 	1253170.7
125.25485 	1245162.1
125.60669 	1237153.4
126.66221 	1213127.7
127.01405 	1205119.1
127.36589 	1197110.6
127.71773 	1189102.1
128.06957 	1181093.6
128.42141 	1173085.2
128.77325 	1165076.7
129.12509 	1157068.3
129.47693 	1149060
130.18061 	1133043.3
130.53245 	1125035
130.88429 	1117026.8
131.23613 	1109018.6
132.29164 	1084994.1
132.64348 	1076986
132.99532 	1068977.9
133.699 	1052961.8
134.05084 	1044953.8
134.40268 	1036945.8
134.75452 	1028937.9
135.4582 	1012922
135.81004 	1004914.1
136.16188 	996906.15
136.51372 	988898.25
136.86556 	980890.37
137.56924 	964874.63
137.92108 	956866.76
138.27292 	948858.9
138.97659 	932843.18
139.68027 	916827.46
140.03211 	908819.59
140.38395 	900811.71
140.73579 	892803.83
141.08763 	884795.93
141.43947 	876788.03
141.79131 	868780.12
142.14315 	860772.19
142.49499 	852764.25
142.84683 	844756.3
144.25419 	812724.33
145.3097 	788700.17
145.66154 	780692.08
146.01338 	772683.97
146.36522 	764675.85
146.71706 	756667.7
147.0689 	748659.54
147.42074 	740651.36
148.12442 	724634.94
148.8281 	708618.45
149.17994 	700610.18
149.88362 	684593.59
150.23546 	676585.28
150.5873 	668576.94
151.29098 	652560.24
151.99465 	636543.49
152.69833 	620526.69
153.05017 	612518.28
153.40201 	604509.86
153.75385 	596501.44
154.45753 	580484.57
154.80937 	572476.13
155.16121 	564467.69
155.51305 	556459.25
155.86489 	548450.81
156.21673 	540442.37
156.56857 	532433.93
157.62409 	508408.63
157.97593 	500400.2
158.32777 	492391.79
158.67961 	484383.38
159.03144 	476374.98
159.38328 	468366.59
159.73512 	460358.22
160.08696 	452349.85
160.4388 	444341.5
160.79064 	436333.16
161.14248 	428324.84
161.49432 	420316.53
161.84616 	412308.24
162.90168 	388283.46
163.25352 	380275.24
163.9572 	364258.86
164.30904 	356250.7
164.66088 	348242.56
165.01272 	340234.43
165.71639 	324218.26
166.06823 	316210.2
167.12375 	292186.16
167.47559 	284178.19
167.82743 	276170.24
168.17927 	268162.31
168.53111 	260154.41
169.23479 	244138.66
169.58663 	236130.81
169.93847 	228122.99
170.64215 	212107.4
170.99399 	204099.63
171.34583 	196091.88
171.69767 	188084.15
172.04951 	180076.43
172.40134 	172068.73
172.75318 	164061.04
173.10502 	156053.37
174.16054 	132030.43
174.51238 	124022.81
174.86422 	116015.2
