0 	3836475.9
0.35183948 	3828919.9
0.70367896 	3820971
1.0555184 	3813056.8
1.4073579 	3805081.5
1.7591974 	3797129.2
2.1110369 	3789179.8
2.4628764 	3781251.3
2.8147158 	3773305.7
3.1665553 	3765447.5
3.5183948 	3757471.7
3.8702343 	3749526.7
4.2220737 	3741574.7
4.9257527 	3725670.9
5.6294317 	3709983
5.9812711 	3702031.3
6.3331106 	3694079.2
8.092308 	3654318.9
8.795987 	3638414.2
9.1478265 	3630468.5
10.203345 	3606595.5
10.907024 	3590901.5
11.258863 	3582972.7
11.610703 	3575024.6
11.962542 	3567068.2
12.666221 	3551179
13.018061 	3543227.1
13.3699 	3535275.5
13.72174 	3527323.9
14.777258 	3503469.2
15.480937 	3487566.2
15.832777 	3479614.7
16.536456 	3463711.7
17.591974 	3439857.4
18.647492 	3415951.8
19.351171 	3403384.1
19.703011 	3395441.4
20.05485 	3387491.6
20.40669 	3379536.1
20.758529 	3371562.3
21.462208 	3358521.4
22.165887 	3342624.2
22.869566 	3326725.2
23.573245 	3310826.2
23.925085 	3302876.7
24.276924 	3294927.2
24.628764 	3286977.8
25.332442 	3271078.9
25.684282 	3263129.4
26.387961 	3247230.6
26.7398 	3239281.3
27.09164 	3231331.9
27.443479 	3223382.6
27.795319 	3215433.2
28.147158 	3207483.9
28.850837 	3191585.3
29.202677 	3183636
29.554516 	3175686.8
29.906356 	3167737.5
30.258195 	3159788.2
30.610035 	3151839
30.961874 	3143889.7
31.665553 	3127991.1
32.017393 	3120041.8
32.369232 	3112092.5
32.721072 	3104143.2
33.072911 	3096193.8
33.424751 	3088244.4
33.77659 	3080295
34.128429 	3072345.6
34.480269 	3064396.1
34.832108 	3056446.5
35.183948 	3048496.9
35.535787 	3040547.3
35.887627 	3032597.6
36.239466 	3024647.8
36.591306 	3016697.9
37.294985 	3000798
37.646824 	2992847.9
37.998664 	2984897.8
38.702343 	2968997.2
39.406022 	2953096.2
39.757861 	2945145.6
41.165219 	2913342
41.517059 	2905390.8
41.868898 	2897439.5
42.220737 	2889488.1
42.924416 	2873585.1
43.276256 	2865633.4
43.628095 	2857681.6
43.979935 	2849729.7
44.683614 	2833825.6
45.035453 	2825873.4
45.387293 	2817921.2
46.090972 	2802016.4
46.442811 	2794063.9
47.14649 	2778158.8
47.49833 	2770206.1
48.202009 	2754300.7
48.553848 	2746348
49.257527 	2730442.4
49.609367 	2722489.6
49.961206 	2714536.8
50.313045 	2706583.9
50.664885 	2698631.1
51.016724 	2690678.3
51.720403 	2674772.7
52.072243 	2666820
52.424082 	2658867.2
52.775922 	2650914.5
53.127761 	2642961.8
54.18328 	2619103.8
54.535119 	2611151.2
54.886959 	2603198.5
55.238798 	2595245.9
55.590638 	2587293.3
55.942477 	2579340.7
56.997996 	2555482.8
57.349835 	2547530.1
57.701675 	2539577.3
58.053514 	2531624.6
58.405354 	2523671.7
58.757193 	2515718.8
59.109032 	2507765.9
59.460872 	2499812.9
60.164551 	2483906.6
60.51639 	2475953.3
60.86823 	2468000
61.220069 	2460046.6
61.571909 	2452093.1
61.923748 	2444139.5
62.275588 	2436185.8
62.627427 	2428232
62.979267 	2420278.1
63.331106 	2412324.2
63.682946 	2404370.2
64.034785 	2396416.1
64.386625 	2388461.9
64.738464 	2380507.7
65.442143 	2364599.1
65.793983 	2356644.7
66.497662 	2340735.9
67.55318 	2316872.5
68.256859 	2300963.6
68.608698 	2293009.1
69.312377 	2277100
70.016056 	2261190.9
70.367896 	2253236.3
70.719735 	2245281.6
71.071575 	2237326.8
71.423414 	2229371.9
72.830772 	2197550.5
73.182612 	2189594.6
73.534451 	2181638.6
73.886291 	2173682.6
74.941809 	2149813.9
75.293648 	2141841.6
75.645488 	2133776.2
75.997327 	2126270.4
77.052846 	2122764.6
77.404685 	2122746.9
77.756525 	2122725.2
78.460204 	2122673
78.812043 	2122648.9
79.163883 	2122623.8
80.219401 	2122559.9
81.27492 	2122495
81.626759 	2122475.4
81.978599 	2122457.6
82.330438 	2122439.7
82.682278 	2122421.2
83.034117 	2122401.1
83.385957 	2122381.3
83.737796 	2122365.4
84.089635 	2122350.2
84.441475 	2122334.4
85.496993 	2122270.1
86.552512 	2122127
86.904351 	2119517.9
89.015388 	2072287.3
89.367228 	2064265.2
90.070907 	2048220.9
90.422746 	2040198.8
90.774586 	2032176.8
91.126425 	2024155
91.478265 	2016133.4
91.830104 	2008112
92.533783 	1992069.6
93.237462 	1976027.9
93.589301 	1968007.3
93.941141 	1959986.8
94.29298 	1951966.4
96.052178 	1911865.8
96.404017 	1903845.8
96.755857 	1895826
97.459536 	1879786.3
97.811375 	1871766.5
98.163215 	1863746.8
98.515054 	1855727
99.922412 	1823648.4
100.27425 	1815628.8
100.62609 	1807609.3
101.32977 	1791570.2
102.03345 	1775531.2
102.38529 	1767511.8
103.79265 	1735434.3
104.14449 	1727415.1
104.49633 	1719395.8
105.2 	1703357.5
105.90368 	1687319.4
106.25552 	1679300.4
106.60736 	1671281.5
108.01472 	1639206.3
108.36656 	1631187.7
108.7184 	1623169.1
109.07024 	1615150.5
109.77392 	1599113.6
110.12576 	1591095.3
110.82944 	1575058.7
111.18128 	1567040.5
111.53311 	1559022.4
111.88495 	1551004.3
112.58863 	1534968.2
112.94047 	1526950.3
113.29231 	1518932.4
113.64415 	1510914.5
113.99599 	1502896.7
114.34783 	1494879
114.69967 	1486861.3
115.05151 	1478843.6
115.40335 	1470826
115.75519 	1462808.4
116.45887 	1446773.3
116.81071 	1438755.9
117.16255 	1430738.4
117.51439 	1422721.1
118.21806 	1406686.4
118.5699 	1398669.1
118.92174 	1390651.9
119.27358 	1382634.7
119.62542 	1374617.5
119.97726 	1366600.4
120.3291 	1358583.3
120.68094 	1350566.2
121.03278 	1342549.2
121.38462 	1334532.2
121.73646 	1326515.2
122.0883 	1318498.3
122.79198 	1302464.5
123.14382 	1294447.7
123.49566 	1286430.9
123.8475 	1278414.1
124.19934 	1270397.3
124.55118 	1262380.6
124.90302 	1254363.9
125.25485 	1246347.2
125.60669 	1238330.6
126.66221 	1214280.8
127.01405 	1206264.3
127.36589 	1198247.8
127.71773 	1190231.3
128.06957 	1182214.8
128.42141 	1174198.4
128.77325 	1166181.9
129.12509 	1158165.5
129.47693 	1150149.1
130.18061 	1134116.4
130.53245 	1126100.1
130.88429 	1118083.8
131.23613 	1110067.5
132.29164 	1086018.7
132.64348 	1078002.5
132.99532 	1069986.3
133.699 	1053953.9
134.05084 	1045937.7
134.40268 	1037921.5
134.75452 	1029905.4
135.4582 	1013873.1
135.81004 	1005856.9
136.16188 	997840.78
136.51372 	989824.65
136.86556 	981808.52
137.56924 	965776.27
137.92108 	957760.14
138.27292 	949744.01
138.97659 	933711.74
139.68027 	917679.45
140.03211 	909663.29
140.38395 	901647.12
140.73579 	893630.95
141.08763 	885614.76
141.43947 	877598.56
141.79131 	869582.34
142.14315 	861566.12
142.49499 	853549.87
142.84683 	845533.61
144.25419 	813468.4
145.3097 	789419.29
145.66154 	781402.88
146.01338 	773386.45
146.36522 	765370
146.71706 	757353.53
147.0689 	749337.04
147.42074 	741320.52
148.12442 	725287.44
148.8281 	709254.29
149.17994 	701237.69
149.88362 	685204.43
150.23546 	677187.77
150.5873 	669171.1
151.29098 	653137.73
151.99465 	637104.3
152.69833 	621070.84
153.05017 	613054.1
153.40201 	605037.35
153.75385 	597020.59
154.45753 	580987.07
154.80937 	572970.31
155.16121 	564953.54
155.51305 	556936.78
155.86489 	548920.01
156.21673 	540903.25
156.56857 	532886.5
157.62409 	508836.25
157.97593 	500819.52
158.32777 	492802.8
158.67961 	484786.08
159.03144 	476769.37
159.38328 	468752.68
159.73512 	460735.99
160.08696 	452719.32
160.4388 	444702.66
160.79064 	436686.01
161.14248 	428669.38
161.49432 	420652.76
161.84616 	412636.15
162.90168 	388586.43
163.25352 	380569.88
163.9572 	364536.84
164.30904 	356520.34
164.66088 	348503.86
165.01272 	340487.39
165.71639 	324454.51
166.06823 	316438.09
167.12375 	292388.93
167.47559 	284372.58
167.82743 	276356.24
168.17927 	268339.91
168.53111 	260323.6
169.23479 	244291.02
169.58663 	236274.75
169.93847 	228258.5
170.64215 	212226.03
170.99399 	204209.81
171.34583 	196193.61
171.69767 	188177.41
172.04951 	180161.23
172.40134 	172145.07
172.75318 	164128.91
173.10502 	156112.76
174.16054 	132064.38
174.51238 	124048.27
174.86422 	116032.17
