0 	8861033.5
6.4128257 	8758590.5
34.468938 	8212311.2
37.675351 	8133287
40.881764 	8083919.2
50.501002 	7899494.2
53.707415 	7833810.3
62.52505 	7644532.7
65.731463 	7568403.4
68.937876 	7493108.9
69.739479 	7473295.9
96.993988 	6841696.9
103.40681 	6759635.6
106.61323 	6723163.4
116.23246 	6720425.6
123.44689 	6721956.4
125.05 	6721810
125.8517 	6721482.5
128.25651 	6720101.8
131.46293 	6718454.5
151.50301 	6577591.9
153.90782 	6515331.8
156.31263 	6453061.7
159.51904 	6370012.6
166.73347 	6183073.6
169.13828 	6120707
175.5511 	5954040.3
176.35271 	5933166.8
187.57515 	5640500.7
190.78156 	5556974.3
200.4008 	5307737.9
201.2024 	5287066.4
202.00401 	5266403.5
202.80561 	5245746.4
203.60721 	5225092
204.40882 	5204436.7
205.21042 	5183777.3
206.01202 	5163110.2
206.81363 	5142432.2
207.61523 	5121740
208.41683 	5101030.9
209.21844 	5080302.5
210.02004 	5059552.9
210.82164 	5038780.5
211.62325 	5017984.5
212.42485 	4997164.5
213.22645 	4976320.6
214.02806 	4955453.5
214.82966 	4934564.2
215.63126 	4913654.2
216.43287 	4892725.1
217.23447 	4871778.8
218.03607 	4850817.2
219.63928 	4808856
220.44088 	4787860.2
221.24248 	4766856.5
222.04409 	4745846.3
222.84569 	4724830.9
223.64729 	4703811.2
224.4489 	4682788.1
225.2505 	4661762.3
226.0521 	4640734.2
227.65531 	4598672.7
228.45691 	4577639.7
229.25852 	4556605.6
230.86172 	4514534.7
231.66333 	4493498.4
232.46493 	4472461.7
234.06814 	4430388.5
234.86974 	4409352.6
235.67134 	4388317.7
236.47295 	4367284.1
237.27455 	4346252.3
238.07615 	4325222.6
238.87776 	4304195.7
239.67936 	4283171.8
240.48096 	4262151.6
241.28257 	4241135.4
242.08417 	4220123.7
242.88577 	4199116.8
243.68737 	4178115
244.48898 	4157118.6
245.29058 	4136127.8
246.09218 	4115142.5
246.89379 	4094163
247.69539 	4073189.1
248.49699 	4052220.6
249.2986 	4031257.4
250.1002 	4010299.3
250.9018 	3989345.9
251.70341 	3968397.1
252.50501 	3947452.3
253.30661 	3926511.4
254.10822 	3905573.9
254.90982 	3884639.6
255.71142 	3863708.1
256.51303 	3842779.2
257.31463 	3821852.7
258.11623 	3800928.3
258.91784 	3780005.9
259.71944 	3759085.4
260.52104 	3738166.7
261.32265 	3717249.7
262.12425 	3696334.5
262.92585 	3675420.9
263.72745 	3654509
264.52906 	3633598.8
265.33066 	3612690.4
266.13226 	3591783.6
266.93387 	3570878.7
267.73547 	3549975.4
268.53707 	3529073.8
269.33868 	3508173.9
270.14028 	3487275.5
270.94188 	3466378.6
271.74349 	3445483.1
272.54509 	3424588.9
273.34669 	3403695.8
274.1483 	3382803.6
274.9499 	3361912.3
274.95 	3361909.7
275.7515 	3341021.5
276.55311 	3320131
277.35471 	3299240.7
278.95792 	3257459.7
279.75952 	3236568.4
280.56112 	3215676.4
281.36273 	3194783.3
282.16433 	3173889
282.96593 	3152993.1
283.76754 	3132095.5
284.56914 	3111196.1
285.37074 	3090294.5
286.17234 	3069390.6
286.97395 	3048484.4
288.57715 	3006664.2
289.37876 	2985750.1
290.18036 	2964833.3
290.98196 	2943913.7
291.78357 	2922991.3
292.58517 	2902066.3
293.38677 	2881138.6
294.18838 	2860208.4
294.98998 	2839275.8
295.79158 	2818340.8
296.59319 	2797403.8
297.39479 	2776464.7
298.19639 	2755523.8
298.998 	2734581.3
299.7996 	2713637.3
300.6012 	2692692
301.40281 	2671745.7
302.20441 	2650798.4
303.00601 	2629850.3
303.80762 	2608901.7
304.60922 	2587952.5
306.21242 	2546053.2
307.01403 	2525103.2
307.81563 	2504153.2
308.61723 	2483203.2
309.41884 	2462253.2
310.22044 	2441303.5
311.02204 	2420353.9
311.82365 	2399404.7
312.62525 	2378455.8
313.42685 	2357507.3
314.22846 	2336559.3
315.03006 	2315611.9
315.83166 	2294665
316.63327 	2273718.8
317.43487 	2252773.3
318.23647 	2231828.6
319.03808 	2210884.6
319.83968 	2189941.6
320.64128 	2168999.4
321.44289 	2148058.1
322.24449 	2127117.8
323.04609 	2106178.5
323.8477 	2085240.2
324.6493 	2064303
325.4509 	2043366.8
326.25251 	2022431.7
327.05411 	2001497.7
327.85571 	1980564.9
328.65731 	1959633.3
329.45892 	1938702.9
330.26052 	1917773.7
331.06212 	1896845.8
331.86373 	1875919.2
332.66533 	1854993.8
333.46693 	1834069.8
334.26854 	1813147.2
335.07014 	1792225.9
335.87174 	1771306
336.67335 	1750387.4
337.47495 	1729470.2
338.27655 	1708554.3
339.07816 	1687639.8
339.87976 	1666726.6
340.68136 	1645814.6
341.48297 	1624903.9
342.28457 	1603994.3
343.08617 	1583085.9
343.88778 	1562178.7
344.68938 	1541272.5
345.49098 	1520367.3
346.29259 	1499463.1
347.09419 	1478559.8
347.89579 	1457657.4
348.69739 	1436755.9
349.499 	1415855.2
350.3006 	1394955.2
351.1022 	1374056
351.90381 	1353157.5
352.70541 	1332259.7
353.50701 	1311362.5
354.30862 	1290466
355.11022 	1269570
355.91182 	1248674.7
356.71343 	1227779.9
357.51503 	1206885.7
358.31663 	1185992
359.11824 	1165098.9
359.91984 	1144206.2
360.72144 	1123314.1
361.52305 	1102422.5
362.32465 	1081531.3
363.12625 	1060640.7
363.92786 	1039750.5
364.72946 	1018860.9
365.53106 	997971.64
366.33267 	977082.89
367.13427 	956194.59
367.93587 	935306.74
368.73747 	914419.33
369.53908 	893532.36
370.34068 	872645.8
371.14228 	851759.66
371.94389 	830873.93
372.74549 	809988.57
373.54709 	789103.59
374.3487 	768218.97
375.1503 	747334.69
375.9519 	726450.72
376.75351 	705567.06
377.55511 	684683.68
379.15832 	642917.68
379.95992 	622035.02
381.56313 	580270.27
382.36473 	559388.14
383.16633 	538506.15
383.96794 	517624.28
384.76954 	496742.52
385.57114 	475860.85
386.37275 	454979.26
387.17435 	434097.75
387.97595 	413216.3
388.77756 	392334.9
389.57916 	371453.56
390.38076 	350572.27
391.18236 	329691.01
391.98397 	308809.81
392.78557 	287928.64
393.58717 	267047.51
394.38878 	246166.43
395.19038 	225285.39
395.99198 	204404.39
396.79359 	183523.43
397.59519 	162642.51
399.1984 	120880.8
400 	100508.58
