0 	3836475.1
0.35183948 	3828905.3
0.70367896 	3820946.2
1.0555184 	3813014.4
1.4073579 	3805033.2
1.7591974 	3797069.2
2.1110369 	3789104.7
2.4628764 	3781141.4
2.8147158 	3773194.2
3.1665553 	3765302
3.5183948 	3757321.4
3.8702343 	3749389.3
4.2220737 	3741431.8
4.9257527 	3725496.3
5.6294317 	3709800.5
5.9812711 	3701834.7
6.3331106 	3693874.9
8.092308 	3654056.7
8.795987 	3638128.9
9.1478265 	3630171.9
10.203345 	3606274.8
10.907024 	3590573.6
11.258863 	3582611.4
11.610703 	3574671.1
11.962542 	3566706.9
12.666221 	3550800.1
13.018061 	3542837.5
13.3699 	3534875.5
13.72174 	3526913.5
14.777258 	3503027.3
15.480937 	3487103.1
15.832777 	3479141
16.536456 	3463217.1
17.591974 	3439332
18.647492 	3415448.3
19.351171 	3399486.9
19.703011 	3392596.4
20.05485 	3386940.1
20.40669 	3379020.9
20.758529 	3371070.5
21.462208 	3355133.6
22.165887 	3342093.1
22.869566 	3326172.1
23.573245 	3310246.1
23.925085 	3302283.2
24.276924 	3294320.4
24.628764 	3286357.6
25.332442 	3270432
25.684282 	3262469.1
26.387961 	3246543.3
26.7398 	3238580.3
27.09164 	3230617.3
27.443479 	3222654.3
27.795319 	3214691.2
28.147158 	3206728
28.850837 	3190801.7
29.202677 	3182838.5
29.554516 	3174875.2
29.906356 	3166911.9
30.258195 	3158948.5
30.610035 	3150985.1
30.961874 	3143021.7
31.665553 	3127094.8
32.017393 	3119131.2
32.369232 	3111167.7
32.721072 	3103204.1
33.072911 	3095240.4
33.424751 	3087276.8
33.77659 	3079313.1
34.128429 	3071349.3
34.480269 	3063385.6
34.832108 	3055421.8
35.183948 	3047457.9
35.535787 	3039494.1
35.887627 	3031530.2
36.239466 	3023566.3
36.591306 	3015602.3
37.294985 	2999674.4
37.646824 	2991710.3
37.998664 	2983746.3
38.702343 	2967818.2
39.406022 	2951889.9
39.757861 	2943925.8
41.165219 	2912069.2
41.517059 	2904105
41.868898 	2896140.8
42.220737 	2888176.6
42.924416 	2872248.2
43.276256 	2864284
43.628095 	2856319.8
43.979935 	2848355.6
44.683614 	2832427.3
45.035453 	2824463.1
45.387293 	2816498.9
46.090972 	2800570.6
46.442811 	2792606.4
47.14649 	2776678.2
47.49833 	2768714.1
48.202009 	2752785.9
48.553848 	2744821.9
49.257527 	2728893.9
49.609367 	2720929.9
49.961206 	2712966
50.313045 	2705002.1
50.664885 	2697038.3
51.016724 	2689074.5
51.720403 	2673147
52.072243 	2665183.4
52.424082 	2657219.8
52.775922 	2649256.2
53.127761 	2641292.7
54.18328 	2617402.7
54.535119 	2609439.5
54.886959 	2601476.4
55.238798 	2593513.3
55.590638 	2585550.4
55.942477 	2577587.5
56.997996 	2553699.5
57.349835 	2545737.1
57.701675 	2537774.7
58.053514 	2529812.4
58.405354 	2521850.3
58.757193 	2513888.3
59.109032 	2505926.4
59.460872 	2497964.6
60.164551 	2482041.4
60.51639 	2474080
60.86823 	2466118.8
61.220069 	2458157.7
61.571909 	2450196.7
61.923748 	2442235.8
62.275588 	2434275.1
62.627427 	2426314.5
62.979267 	2418354.1
63.331106 	2410393.8
63.682946 	2402433.6
64.034785 	2394473.6
64.386625 	2386513.7
64.738464 	2378553.8
65.442143 	2362634.5
65.793983 	2354674.9
66.497662 	2338755.8
67.55318 	2314877.2
68.256859 	2298957.9
68.608698 	2290998
69.312377 	2275077.9
70.016056 	2259156.9
70.367896 	2251196.1
70.719735 	2243235.1
71.071575 	2235273.8
71.423414 	2227312.3
72.830772 	2195464.4
73.182612 	2187502.1
73.534451 	2179539.7
73.886291 	2171577.3
74.941809 	2147689.8
75.293648 	2139727.2
75.645488 	2131764.7
75.997327 	2123802.3
77.052846 	2099912
77.404685 	2091936.9
77.756525 	2083901.7
78.460204 	2070333.1
78.812043 	2069396.6
79.163883 	2069340.3
80.219401 	2069283.8
81.27492 	2069201.3
81.626759 	2069167
81.978599 	2069131.6
82.330438 	2069099.8
82.682278 	2069073
83.034117 	2069050
83.385957 	2069029.1
83.737796 	2069008.2
84.089635 	2068986.7
84.441475 	2068967
85.496993 	2068915.4
86.552512 	2068859.3
86.904351 	2068837.6
89.015388 	2068656.3
89.367228 	2066894.5
90.070907 	2052234.7
90.422746 	2044199
90.774586 	2036161
91.126425 	2028124.8
91.478265 	2020090.1
91.830104 	2012056.3
92.533783 	1995989.8
93.237462 	1979923.2
93.589301 	1971889.7
93.941141 	1963855.9
94.29298 	1955822.1
96.052178 	1915652.1
96.404017 	1907618
96.755857 	1899584.1
97.459536 	1883516.1
97.811375 	1875482.2
98.163215 	1867448.2
98.515054 	1859414.3
99.922412 	1827277.9
100.27425 	1819243.6
100.62609 	1811209.2
101.32977 	1795140
102.03345 	1779070.2
102.38529 	1771035.1
103.79265 	1738893
104.14449 	1730857.1
104.49633 	1722821
105.2 	1706748.5
105.90368 	1690675.5
106.25552 	1682638.8
106.60736 	1674602.1
108.01472 	1642454.5
108.36656 	1634417.5
108.7184 	1626380.6
109.07024 	1618343.6
109.77392 	1602269.7
110.12576 	1594232.8
110.82944 	1578159.1
111.18128 	1570122.3
111.53311 	1562085.6
111.88495 	1554049
112.58863 	1537976
112.94047 	1529939.6
113.29231 	1521903.3
113.64415 	1513867
113.99599 	1505830.9
114.34783 	1497794.9
114.69967 	1489758.9
115.05151 	1481723.1
115.40335 	1473687.3
115.75519 	1465651.7
116.45887 	1449580.6
116.81071 	1441545.2
117.16255 	1433509.9
117.51439 	1425474.7
118.21806 	1409404.5
118.5699 	1401369.6
118.92174 	1393334.7
119.27358 	1385299.9
119.62542 	1377265.2
119.97726 	1369230.5
120.3291 	1361195.9
120.68094 	1353161.4
121.03278 	1345127
121.38462 	1337092.6
121.73646 	1329058.3
122.0883 	1321024
122.79198 	1304955.7
123.14382 	1296921.6
123.49566 	1288887.5
123.8475 	1280853.5
124.19934 	1272819.6
124.55118 	1264785.7
124.90302 	1256751.8
125.25485 	1248718
125.60669 	1240684.2
126.66221 	1216583
127.01405 	1208549.4
127.36589 	1200515.8
127.71773 	1192482.2
128.06957 	1184448.6
128.42141 	1176415.1
128.77325 	1168381.6
129.12509 	1160348.1
129.47693 	1152314.6
130.18061 	1136247.8
130.53245 	1128214.4
130.88429 	1120181
131.23613 	1112147.6
132.29164 	1088047.5
132.64348 	1080014.2
132.99532 	1071980.9
133.699 	1055914.3
134.05084 	1047881
134.40268 	1039847.7
134.75452 	1031814.4
135.4582 	1015747.8
135.81004 	1007714.5
136.16188 	999681.17
136.51372 	991647.85
136.86556 	983614.53
137.56924 	967547.86
137.92108 	959514.51
138.27292 	951481.15
138.97659 	935414.39
139.68027 	919347.57
140.03211 	911314.13
140.38395 	903280.68
140.73579 	895247.21
141.08763 	887213.72
141.43947 	879180.22
141.79131 	871146.69
142.14315 	863113.15
142.49499 	855079.59
142.84683 	847046.01
144.25419 	814911.52
145.3097 	790810.47
145.66154 	782776.76
146.01338 	774743.03
146.36522 	766709.3
146.71706 	758675.55
147.0689 	750641.8
147.42074 	742608.03
148.12442 	726540.48
148.8281 	710472.92
149.17994 	702439.14
149.88362 	686371.59
150.23546 	678337.82
150.5873 	670304.05
151.29098 	654236.55
151.99465 	638169.11
152.69833 	622101.73
153.05017 	614068.07
153.40201 	606034.43
153.75385 	598000.82
154.45753 	581933.68
154.80937 	573900.15
155.16121 	565866.65
155.51305 	557833.19
155.86489 	549799.76
156.21673 	541766.37
156.56857 	533733.02
157.62409 	509633.21
157.97593 	501600.02
158.32777 	493566.88
158.67961 	485533.79
159.03144 	477500.74
159.38328 	469467.74
159.73512 	461434.79
160.08696 	453401.89
160.4388 	445369.03
160.79064 	437336.23
161.14248 	429303.48
161.49432 	421270.79
161.84616 	413238.14
162.90168 	389140.52
163.25352 	381108.08
163.9572 	365043.37
164.30904 	357011.09
164.66088 	348978.86
165.01272 	340946.69
165.71639 	324882.48
166.06823 	316850.46
167.12375 	292754.66
167.47559 	284722.82
167.82743 	276691.03
168.17927 	268659.28
168.53111 	260627.57
169.23479 	244564.27
169.58663 	236532.68
169.93847 	228501.13
170.64215 	212438.13
170.99399 	204406.68
171.34583 	196375.26
171.69767 	188343.87
172.04951 	180312.5
172.40134 	172281.17
172.75318 	164249.85
173.10502 	156218.56
174.16054 	132124.81
174.51238 	124093.59
174.86422 	116062.38
