0 	9819682.6
6.4128257 	9701979.3
34.468938 	9116536
37.675351 	9037403.1
40.881764 	8958271.6
50.501002 	8720885.5
53.707415 	8641759.3
62.52505 	8424167.4
65.731463 	8345044.7
68.937876 	8265922.8
69.739479 	8246142.4
96.993988 	7573636.1
103.40681 	7415405.7
106.61323 	7336291.2
116.23246 	7098950.8
123.44689 	6920948.7
125.05 	6881395.5
125.8517 	6861615.3
128.25651 	6802282.3
131.46293 	6723172.2
151.50301 	6228750.2
153.90782 	6169421.4
156.31263 	6110093.1
159.51904 	6030989.2
166.73347 	5853008.1
169.13828 	5793681.8
175.5511 	5635479.9
176.35271 	5615704.9
187.57515 	5338857.9
190.78156 	5259760
200.4008 	5022469.6
201.2024 	5002695.6
202.00401 	4982921.7
202.80561 	4963147.8
203.60721 	4943373.9
204.40882 	4923600
205.21042 	4903826.2
206.01202 	4884052.4
206.81363 	4864278.7
207.61523 	4844504.9
208.41683 	4824731.3
209.21844 	4804957.6
210.02004 	4785184
210.82164 	4765410.4
211.62325 	4745636.9
212.42485 	4725863.3
213.22645 	4706089.9
214.02806 	4686316.4
214.82966 	4666543
215.63126 	4646769.6
216.43287 	4626996.3
217.23447 	4607223
218.03607 	4587449.7
219.63928 	4547903.3
220.44088 	4528130.1
221.24248 	4508357
222.04409 	4488583.9
222.84569 	4468810.8
223.64729 	4449037.8
224.4489 	4429264.8
225.2505 	4409491.9
226.0521 	4389719
227.65531 	4350173.3
228.45691 	4330400.5
229.25852 	4310627.7
230.86172 	4271082.3
231.66333 	4251309.7
232.46493 	4231537.1
234.06814 	4191992
234.86974 	4172219.5
235.67134 	4152447.1
236.47295 	4132674.7
237.27455 	4112902.3
238.07615 	4093130
238.87776 	4073357.7
239.67936 	4053585.4
240.48096 	4033813.2
241.28257 	4014041.1
242.08417 	3994269
242.88577 	3974496.9
243.68737 	3954724.8
244.48898 	3934952.9
245.29058 	3915180.9
246.09218 	3895409
246.89379 	3875637.1
247.69539 	3855865.3
248.49699 	3836093.5
249.2986 	3816321.8
250.1002 	3796550.1
250.9018 	3776778.4
251.70341 	3757006.8
252.50501 	3737235.2
253.30661 	3717463.7
254.10822 	3697692.2
254.90982 	3677920.8
255.71142 	3658149.4
256.51303 	3638378
257.31463 	3618606.7
258.11623 	3598835.5
258.91784 	3579064.2
259.71944 	3559293.1
260.52104 	3539521.9
261.32265 	3519750.9
262.12425 	3499979.8
262.92585 	3480208.8
263.72745 	3460437.9
264.52906 	3440667
265.33066 	3420896.1
266.13226 	3401125.3
266.93387 	3381354.5
267.73547 	3361583.8
268.53707 	3341813.1
269.33868 	3322042.5
270.14028 	3302271.9
270.94188 	3282501.3
271.74349 	3262730.8
272.54509 	3242960.3
273.34669 	3223189.9
274.1483 	3203419.6
274.9499 	3183649.2
274.95 	3183646.8
275.7515 	3163879
276.55311 	3144108.7
277.35471 	3124338.5
278.95792 	3084798.3
279.75952 	3065028.2
280.56112 	3045258.2
281.36273 	3025488.3
282.16433 	3005718.4
282.96593 	2985948.5
283.76754 	2966178.7
284.56914 	2946408.9
285.37074 	2926639.1
286.17234 	2906869.4
286.97395 	2887099.8
288.57715 	2847560.6
289.37876 	2827791.1
290.18036 	2808021.7
290.98196 	2788252.2
291.78357 	2768482.8
292.58517 	2748713.5
293.38677 	2728944.2
294.18838 	2709175
294.98998 	2689405.8
295.79158 	2669636.6
296.59319 	2649867.5
297.39479 	2630098.4
298.19639 	2610329.4
298.998 	2590560.4
299.7996 	2570791.5
300.6012 	2551022.6
301.40281 	2531253.8
302.20441 	2511485
303.00601 	2491716.2
303.80762 	2471947.5
304.60922 	2452178.8
306.21242 	2412641.6
307.01403 	2392873.1
307.81563 	2373104.6
308.61723 	2353336.1
309.41884 	2333567.7
310.22044 	2313799.3
311.02204 	2294031
311.82365 	2274262.7
312.62525 	2254494.5
313.42685 	2234726.3
314.22846 	2214958.1
315.03006 	2195190
315.83166 	2175422
316.63327 	2155653.9
317.43487 	2135886
318.23647 	2116118
319.03808 	2096350.1
319.83968 	2076582.3
320.64128 	2056814.5
321.44289 	2037046.7
322.24449 	2017279
323.04609 	1997511.3
323.8477 	1977743.6
324.6493 	1957976
325.4509 	1938208.5
326.25251 	1918441
327.05411 	1898673.5
327.85571 	1878906.1
328.65731 	1859138.7
329.45892 	1839371.3
330.26052 	1819604
331.06212 	1799836.7
331.86373 	1780069.5
332.66533 	1760302.3
333.46693 	1740535.2
334.26854 	1720768.1
335.07014 	1701001
335.87174 	1681234
336.67335 	1661467
337.47495 	1641700.1
338.27655 	1621933.2
339.07816 	1602166.3
339.87976 	1582399.5
340.68136 	1562632.7
341.48297 	1542866
342.28457 	1523099.3
343.08617 	1503332.6
343.88778 	1483566
344.68938 	1463799.4
345.49098 	1444032.9
346.29259 	1424266.4
347.09419 	1404499.9
347.89579 	1384733.5
348.69739 	1364967.1
349.499 	1345200.8
350.3006 	1325434.5
351.1022 	1305668.2
351.90381 	1285902
352.70541 	1266135.8
353.50701 	1246369.7
354.30862 	1226603.6
355.11022 	1206837.5
355.91182 	1187071.5
356.71343 	1167305.5
357.51503 	1147539.5
358.31663 	1127773.6
359.11824 	1108007.8
359.91984 	1088241.9
360.72144 	1068476.1
361.52305 	1048710.4
362.32465 	1028944.7
363.12625 	1009179
363.92786 	989413.35
364.72946 	969647.75
365.53106 	949882.2
366.33267 	930116.68
367.13427 	910351.19
367.93587 	890585.75
368.73747 	870820.35
369.53908 	851054.98
370.34068 	831289.66
371.14228 	811524.37
371.94389 	791759.12
372.74549 	771993.91
373.54709 	752228.74
374.3487 	732463.61
375.1503 	712698.51
375.9519 	692933.46
376.75351 	673168.44
377.55511 	653403.46
379.15832 	613873.63
379.95992 	594108.76
381.56313 	554579.16
382.36473 	534814.42
383.16633 	515049.71
383.96794 	495285.05
384.76954 	475520.42
385.57114 	455755.83
386.37275 	435991.28
387.17435 	416226.78
387.97595 	396462.31
388.77756 	376697.88
389.57916 	356933.48
390.38076 	337169.13
391.18236 	317404.82
391.98397 	297640.55
392.78557 	277876.31
393.58717 	258112.12
394.38878 	238347.97
395.19038 	218583.85
395.99198 	198819.78
396.79359 	179055.74
397.59519 	159291.75
399.1984 	119763.88
400 	100481.37
