0 	8553734.3
6.4128257 	8501986.5
34.468938 	7840898.5
37.675351 	7791238.5
40.881764 	7761978
50.501002 	7568262.7
53.707415 	7556469.3
62.52505 	7403962
65.731463 	7326730.7
68.937876 	7250425.4
69.739479 	7239368.1
96.993988 	6631761.7
103.40681 	6510682.4
106.61323 	6442161.6
116.23246 	6206649.3
123.44689 	6019257.2
125.05 	5981372.7
125.8517 	5963247.1
128.25651 	5906040.3
131.46293 	5882835.5
151.50301 	5877028.5
153.90782 	5875930.5
156.31263 	5875685.8
159.51904 	5876661.8
166.73347 	5872172.2
169.13828 	5872170.9
175.5511 	5872354.2
176.35271 	5872368.7
187.57515 	5792514
190.78156 	5706616.9
200.4008 	5449223.6
201.2024 	5427773
202.00401 	5406319.8
202.80561 	5384863.3
203.60721 	5363402.6
204.40882 	5341937
205.21042 	5320465.9
206.01202 	5298989.1
206.81363 	5277506.3
207.61523 	5256017.3
208.41683 	5234522.2
209.21844 	5213020.7
210.02004 	5191512.5
210.82164 	5169997.5
211.62325 	5148475.6
212.42485 	5126946.7
213.22645 	5105410.9
214.02806 	5083868.4
214.82966 	5062319.3
215.63126 	5040764
216.43287 	5019202.8
217.23447 	4997636.6
218.03607 	4976066.5
219.63928 	4932920.1
220.44088 	4911347.1
221.24248 	4889776.7
222.04409 	4868210.2
222.84569 	4846649
223.64729 	4825093.9
224.4489 	4803545.5
225.2505 	4782003.9
226.0521 	4760469.2
227.65531 	4717418.9
228.45691 	4695902.5
229.25852 	4674391.6
230.86172 	4631385.4
231.66333 	4609890.2
232.46493 	4588400.2
234.06814 	4545436.6
234.86974 	4523962.7
235.67134 	4502493.7
236.47295 	4481029.4
237.27455 	4459569.5
238.07615 	4438113.6
238.87776 	4416661.6
239.67936 	4395213.2
240.48096 	4373768.5
241.28257 	4352327
242.08417 	4330888.6
242.88577 	4309453
243.68737 	4288019.8
244.48898 	4266588.8
245.29058 	4245160
246.09218 	4223733.4
246.89379 	4202309.4
247.69539 	4180888.4
248.49699 	4159470.9
249.2986 	4138057.3
250.1002 	4116647.8
250.9018 	4095242.5
251.70341 	4073840.9
252.50501 	4052442.6
253.30661 	4031047
254.10822 	4009653.2
254.90982 	3988260.5
255.71142 	3966868
256.51303 	3945475.1
257.31463 	3924081
258.11623 	3902685.2
258.91784 	3881287.1
259.71944 	3859886.5
260.52104 	3838482.9
261.32265 	3817075.9
262.12425 	3795665.5
262.92585 	3774251.3
263.72745 	3752833.3
264.52906 	3731411.6
265.33066 	3709986.3
266.13226 	3688557.5
266.93387 	3667125.8
267.73547 	3645691.5
268.53707 	3624255
269.33868 	3602817
270.14028 	3581377.9
270.94188 	3559938.2
271.74349 	3538498.1
272.54509 	3517058
273.34669 	3495618.2
274.1483 	3474178.6
274.9499 	3452739.3
274.95 	3452736.6
275.7515 	3431300.4
276.55311 	3409861.7
277.35471 	3388423.3
278.95792 	3345546.9
279.75952 	3324108.8
280.56112 	3302670.7
281.36273 	3281232.4
282.16433 	3259793.8
282.96593 	3238355
283.76754 	3216915.6
284.56914 	3195475.7
285.37074 	3174034.9
286.17234 	3152593.1
286.97395 	3131150
288.57715 	3088259.2
289.37876 	3066811
290.18036 	3045360.5
290.98196 	3023907.7
291.78357 	3002452.3
292.58517 	2980994.1
293.38677 	2959533.2
294.18838 	2938069.4
294.98998 	2916602.7
295.79158 	2895133.1
296.59319 	2873660.8
297.39479 	2852185.7
298.19639 	2830708.1
298.998 	2809228
299.7996 	2787745.7
300.6012 	2766261.3
301.40281 	2744775.2
302.20441 	2723287.5
303.00601 	2701798.7
303.80762 	2680308.9
304.60922 	2658818.5
306.21242 	2615837.1
307.01403 	2594346.7
307.81563 	2572856.7
308.61723 	2551367.4
309.41884 	2529878.9
310.22044 	2508391.5
311.02204 	2486905.3
311.82365 	2465420.4
312.62525 	2443936.9
313.42685 	2422455
314.22846 	2400974.8
315.03006 	2379496.2
315.83166 	2358019.5
316.63327 	2336544.5
317.43487 	2315071.1
318.23647 	2293599.4
319.03808 	2272129.1
319.83968 	2250660
320.64128 	2229192
321.44289 	2207724.7
322.24449 	2186257.9
323.04609 	2164791.4
323.8477 	2143324.9
324.6493 	2121858.2
325.4509 	2100391
326.25251 	2078923.2
327.05411 	2057454.6
327.85571 	2035985.1
328.65731 	2014514.5
329.45892 	1993042.7
330.26052 	1971569.7
331.06212 	1950095.4
331.86373 	1928619.6
332.66533 	1907142.3
333.46693 	1885663.5
334.26854 	1864183.1
335.07014 	1842701
335.87174 	1821217.4
336.67335 	1799732.1
337.47495 	1778245.1
338.27655 	1756756.4
339.07816 	1735266
339.87976 	1713773.9
340.68136 	1692280
341.48297 	1670784.4
342.28457 	1649286.9
343.08617 	1627787.5
343.88778 	1606286.3
344.68938 	1584783.1
345.49098 	1563277.9
346.29259 	1541770.8
347.09419 	1520261.6
347.89579 	1498750.5
348.69739 	1477237.5
349.499 	1455722.5
350.3006 	1434205.8
351.1022 	1412687.4
351.90381 	1391167.4
352.70541 	1369646
353.50701 	1348123.5
354.30862 	1326599.9
355.11022 	1305075.5
355.91182 	1283550.6
356.71343 	1262025.4
357.51503 	1240500.1
358.31663 	1218975
359.11824 	1197450.3
359.91984 	1175926.1
360.72144 	1154402.8
361.52305 	1132880.4
362.32465 	1111359.2
363.12625 	1089839.2
363.92786 	1068320.4
364.72946 	1046803.1
365.53106 	1025287.1
366.33267 	1003772.4
367.13427 	982259.13
367.93587 	960747.05
368.73747 	939236.13
369.53908 	917726.23
370.34068 	896217.21
371.14228 	874708.93
371.94389 	853201.21
372.74549 	831693.87
373.54709 	810186.73
374.3487 	788679.61
375.1503 	767172.33
375.9519 	745664.71
376.75351 	724156.61
377.55511 	702647.86
379.15832 	659627.93
379.95992 	638116.53
381.56313 	595090.43
382.36473 	573575.61
383.16633 	552059.57
383.96794 	530542.29
384.76954 	509023.75
385.57114 	487503.96
386.37275 	465982.95
387.17435 	444460.76
387.97595 	422937.42
388.77756 	401412.99
389.57916 	379887.54
390.38076 	358361.13
391.18236 	336833.86
391.98397 	315305.79
392.78557 	293777.02
393.58717 	272247.64
394.38878 	250717.72
395.19038 	229187.36
395.99198 	207656.63
396.79359 	186125.61
397.59519 	164594.37
399.1984 	121531.51
400 	100524.43
