0 	3836483.4
0.35183948 	3829075.7
0.70367896 	3821461.9
1.0555184 	3813842.8
1.4073579 	3806106.8
1.7591974 	3798281.8
2.1110369 	3790465.5
2.4628764 	3782648.5
2.8147158 	3774811.3
3.1665553 	3767100.7
3.5183948 	3759290.7
3.8702343 	3751475.1
4.2220737 	3743671.9
4.9257527 	3728210.3
5.6294317 	3712553.8
5.9812711 	3704787.5
6.3331106 	3696997
8.092308 	3657883.2
8.795987 	3643778.2
9.1478265 	3636926.3
10.203345 	3613518.6
10.907024 	3597732.2
11.258863 	3592455.3
11.610703 	3584981.4
11.962542 	3577159.7
12.666221 	3561522.3
13.018061 	3553703.7
13.3699 	3545885
13.72174 	3538066.4
14.777258 	3514610.5
15.480937 	3498973.2
15.832777 	3491154.5
16.536456 	3475517.1
17.591974 	3452060.7
18.647492 	3428604.2
19.351171 	3412966.4
19.703011 	3405147.5
20.05485 	3397328.5
20.40669 	3389509.6
20.758529 	3381690.6
21.462208 	3366052.6
22.165887 	3350414.6
22.869566 	3334776.6
23.573245 	3319138.7
23.925085 	3311319.8
24.276924 	3303500.9
24.628764 	3295682
25.332442 	3280044.5
25.684282 	3272225.8
26.387961 	3256588.6
26.7398 	3248770.1
27.09164 	3240951.6
27.443479 	3233133.3
27.795319 	3225314.9
28.147158 	3217496.7
28.850837 	3201860.2
29.202677 	3194041.9
29.554516 	3186223.5
29.906356 	3178405
30.258195 	3170586.3
30.610035 	3162767.3
30.961874 	3154947.9
31.665553 	3139307.9
32.017393 	3131487.1
32.369232 	3123665.9
32.721072 	3115844.2
33.072911 	3108022.3
33.424751 	3100200.5
33.77659 	3092379
34.128429 	3084558.2
34.480269 	3076738.4
34.832108 	3068919.7
35.183948 	3061099.1
35.535787 	3053250
35.887627 	3045473.9
36.239466 	3040518.6
36.591306 	3039868.8
37.294985 	3039776.2
37.646824 	3039743.2
37.998664 	3039710.1
38.702343 	3039643.7
39.406022 	3039576.8
39.757861 	3039543.1
41.165219 	3039406.6
41.517059 	3039372.1
41.868898 	3039337.1
42.220737 	3039301
42.924416 	3039227.2
43.276256 	3039164.4
43.628095 	3038347.1
43.979935 	3032560
44.683614 	3017011.6
45.035453 	3009171.4
45.387293 	3001330.6
46.090972 	2985647.1
46.442811 	2977804.8
47.14649 	2962119.8
47.49833 	2954277.3
48.202009 	2938592.5
48.553848 	2930750.4
49.257527 	2915066.6
49.609367 	2907224.9
49.961206 	2899383.5
50.313045 	2891542.1
50.664885 	2883700.9
51.016724 	2875859.7
51.720403 	2860177.5
52.072243 	2852336.4
52.424082 	2844495.3
52.775922 	2836654.1
53.127761 	2828812.9
54.18328 	2805288.9
54.535119 	2797447.5
54.886959 	2789605.9
55.238798 	2781764.3
55.590638 	2773922.6
55.942477 	2766080.8
56.997996 	2742555
57.349835 	2734713
57.701675 	2726870.9
58.053514 	2719028.7
58.405354 	2711186.5
58.757193 	2703344.3
59.109032 	2695502.1
59.460872 	2687659.8
60.164551 	2671975.1
60.51639 	2664132.8
60.86823 	2656290.5
61.220069 	2648448.1
61.571909 	2640605.7
61.923748 	2632763.3
62.275588 	2624921
62.627427 	2617078.6
62.979267 	2609236.2
63.331106 	2601393.8
63.682946 	2593551.5
64.034785 	2585709.1
64.386625 	2577866.7
64.738464 	2570024.4
65.442143 	2554339.7
65.793983 	2546497.3
66.497662 	2530812.7
67.55318 	2507285.7
68.256859 	2491601
68.608698 	2483758.7
69.312377 	2468074.1
70.016056 	2452389.5
70.367896 	2444547.2
70.719735 	2436704.9
71.071575 	2428862.5
71.423414 	2421020.2
72.830772 	2389651
73.182612 	2381808.6
73.534451 	2373966.3
73.886291 	2366124
74.941809 	2342596.9
75.293648 	2334754.6
75.645488 	2326912.2
75.997327 	2319069.9
77.052846 	2295542.7
77.404685 	2287700.3
77.756525 	2279858
78.460204 	2264173.2
78.812043 	2256330.8
79.163883 	2248488.3
80.219401 	2224961.1
81.27492 	2201433.8
81.626759 	2193591.3
81.978599 	2185748.9
82.330438 	2177906.4
82.682278 	2170063.9
83.034117 	2162221.5
83.385957 	2154379
83.737796 	2146536.5
84.089635 	2138694
84.441475 	2130851.6
85.496993 	2107324.1
86.552512 	2083796.6
86.904351 	2075954.1
89.015388 	2028899.1
89.367228 	2021056.6
90.070907 	2005371.7
90.422746 	1997529.2
90.774586 	1989686.7
91.126425 	1981844.3
91.478265 	1974001.8
91.830104 	1966159.4
92.533783 	1950474.5
93.237462 	1934789.7
93.589301 	1926947.4
93.941141 	1919105
94.29298 	1911262.6
96.052178 	1872051.1
96.404017 	1864208.9
96.755857 	1856366.6
97.459536 	1840682.2
97.811375 	1832840
98.163215 	1824997.9
98.515054 	1817155.8
99.922412 	1785787.4
100.27425 	1777945.4
100.62609 	1770103.4
101.32977 	1754419.5
102.03345 	1738735.7
102.38529 	1730893.8
103.79265 	1699526.5
104.14449 	1691684.7
104.49633 	1683842.9
105.2 	1668159.5
105.90368 	1652476.2
106.25552 	1644634.5
106.60736 	1636792.9
108.01472 	1605426.6
108.36656 	1597585.1
108.7184 	1589743.6
109.07024 	1581902.1
109.77392 	1566219.1
110.12576 	1558377.7
110.82944 	1542694.8
111.18128 	1534853.4
111.53311 	1527012
111.88495 	1519170.7
112.58863 	1503487.9
112.94047 	1495646.6
113.29231 	1487805.2
113.64415 	1479963.9
113.99599 	1472122.6
114.34783 	1464281.3
114.69967 	1456440
115.05151 	1448598.7
115.40335 	1440757.4
115.75519 	1432916.1
116.45887 	1417233.5
116.81071 	1409392.2
117.16255 	1401550.9
117.51439 	1393709.7
118.21806 	1378027.1
118.5699 	1370185.8
118.92174 	1362344.5
119.27358 	1354503.3
119.62542 	1346662
119.97726 	1338820.7
120.3291 	1330979.4
120.68094 	1323138.1
121.03278 	1315296.9
121.38462 	1307455.6
121.73646 	1299614.3
122.0883 	1291773
122.79198 	1276090.4
123.14382 	1268249.1
123.49566 	1260407.8
123.8475 	1252566.4
124.19934 	1244725.1
124.55118 	1236883.8
124.90302 	1229042.4
125.25485 	1221201.1
125.60669 	1213359.8
126.66221 	1189835.7
127.01405 	1181994.3
127.36589 	1174153
127.71773 	1166311.6
128.06957 	1158470.2
128.42141 	1150628.8
128.77325 	1142787.4
129.12509 	1134946
129.47693 	1127104.6
130.18061 	1111421.8
130.53245 	1103580.4
130.88429 	1095739
131.23613 	1087897.6
132.29164 	1064373.3
132.64348 	1056531.9
132.99532 	1048690.4
133.699 	1033007.5
134.05084 	1025166.1
134.40268 	1017324.6
134.75452 	1009483.2
135.4582 	993800.29
135.81004 	985958.84
136.16188 	978117.4
136.51372 	970275.95
136.86556 	962434.52
137.56924 	946751.65
137.92108 	938910.22
138.27292 	931068.8
138.97659 	915385.98
139.68027 	899703.19
140.03211 	891861.8
140.38395 	884020.43
140.73579 	876179.06
141.08763 	868337.7
141.43947 	860496.36
141.79131 	852655.03
142.14315 	844813.7
142.49499 	836972.39
142.84683 	829131.1
144.25419 	797766.05
145.3097 	774242.42
145.66154 	766401.24
146.01338 	758560.08
146.36522 	750718.94
146.71706 	742877.82
147.0689 	735036.71
147.42074 	727195.63
148.12442 	711513.51
148.8281 	695831.48
149.17994 	687990.49
149.88362 	672308.58
150.23546 	664467.66
150.5873 	656626.76
151.29098 	640945.02
151.99465 	625263.38
152.69833 	609581.83
153.05017 	601741.09
153.40201 	593900.37
153.75385 	586059.68
154.45753 	570378.37
154.80937 	562537.75
155.16121 	554697.15
155.51305 	546856.58
155.86489 	539016.04
156.21673 	531175.52
156.56857 	523335.02
157.62409 	499813.69
157.97593 	491973.29
158.32777 	484132.92
158.67961 	476292.58
159.03144 	468452.26
159.38328 	460611.96
159.73512 	452771.69
160.08696 	444931.45
160.4388 	437091.23
160.79064 	429251.03
161.14248 	421410.86
161.49432 	413570.71
161.84616 	405730.59
162.90168 	382210.36
163.25352 	374370.33
163.9572 	358690.33
164.30904 	350850.37
164.66088 	343010.43
165.01272 	335170.51
165.71639 	319490.74
166.06823 	311650.88
167.12375 	288131.44
167.47559 	280291.66
167.82743 	272451.9
168.17927 	264612.16
168.53111 	256772.44
169.23479 	241093.05
169.58663 	233253.38
169.93847 	225413.73
170.64215 	209734.47
170.99399 	201894.86
171.34583 	194055.27
171.69767 	186215.69
172.04951 	178376.12
172.40134 	170536.57
172.75318 	162697.03
173.10502 	154857.5
174.16054 	131338.98
174.51238 	123499.49
174.86422 	115659.99
