0 	3836473.8
0.35183948 	3828883.8
0.70367896 	3820906.9
1.0555184 	3812910.4
1.4073579 	3804967.9
1.7591974 	3796989.3
2.1110369 	3789009.7
2.4628764 	3781029.8
2.8147158 	3773050
3.1665553 	3765036.8
3.5183948 	3757127.3
3.8702343 	3749162.3
4.2220737 	3741191.5
4.9257527 	3725266
5.6294317 	3709310.1
5.9812711 	3701521.3
6.3331106 	3693594.9
8.092308 	3653692.6
8.795987 	3637726.8
9.1478265 	3629750.5
10.203345 	3605803.7
10.907024 	3589821.3
11.258863 	3582080.6
11.610703 	3574115.3
11.962542 	3566126.8
12.666221 	3550184.3
13.018061 	3542198.5
13.3699 	3534212.6
13.72174 	3526226.8
14.777258 	3502269.3
15.480937 	3486297.6
15.832777 	3478311.6
16.536456 	3462339.8
17.591974 	3438381.9
18.647492 	3414423.8
19.351171 	3398451.6
19.703011 	3390465.6
20.05485 	3382479.5
20.40669 	3374493.4
20.758529 	3366491.7
21.462208 	3353550.1
22.165887 	3337924.9
22.869566 	3321925.7
23.573245 	3308786.5
23.925085 	3300854.3
24.276924 	3292871.5
24.628764 	3284889.1
25.332442 	3268924.2
25.684282 	3260941.8
26.387961 	3244976.9
26.7398 	3236994.5
27.09164 	3229012
27.443479 	3221029.6
27.795319 	3213047.1
28.147158 	3205064.6
28.850837 	3189099.6
29.202677 	3181117.1
29.554516 	3173134.5
29.906356 	3165152
30.258195 	3157169.4
30.610035 	3149186.8
30.961874 	3141204.2
31.665553 	3125238.8
32.017393 	3117256.1
32.369232 	3109273.4
32.721072 	3101290.6
33.072911 	3093307.8
33.424751 	3085324.9
33.77659 	3077342
34.128429 	3069359
34.480269 	3061376
34.832108 	3053393
35.183948 	3045409.9
35.535787 	3037426.7
35.887627 	3029443.5
36.239466 	3021460.2
36.591306 	3013476.8
37.294985 	2997509.9
37.646824 	2989526.4
37.998664 	2981542.7
38.702343 	2965575.3
39.406022 	2949607.5
39.757861 	2941623.5
41.165219 	2909686.7
41.517059 	2901702.3
41.868898 	2893717.7
42.220737 	2885733.1
42.924416 	2869763.6
43.276256 	2861778.7
43.628095 	2853793.7
43.979935 	2845808.6
44.683614 	2829838
45.035453 	2821852.6
45.387293 	2813867
46.090972 	2797895.5
46.442811 	2789909.6
47.14649 	2773937.4
47.49833 	2765951.2
48.202009 	2749978.3
48.553848 	2741991.6
49.257527 	2726017.9
49.609367 	2718030.9
49.961206 	2710043.7
50.313045 	2702056.4
50.664885 	2694069
51.016724 	2686081.5
51.720403 	2670106.1
52.072243 	2662118.2
52.424082 	2654130.2
52.775922 	2646142
53.127761 	2638153.8
54.18328 	2614188.5
54.535119 	2606199.9
54.886959 	2598211.2
55.238798 	2590222.4
55.590638 	2582233.6
55.942477 	2574244.7
56.997996 	2550277.8
57.349835 	2542288.8
57.701675 	2534299.7
58.053514 	2526310.7
58.405354 	2518321.7
58.757193 	2510332.7
59.109032 	2502343.8
59.460872 	2494354.9
60.164551 	2478377.3
60.51639 	2470388.6
60.86823 	2462400
61.220069 	2454411.5
61.571909 	2446423.1
61.923748 	2438434.9
62.275588 	2430446.8
62.627427 	2422458.8
62.979267 	2414471
63.331106 	2406483.3
63.682946 	2398495.8
64.034785 	2390508.4
64.386625 	2382521.2
64.738464 	2374534.1
65.442143 	2358560.5
65.793983 	2350573.9
66.497662 	2334601.2
67.55318 	2310643
68.256859 	2294671.4
68.608698 	2286685.6
69.312377 	2270714.2
70.016056 	2254742.9
70.367896 	2246757.1
70.719735 	2238771.3
71.071575 	2230785.4
71.423414 	2222799.4
72.830772 	2190853.9
73.182612 	2182867.1
73.534451 	2174880
73.886291 	2166892.7
74.941809 	2142929.5
75.293648 	2134941.3
75.645488 	2126952.9
75.997327 	2118964.2
77.052846 	2094997.2
77.404685 	2087007.9
77.756525 	2079018.5
78.460204 	2063039.6
78.812043 	2055050.1
79.163883 	2047060.8
80.219401 	2023093.3
81.27492 	1999126.4
81.626759 	1991133.7
81.978599 	1983109.1
82.330438 	1974959.7
82.682278 	1968045.3
83.034117 	1965561
83.385957 	1965379.5
83.737796 	1965358.8
84.089635 	1965339.1
84.441475 	1965319.4
85.496993 	1965279.1
86.552512 	1965207.2
86.904351 	1965180.2
89.015388 	1965057.5
89.367228 	1965036.7
90.070907 	1965001.7
90.422746 	1964984.8
90.774586 	1964966.6
91.126425 	1964946.5
91.478265 	1964927.9
91.830104 	1964912.9
92.533783 	1964875.2
93.237462 	1964806.2
93.589301 	1964751.6
93.941141 	1964710.1
94.29298 	1962783.8
96.052178 	1923824.9
96.404017 	1915763.1
96.755857 	1907701.1
97.459536 	1891576.8
97.811375 	1883514.4
98.163215 	1875451.8
98.515054 	1867389.1
99.922412 	1835137
100.27425 	1827073.7
100.62609 	1819010.2
101.32977 	1802883.1
102.03345 	1786755.4
102.38529 	1778691.4
103.79265 	1746434
104.14449 	1738369.3
104.49633 	1730304.5
105.2 	1714174.4
105.90368 	1698043.7
106.25552 	1689978.1
106.60736 	1681912.4
108.01472 	1649648.1
108.36656 	1641581.7
108.7184 	1633515.1
109.07024 	1625448.4
109.77392 	1609314.5
110.12576 	1601247.3
110.82944 	1585112.4
111.18128 	1577044.7
111.53311 	1568976.9
111.88495 	1560908.8
112.58863 	1544772.2
112.94047 	1536703.6
113.29231 	1528634.8
113.64415 	1520565.8
113.99599 	1512496.6
114.34783 	1504427.1
114.69967 	1496357.5
115.05151 	1488287.6
115.40335 	1480217.6
115.75519 	1472147.3
116.45887 	1456006
116.81071 	1447935
117.16255 	1439863.8
117.51439 	1431792.3
118.21806 	1415648.7
118.5699 	1407576.6
118.92174 	1399504.2
119.27358 	1391431.6
119.62542 	1383358.8
119.97726 	1375285.7
120.3291 	1367212.5
120.68094 	1359139
121.03278 	1351065.3
121.38462 	1342991.4
121.73646 	1334917.2
122.0883 	1326842.9
122.79198 	1310693.7
123.14382 	1302618.8
123.49566 	1294543.7
123.8475 	1286468.4
124.19934 	1278393
124.55118 	1270317.4
124.90302 	1262241.6
125.25485 	1254165.7
125.60669 	1246089.6
126.66221 	1221860.5
127.01405 	1213783.8
127.36589 	1205707.1
127.71773 	1197630.2
128.06957 	1189553.2
128.42141 	1181476.1
128.77325 	1173398.9
129.12509 	1165321.6
129.47693 	1157244.2
130.18061 	1141089.2
130.53245 	1133011.6
130.88429 	1124934
131.23613 	1116856.2
132.29164 	1092622.8
132.64348 	1084544.9
132.99532 	1076467
133.699 	1060311.1
134.05084 	1052233.2
134.40268 	1044155.3
134.75452 	1036077.3
135.4582 	1019921.6
135.81004 	1011843.7
136.16188 	1003765.9
136.51372 	995688.2
136.86556 	987610.51
137.56924 	971455.32
137.92108 	963377.84
138.27292 	955300.44
138.97659 	939145.91
139.68027 	922991.8
140.03211 	914914.9
140.38395 	906838.13
140.73579 	898761.49
141.08763 	890684.98
141.43947 	882608.6
141.79131 	874532.36
142.14315 	866456.27
142.49499 	858380.34
142.84683 	850304.55
144.25419 	818003.06
145.3097 	793778.77
145.66154 	785704.37
146.01338 	777630.15
146.36522 	769556.13
146.71706 	761482.3
147.0689 	753408.66
147.42074 	745335.21
148.12442 	729188.92
148.8281 	713043.42
149.17994 	704970.97
149.88362 	688826.69
150.23546 	680754.85
150.5873 	672683.22
151.29098 	656540.56
151.99465 	640398.72
152.69833 	624257.69
153.05017 	616187.48
153.40201 	608117.47
153.75385 	600047.66
154.45753 	583908.62
154.80937 	575839.4
155.16121 	567770.37
155.51305 	559701.53
155.86489 	551632.88
156.21673 	543564.42
156.56857 	535496.15
157.62409 	511292.41
157.97593 	503224.85
158.32777 	495157.47
158.67961 	487090.26
159.03144 	479023.21
159.38328 	470956.33
159.73512 	462889.61
160.08696 	454823.05
160.4388 	446756.65
160.79064 	438690.4
161.14248 	430624.29
161.49432 	422558.34
161.84616 	414492.52
162.90168 	390295.9
163.25352 	382230.63
163.9572 	366100.44
164.30904 	358035.53
164.66088 	349970.73
165.01272 	341906.05
165.71639 	325777
166.06823 	317712.62
167.12375 	293520.07
167.47559 	285456.06
167.82743 	277392.14
168.17927 	269328.29
168.53111 	261264.53
169.23479 	245137.2
169.58663 	237073.64
169.93847 	229010.15
170.64215 	212883.32
170.99399 	204819.99
171.34583 	196756.71
171.69767 	188693.48
172.04951 	180630.28
172.40134 	172567.13
172.75318 	164504.01
173.10502 	156440.93
174.16054 	132251.84
174.51238 	124188.86
174.86422 	116125.89
