0 	7660230.9
6.4128257 	7527285.1
34.468938 	6998422.8
37.675351 	6926174.5
40.881764 	6847702.2
50.501002 	6755893.2
53.707415 	6755689.1
62.52505 	6629196.2
65.731463 	6549033.5
68.937876 	6477168.2
69.739479 	6456975.6
96.993988 	6035995.8
103.40681 	5924781
106.61323 	5842073.7
116.23246 	5597556.5
123.44689 	5411663.8
125.05 	5375478.3
125.8517 	5355361.7
128.25651 	5294586.3
131.46293 	5221929.3
151.50301 	4812289.2
153.90782 	4745635.3
156.31263 	4679135.8
159.51904 	4594035.5
166.73347 	4402511.6
169.13828 	4338797.2
175.5511 	4186546.1
176.35271 	4178060.7
187.57515 	4078826.5
190.78156 	4078240.5
200.4008 	4075537.5
201.2024 	4075415.3
202.00401 	4075300.5
202.80561 	4075147.2
203.60721 	4074988.6
204.40882 	4074840.1
205.21042 	4074695.4
206.01202 	4074566.2
206.81363 	4074430.5
207.61523 	4074266.7
208.41683 	4074153.4
209.21844 	4074164
210.02004 	4074259.8
210.82164 	4074364.1
211.62325 	4074400.4
212.42485 	4074380.9
213.22645 	4074389.8
214.02806 	4074424.3
214.82966 	4074408.2
215.63126 	4074425
216.43287 	4074500.9
217.23447 	4074504.3
218.03607 	4074490.6
219.63928 	4074637.9
220.44088 	4074761.9
221.24248 	4074853.3
222.04409 	4074951.1
222.84569 	4075103.2
223.64729 	4075197.9
224.4489 	4075203.4
225.2505 	4075213.7
226.0521 	4075278.2
227.65531 	4075569.7
228.45691 	4075665.6
229.25852 	4075693.5
230.86172 	4075658.9
231.66333 	4075652.7
232.46493 	4075748.5
234.06814 	4076101.3
234.86974 	4076294.5
235.67134 	4076461.8
236.47295 	4076603.6
237.27455 	4076774.7
238.07615 	4076976.3
238.87776 	4077176.7
239.67936 	4077303.4
240.48096 	4077389.4
241.28257 	4077411.9
242.08417 	4077324.1
242.88577 	4077161.1
243.68737 	4076914.8
244.48898 	4076620.4
245.29058 	4076344.1
246.09218 	4076096.2
246.89379 	4075884.9
247.69539 	4075707.5
248.49699 	4075542.8
249.2986 	4075397
250.1002 	4075204.9
250.9018 	4074956
251.70341 	4074699.8
252.50501 	4074457.1
253.30661 	4074188.3
254.10822 	4073870.5
254.90982 	4073490.5
255.71142 	4073086
256.51303 	4072705.9
257.31463 	4072362.2
258.11623 	4072059.2
258.91784 	4071774.6
259.71944 	4071490.3
260.52104 	4071222.4
261.32265 	4070978.9
262.12425 	4070741.6
262.92585 	4070514.2
263.72745 	4070297.2
264.52906 	4070070.1
265.33066 	4069880.3
266.13226 	4069724.1
266.93387 	4069578.8
267.73547 	4069463.1
268.53707 	4069368
269.33868 	4069249.7
270.14028 	4069127
270.94188 	4069007.8
271.74349 	4068905.5
272.54509 	4068846.9
273.34669 	4068755.9
274.1483 	4068577.3
274.9499 	4068301.2
274.95 	4068301.1
275.7515 	4067689.9
276.55311 	4066338.6
277.35471 	4063356.4
278.95792 	4044313.3
279.75952 	4023830.9
280.56112 	3998661.9
281.36273 	3972431.2
282.16433 	3946209.2
282.96593 	3920036.4
283.76754 	3893882.3
284.56914 	3867732.5
285.37074 	3841579.5
286.17234 	3815421.4
286.97395 	3789259.1
288.57715 	3736928.4
289.37876 	3710763.2
290.18036 	3684599.6
290.98196 	3658438.7
291.78357 	3632282.2
292.58517 	3606131.5
293.38677 	3579984.4
294.18838 	3553833.4
294.98998 	3527669.3
295.79158 	3501489.1
296.59319 	3475302
297.39479 	3449125.7
298.19639 	3422975
298.998 	3396850.7
299.7996 	3370736.9
300.6012 	3344611.5
301.40281 	3318458.9
302.20441 	3292278.2
303.00601 	3266080
303.80762 	3239878.8
304.60922 	3213684.7
306.21242 	3161327.8
307.01403 	3135162.6
307.81563 	3109005.9
308.61723 	3082859.3
309.41884 	3056725.2
310.22044 	3030603.9
311.02204 	3004493.9
311.82365 	2978391.7
312.62525 	2952293.4
313.42685 	2926196.1
314.22846 	2900098.1
315.03006 	2873998.5
315.83166 	2847896.9
316.63327 	2821793.1
317.43487 	2795686.6
318.23647 	2769576.9
319.03808 	2743464
319.83968 	2717348.2
320.64128 	2691230
321.44289 	2665109.9
322.24449 	2638988.7
323.04609 	2612866.7
323.8477 	2586744.2
324.6493 	2560621.1
325.4509 	2534497.4
326.25251 	2508372.8
327.05411 	2482247.1
327.85571 	2456120.1
328.65731 	2429991.9
329.45892 	2403862.3
330.26052 	2377731.4
331.06212 	2351598.9
331.86373 	2325465
332.66533 	2299329.5
333.46693 	2273192.4
334.26854 	2247053.7
335.07014 	2220913.6
335.87174 	2194772.3
336.67335 	2168629.9
337.47495 	2142486.6
338.27655 	2116342.7
339.07816 	2090198.1
339.87976 	2064053
340.68136 	2037907.4
341.48297 	2011761.3
342.28457 	1985614.5
343.08617 	1959467.1
343.88778 	1933319
344.68938 	1907170.1
345.49098 	1881020.6
346.29259 	1854870.4
347.09419 	1828719.6
347.89579 	1802568.3
348.69739 	1776416.5
349.499 	1750264.1
350.3006 	1724111.2
351.1022 	1697957.7
351.90381 	1671803.6
352.70541 	1645648.5
353.50701 	1619492.3
354.30862 	1593334.9
355.11022 	1567175.8
355.91182 	1541014.7
356.71343 	1514851.5
357.51503 	1488685.6
358.31663 	1462516.9
359.11824 	1436345.1
359.91984 	1410170
360.72144 	1383991.4
361.52305 	1357809.2
362.32465 	1331623.6
363.12625 	1305434.4
363.92786 	1279241.9
364.72946 	1253046.1
365.53106 	1226847.1
366.33267 	1200645.2
367.13427 	1174440.6
367.93587 	1148233.4
368.73747 	1122024
369.53908 	1095812.7
370.34068 	1069599.8
371.14228 	1043385.8
371.94389 	1017171.1
372.74549 	990956.2
373.54709 	964741.54
374.3487 	938527.51
375.1503 	912314.48
375.9519 	886102.69
376.75351 	859892.34
377.55511 	833683.54
379.15832 	781270.64
379.95992 	755066.44
381.56313 	702661.95
382.36473 	676461.34
383.16633 	650261.57
383.96794 	624062.44
384.76954 	597863.74
385.57114 	571665.26
386.37275 	545466.79
387.17435 	519268.12
387.97595 	493069.08
388.77756 	466869.51
389.57916 	440669.27
390.38076 	414468.25
391.18236 	388266.4
391.98397 	362063.69
392.78557 	335860.1
393.58717 	309655.69
394.38878 	283450.49
395.19038 	257244.6
395.99198 	231038.08
396.79359 	204831.06
397.59519 	178623.63
399.1984 	126208
400 	100638.33
