0 	9895493.6
6.4128257 	9788238.2
34.468938 	9097273.7
37.675351 	9018314.9
40.881764 	8939356.6
50.501002 	8702484.9
53.707415 	8623528.9
62.52505 	8406404.5
65.731463 	8327452
68.937876 	8248500.4
69.739479 	8228762.7
96.993988 	7557719.7
103.40681 	7399834.1
106.61323 	7320891.4
116.23246 	7084064.5
123.44689 	6906447.3
125.05 	6866979.8
125.8517 	6847242.4
128.25651 	6788037.9
131.46293 	6709099.4
151.50301 	6215747.6
153.90782 	6156546.3
156.31263 	6097345
159.51904 	6018409.9
166.73347 	5840805.5
169.13828 	5781603.8
175.5511 	5623731.3
176.35271 	5603997.1
187.57515 	5327714.7
190.78156 	5248775.6
200.4008 	5011955
201.2024 	4992219.8
202.00401 	4972484.6
202.80561 	4952749.4
203.60721 	4933014.1
204.40882 	4913278.8
205.21042 	4893543.5
206.01202 	4873808.2
206.81363 	4854072.9
207.61523 	4834337.6
208.41683 	4814602.3
209.21844 	4794867
210.02004 	4775131.7
210.82164 	4755396.4
211.62325 	4735661.1
212.42485 	4715925.8
213.22645 	4696190.5
214.02806 	4676455.3
214.82966 	4656720
215.63126 	4636984.8
216.43287 	4617249.6
217.23447 	4597514.5
218.03607 	4577779.3
219.63928 	4538309.1
220.44088 	4518574.1
221.24248 	4498839.1
222.04409 	4479104.2
222.84569 	4459369.3
223.64729 	4439634.5
224.4489 	4419899.7
225.2505 	4400165
226.0521 	4380430.4
227.65531 	4340961.3
228.45691 	4321226.9
229.25852 	4301492.6
230.86172 	4262024.2
231.66333 	4242290.2
232.46493 	4222556.2
234.06814 	4183088.6
234.86974 	4163355
235.67134 	4143621.5
236.47295 	4123888.1
237.27455 	4104154.8
238.07615 	4084421.7
238.87776 	4064688.7
239.67936 	4044955.8
240.48096 	4025223.1
241.28257 	4005490.5
242.08417 	3985758
242.88577 	3966025.7
243.68737 	3946293.5
244.48898 	3926561.5
245.29058 	3906829.7
246.09218 	3887098
246.89379 	3867366.4
247.69539 	3847635
248.49699 	3827903.8
249.2986 	3808172.7
250.1002 	3788441.8
250.9018 	3768711
251.70341 	3748980.4
252.50501 	3729250
253.30661 	3709519.7
254.10822 	3689789.6
254.90982 	3670059.6
255.71142 	3650329.8
256.51303 	3630600.2
257.31463 	3610870.7
258.11623 	3591141.4
258.91784 	3571412.2
259.71944 	3551683.2
260.52104 	3531954.3
261.32265 	3512225.6
262.12425 	3492497
262.92585 	3472768.6
263.72745 	3453040.4
264.52906 	3433312.2
265.33066 	3413584.2
266.13226 	3393856.4
266.93387 	3374128.6
267.73547 	3354401
268.53707 	3334673.5
269.33868 	3314946.2
270.14028 	3295219
270.94188 	3275491.8
271.74349 	3255764.8
272.54509 	3236037.9
273.34669 	3216311.2
274.1483 	3196584.5
274.9499 	3176857.9
274.95 	3176855.4
275.7515 	3157131.4
276.55311 	3137405
277.35471 	3117678.7
278.95792 	3078226.4
279.75952 	3058500.4
280.56112 	3038774.4
281.36273 	3019048.5
282.16433 	2999322.7
282.96593 	2979596.9
283.76754 	2959871.2
284.56914 	2940145.6
285.37074 	2920420.1
286.17234 	2900694.6
286.97395 	2880969.1
288.57715 	2841518.4
289.37876 	2821793.1
290.18036 	2802067.9
290.98196 	2782342.7
291.78357 	2762617.5
292.58517 	2742892.4
293.38677 	2723167.4
294.18838 	2703442.3
294.98998 	2683717.4
295.79158 	2663992.4
296.59319 	2644267.5
297.39479 	2624542.6
298.19639 	2604817.8
298.998 	2585092.9
299.7996 	2565368.2
300.6012 	2545643.4
301.40281 	2525918.7
302.20441 	2506194
303.00601 	2486469.3
303.80762 	2466744.7
304.60922 	2447020.1
306.21242 	2407571
307.01403 	2387846.4
307.81563 	2368121.9
308.61723 	2348397.5
309.41884 	2328673
310.22044 	2308948.6
311.02204 	2289224.2
311.82365 	2269499.9
312.62525 	2249775.5
313.42685 	2230051.2
314.22846 	2210327
315.03006 	2190602.7
315.83166 	2170878.5
316.63327 	2151154.3
317.43487 	2131430.2
318.23647 	2111706
319.03808 	2091981.9
319.83968 	2072257.9
320.64128 	2052533.8
321.44289 	2032809.8
322.24449 	2013085.8
323.04609 	1993361.9
323.8477 	1973637.9
324.6493 	1953914
325.4509 	1934190.2
326.25251 	1914466.3
327.05411 	1894742.5
327.85571 	1875018.7
328.65731 	1855295
329.45892 	1835571.3
330.26052 	1815847.6
331.06212 	1796123.9
331.86373 	1776400.3
332.66533 	1756676.7
333.46693 	1736953.1
334.26854 	1717229.6
335.07014 	1697506
335.87174 	1677782.6
336.67335 	1658059.1
337.47495 	1638335.7
338.27655 	1618612.3
339.07816 	1598888.9
339.87976 	1579165.5
340.68136 	1559442.2
341.48297 	1539718.9
342.28457 	1519995.6
343.08617 	1500272.4
343.88778 	1480549.2
344.68938 	1460826
345.49098 	1441102.8
346.29259 	1421379.7
347.09419 	1401656.6
347.89579 	1381933.5
348.69739 	1362210.5
349.499 	1342487.4
350.3006 	1322764.4
351.1022 	1303041.5
351.90381 	1283318.5
352.70541 	1263595.6
353.50701 	1243872.7
354.30862 	1224149.8
355.11022 	1204427
355.91182 	1184704.2
356.71343 	1164981.4
357.51503 	1145258.6
358.31663 	1125535.9
359.11824 	1105813.2
359.91984 	1086090.5
360.72144 	1066367.9
361.52305 	1046645.3
362.32465 	1026922.7
363.12625 	1007200.2
363.92786 	987477.63
364.72946 	967755.13
365.53106 	948032.67
366.33267 	928310.24
367.13427 	908587.83
367.93587 	888865.46
368.73747 	869143.13
369.53908 	849420.82
370.34068 	829698.55
371.14228 	809976.31
371.94389 	790254.1
372.74549 	770531.93
373.54709 	750809.79
374.3487 	731087.68
375.1503 	711365.61
375.9519 	691643.57
376.75351 	671921.57
377.55511 	652199.61
379.15832 	612755.79
379.95992 	593033.93
381.56313 	553590.33
382.36473 	533868.59
383.16633 	514146.88
383.96794 	494425.21
384.76954 	474703.58
385.57114 	454981.99
386.37275 	435260.43
387.17435 	415538.92
387.97595 	395817.44
388.77756 	376096
389.57916 	356374.6
390.38076 	336653.24
391.18236 	316931.92
391.98397 	297210.64
392.78557 	277489.4
393.58717 	257768.19
394.38878 	238047.03
395.19038 	218325.91
395.99198 	198604.82
396.79359 	178883.78
397.59519 	159162.77
399.1984 	119720.89
400 	100480.33
