0 	7426042.6
6.4128257 	7321022.9
34.468938 	6713354.7
37.675351 	6709301.2
40.881764 	6700016.1
50.501002 	6546591.9
53.707415 	6469520.5
62.52505 	6258610.8
65.731463 	6180188.2
68.937876 	6101697.7
69.739479 	6089579.8
96.993988 	5657589.4
103.40681 	5487205.5
106.61323 	5453597.4
116.23246 	5411794.8
123.44689 	5313410.7
125.05 	5271869.9
125.8517 	5252298.6
128.25651 	5191317.2
131.46293 	5112029
151.50301 	4659426.7
153.90782 	4598728.7
156.31263 	4579496.5
159.51904 	4557465.5
166.73347 	4413187
169.13828 	4351972.5
175.5511 	4168375.7
176.35271 	4152002.5
187.57515 	3864042.3
190.78156 	3762947.6
200.4008 	3607682.9
201.2024 	3607230.1
202.00401 	3606813.5
202.80561 	3606427.6
203.60721 	3606083.3
204.40882 	3605795.8
205.21042 	3605582.1
206.01202 	3605430.5
206.81363 	3605284.7
207.61523 	3605114.8
208.41683 	3604966.4
209.21844 	3604819.8
210.02004 	3604658.7
210.82164 	3604589.8
211.62325 	3604598.3
212.42485 	3604678.3
213.22645 	3604882.5
214.02806 	3605130.8
214.82966 	3605346.5
215.63126 	3605476
216.43287 	3605506.5
217.23447 	3605538.7
218.03607 	3605579.7
219.63928 	3605528.6
220.44088 	3605511.3
221.24248 	3605605.7
222.04409 	3605852.3
222.84569 	3606173.4
223.64729 	3606521
224.4489 	3606861.8
225.2505 	3607153.5
226.0521 	3607362.5
227.65531 	3607654.6
228.45691 	3607831.3
229.25852 	3608021.7
230.86172 	3608267.2
231.66333 	3608212.3
232.46493 	3608066
234.06814 	3607670.1
234.86974 	3607448.5
235.67134 	3607278.3
236.47295 	3607145.5
237.27455 	3607029.1
238.07615 	3606906.3
238.87776 	3606735.9
239.67936 	3606485.9
240.48096 	3606168.4
241.28257 	3605811.8
242.08417 	3605460.3
242.88577 	3605137.7
243.68737 	3604893.2
244.48898 	3604734.6
245.29058 	3604630.6
246.09218 	3604548.9
246.89379 	3604506
247.69539 	3604529.6
248.49699 	3604609.5
249.2986 	3604707.9
250.1002 	3604791.7
250.9018 	3604852
251.70341 	3604904.9
252.50501 	3604982.7
253.30661 	3605107.9
254.10822 	3605274
254.90982 	3605443.7
255.71142 	3605614.9
256.51303 	3605786
257.31463 	3605938.4
258.11623 	3606083.9
258.91784 	3606218.2
259.71944 	3606337.4
260.52104 	3606472.6
261.32265 	3606666.4
262.12425 	3607029.5
262.92585 	3607722.7
263.72745 	3608414
264.52906 	3608817.6
265.33066 	3609051.8
266.13226 	3609190.7
266.93387 	3609238.8
267.73547 	3609196.3
268.53707 	3609049.4
269.33868 	3608793.6
270.14028 	3608447.7
270.94188 	3608022.7
271.74349 	3607559.8
272.54509 	3607087.9
273.34669 	3606648
274.1483 	3606251.7
274.9499 	3605897.3
274.95 	3605897.3
275.7515 	3605576.3
276.55311 	3605273.9
277.35471 	3604982.2
278.95792 	3604490.2
279.75952 	3604225.4
280.56112 	3603917.6
281.36273 	3603557.2
282.16433 	3603166
282.96593 	3602747.8
283.76754 	3602292.3
284.56914 	3601799.8
285.37074 	3601266.1
286.17234 	3600704.1
286.97395 	3600142.6
288.57715 	3599073.2
289.37876 	3598587.1
290.18036 	3598144.6
290.98196 	3597706.2
291.78357 	3597257.2
292.58517 	3596784.9
293.38677 	3596315.9
294.18838 	3595842
294.98998 	3595351
295.79158 	3594871.2
296.59319 	3594419.9
297.39479 	3594051.1
298.19639 	3593716.6
298.998 	3593320.6
299.7996 	3592696.2
300.6012 	3591673.1
301.40281 	3590211.7
302.20441 	3587200.3
303.00601 	3581334.7
303.80762 	3570087.2
304.60922 	3550571.5
306.21242 	3495410.5
307.01403 	3466323.7
307.81563 	3437300
308.61723 	3408283.2
309.41884 	3379249.6
310.22044 	3350216.7
311.02204 	3321197.6
311.82365 	3292187.2
312.62525 	3263178.4
313.42685 	3234168.3
314.22846 	3205155.4
315.03006 	3176137.4
315.83166 	3147112.1
316.63327 	3118079.2
317.43487 	3089040.9
318.23647 	3060001.6
319.03808 	3030966.1
319.83968 	3001938.6
320.64128 	2972921.4
321.44289 	2943915
322.24449 	2914918.5
323.04609 	2885930.3
323.8477 	2856948.3
324.6493 	2827970.6
325.4509 	2798995.8
326.25251 	2770022.7
327.05411 	2741050.7
327.85571 	2712079.3
328.65731 	2683108.1
329.45892 	2654136.6
330.26052 	2625164.6
331.06212 	2596192
331.86373 	2567219.2
332.66533 	2538246.8
333.46693 	2509274.9
334.26854 	2480303.4
335.07014 	2451331.6
335.87174 	2422358
336.67335 	2393380.8
337.47495 	2364398.3
338.27655 	2335409
339.07816 	2306411.8
339.87976 	2277406.4
340.68136 	2248392.9
341.48297 	2219372
342.28457 	2190344.7
343.08617 	2161312.1
343.88778 	2132274.8
344.68938 	2103233.1
345.49098 	2074187
346.29259 	2045136.1
347.09419 	2016079.6
347.89579 	1987016.8
348.69739 	1957947.4
349.499 	1928870.8
350.3006 	1899787.1
351.1022 	1870696.2
351.90381 	1841598.6
352.70541 	1812494.6
353.50701 	1783384.8
354.30862 	1754270
355.11022 	1725150.6
355.91182 	1696027.2
356.71343 	1666900
357.51503 	1637769.2
358.31663 	1608634.7
359.11824 	1579496.4
359.91984 	1550354
360.72144 	1521207.4
361.52305 	1492056.8
362.32465 	1462902.4
363.12625 	1433744.6
363.92786 	1404584.3
364.72946 	1375422.5
365.53106 	1346260.2
366.33267 	1317098.7
367.13427 	1287939.4
367.93587 	1258783.7
368.73747 	1229633.1
369.53908 	1200488.9
370.34068 	1171352.4
371.14228 	1142224.5
371.94389 	1113106.1
372.74549 	1083997.8
373.54709 	1054899.9
374.3487 	1025812.6
375.1503 	996735.94
375.9519 	967669.76
376.75351 	938613.96
377.55511 	909568.48
379.15832 	851508.47
379.95992 	822494.11
381.56313 	764497.38
382.36473 	735515.28
383.16633 	706544.11
383.96794 	677583.86
384.76954 	648634.39
385.57114 	619695.48
386.37275 	590766.81
387.17435 	561847.99
387.97595 	532938.53
388.77756 	504037.9
389.57916 	475145.52
390.38076 	446260.77
391.18236 	417382.99
391.98397 	388511.52
392.78557 	359645.67
393.58717 	330784.77
394.38878 	301928.14
395.19038 	273075.1
395.99198 	244225.03
396.79359 	215377.34
397.59519 	186531.48
399.1984 	128843.27
400 	100702.52
