0 	8902203.2
6.4128257 	8807391.3
34.468938 	8284751.8
37.675351 	8205485.9
40.881764 	8136113.1
50.501002 	7952588.7
53.707415 	7877315.9
62.52505 	7667026.8
65.731463 	7601049.9
68.937876 	7531037.1
69.739479 	7509292.6
96.993988 	6937895.5
103.40681 	6851505.4
106.61323 	6851078.1
116.23246 	6852961
123.44689 	6853740
125.05 	6853741.4
125.8517 	6853631
128.25651 	6853012.8
131.46293 	6851044.6
151.50301 	6545166.2
153.90782 	6482680
156.31263 	6420197
159.51904 	6336990.5
166.73347 	6150894.7
169.13828 	6089237.8
175.5511 	5925021.8
176.35271 	5904451.1
187.57515 	5613985.4
190.78156 	5530298.3
200.4008 	5278882.9
201.2024 	5257946.9
202.00401 	5237015.8
202.80561 	5216090
203.60721 	5195169.3
204.40882 	5174254.1
205.21042 	5153344.2
206.01202 	5132439.5
206.81363 	5111539.9
207.61523 	5090645.2
208.41683 	5069755.1
209.21844 	5048869.4
210.02004 	5027987.6
210.82164 	5007109.6
211.62325 	4986234.8
212.42485 	4965362.8
213.22645 	4944493.4
214.02806 	4923626.2
214.82966 	4902760.6
215.63126 	4881896.5
216.43287 	4861033.4
217.23447 	4840171
218.03607 	4819309
219.63928 	4777585.3
220.44088 	4756723.1
221.24248 	4735860.3
222.04409 	4714996.9
222.84569 	4694132.7
223.64729 	4673267.7
224.4489 	4652401.6
225.2505 	4631534.6
226.0521 	4610666.5
227.65531 	4568927.2
228.45691 	4548056.1
229.25852 	4527184
230.86172 	4485437.1
231.66333 	4464562.5
232.46493 	4443687.2
234.06814 	4401935
234.86974 	4381058.4
235.67134 	4360181.7
236.47295 	4339305
237.27455 	4318428.5
238.07615 	4297552.4
238.87776 	4276676.9
239.67936 	4255802.2
240.48096 	4234928.6
241.28257 	4214056.3
242.08417 	4193185.4
242.88577 	4172316.3
243.68737 	4151449
244.48898 	4130583.8
245.29058 	4109720.8
246.09218 	4088860.1
246.89379 	4068001.9
247.69539 	4047146.2
248.49699 	4026293.2
249.2986 	4005442.9
250.1002 	3984595.4
250.9018 	3963750.6
251.70341 	3942908.7
252.50501 	3922069.6
253.30661 	3901233.4
254.10822 	3880400
254.90982 	3859569.6
255.71142 	3838742.1
256.51303 	3817917.6
257.31463 	3797096
258.11623 	3776277.4
258.91784 	3755461.8
259.71944 	3734649.1
260.52104 	3713839.4
261.32265 	3693032.6
262.12425 	3672228.6
262.92585 	3651427.5
263.72745 	3630629.2
264.52906 	3609833.5
265.33066 	3589040.4
266.13226 	3568249.8
266.93387 	3547461.6
267.73547 	3526675.6
268.53707 	3505891.8
269.33868 	3485110
270.14028 	3464330.2
270.94188 	3443552.2
271.74349 	3422775.9
272.54509 	3402001.1
273.34669 	3381227.9
274.1483 	3360456.2
274.9499 	3339685.7
274.95 	3339683.1
275.7515 	3318916.5
276.55311 	3298148.6
277.35471 	3277381.7
278.95792 	3235851.3
279.75952 	3215087.5
280.56112 	3194324.7
281.36273 	3173562.8
282.16433 	3152801.7
282.96593 	3132041.5
283.76754 	3111282
284.56914 	3090523.3
285.37074 	3069765.2
286.17234 	3049007.8
286.97395 	3028251.1
288.57715 	2986739.3
289.37876 	2965984.2
290.18036 	2945229.6
290.98196 	2924475.4
291.78357 	2903721.7
292.58517 	2882968.3
293.38677 	2862215.3
294.18838 	2841462.5
294.98998 	2820710
295.79158 	2799957.8
296.59319 	2779205.6
297.39479 	2758453.6
298.19639 	2737701.7
298.998 	2716949.8
299.7996 	2696197.9
300.6012 	2675445.9
301.40281 	2654693.7
302.20441 	2633941.4
303.00601 	2613188.8
303.80762 	2592435.9
304.60922 	2571682.6
306.21242 	2530174.8
307.01403 	2509420.1
307.81563 	2488664.9
308.61723 	2467909
309.41884 	2447152.4
310.22044 	2426395.1
311.02204 	2405637
311.82365 	2384878.1
312.62525 	2364118.3
313.42685 	2343357.6
314.22846 	2322596
315.03006 	2301833.3
315.83166 	2281069.7
316.63327 	2260305.1
317.43487 	2239539.4
318.23647 	2218772.7
319.03808 	2198005
319.83968 	2177236.2
320.64128 	2156466.5
321.44289 	2135695.6
322.24449 	2114923.9
323.04609 	2094151.1
323.8477 	2073377.4
324.6493 	2052602.7
325.4509 	2031827.2
326.25251 	2011050.8
327.05411 	1990273.6
327.85571 	1969495.6
328.65731 	1948716.9
329.45892 	1927937.4
330.26052 	1907157.4
331.06212 	1886376.7
331.86373 	1865595.4
332.66533 	1844813.6
333.46693 	1824031.4
334.26854 	1803248.7
335.07014 	1782465.6
335.87174 	1761682.2
336.67335 	1740898.6
337.47495 	1720114.6
338.27655 	1699330.5
339.07816 	1678546.2
339.87976 	1657761.8
340.68136 	1636977.3
341.48297 	1616192.8
342.28457 	1595408.2
343.08617 	1574623.7
343.88778 	1553839.2
344.68938 	1533054.8
345.49098 	1512270.4
346.29259 	1491486.2
347.09419 	1470702
347.89579 	1449918
348.69739 	1429134.1
349.499 	1408350.3
350.3006 	1387566.6
351.1022 	1366783
351.90381 	1345999.6
352.70541 	1325216.2
353.50701 	1304433
354.30862 	1283649.9
355.11022 	1262866.9
355.91182 	1242083.9
356.71343 	1221301.1
357.51503 	1200518.4
358.31663 	1179735.7
359.11824 	1158953.2
359.91984 	1138170.8
360.72144 	1117388.5
361.52305 	1096606.3
362.32465 	1075824.2
363.12625 	1055042.4
363.92786 	1034260.7
364.72946 	1013479.2
365.53106 	992697.97
366.33267 	971917.01
367.13427 	951136.37
367.93587 	930356.1
368.73747 	909576.22
369.53908 	888796.8
370.34068 	868017.9
371.14228 	847239.56
371.94389 	826461.85
372.74549 	805684.84
373.54709 	784908.59
374.3487 	764133.18
375.1503 	743358.66
375.9519 	722585.12
376.75351 	701812.63
377.55511 	681041.25
379.15832 	639502.12
379.95992 	618734.49
381.56313 	577203.4
382.36473 	556440.04
383.16633 	535678.2
383.96794 	514917.9
384.76954 	494159.17
385.57114 	473402.03
386.37275 	452646.47
387.17435 	431892.5
387.97595 	411140.1
388.77756 	390389.25
389.57916 	369639.9
390.38076 	348892.01
391.18236 	328145.52
391.98397 	307400.36
392.78557 	286656.45
393.58717 	265913.7
394.38878 	245172.02
395.19038 	224431.28
395.99198 	203691.38
396.79359 	182952.2
397.59519 	162213.61
399.1984 	120737.65
400 	100505.09
