0 	9079268.1
6.4128257 	8965368.5
34.468938 	8408779.9
37.675351 	8328289.9
40.881764 	8258184
50.501002 	8044654.4
53.707415 	7971068.2
62.52505 	7868440.9
65.731463 	7809644.1
68.937876 	7727697.2
69.739479 	7703285.8
96.993988 	7388474.2
103.40681 	7387170.3
106.61323 	7385910.1
116.23246 	7377567.4
123.44689 	7211251.3
125.05 	7169933.7
125.8517 	7149269.3
128.25651 	7087281.9
131.46293 	7004643.7
151.50301 	6489252.8
153.90782 	6427498.1
156.31263 	6365745.3
159.51904 	6283398.7
166.73347 	6098014.1
169.13828 	6036176.2
175.5511 	5871179.1
176.35271 	5850545.5
187.57515 	5561501.5
190.78156 	5478885.7
200.4008 	5231041.1
201.2024 	5210388.7
202.00401 	5189736.5
202.80561 	5169084.6
203.60721 	5148433.1
204.40882 	5127781.9
205.21042 	5107131.1
206.01202 	5086480.7
206.81363 	5065830.8
207.61523 	5045181.4
208.41683 	5024532.6
209.21844 	5003884.4
210.02004 	4983236.9
210.82164 	4962590
211.62325 	4941944
212.42485 	4921298.7
213.22645 	4900654.3
214.02806 	4880010.8
214.82966 	4859368.2
215.63126 	4838726.6
216.43287 	4818086.1
217.23447 	4797446.6
218.03607 	4776808.2
219.63928 	4735535
220.44088 	4714900.2
221.24248 	4694266.7
222.04409 	4673634.6
222.84569 	4653003.9
223.64729 	4632374.5
224.4489 	4611746.7
225.2505 	4591120.4
226.0521 	4570495.7
227.65531 	4529251.4
228.45691 	4508631.8
229.25852 	4488014
230.86172 	4446784.1
231.66333 	4426172.1
232.46493 	4405562
234.06814 	4364348.1
234.86974 	4343744.2
235.67134 	4323142.5
236.47295 	4302543
237.27455 	4281945.6
238.07615 	4261350.4
238.87776 	4240757.5
239.67936 	4220166.7
240.48096 	4199578.2
241.28257 	4178992
242.08417 	4158408
242.88577 	4137826.2
243.68737 	4117246.7
244.48898 	4096669.5
245.29058 	4076094.6
246.09218 	4055521.8
246.89379 	4034951.3
247.69539 	4014382.9
248.49699 	3993816.6
249.2986 	3973252.3
250.1002 	3952689.8
250.9018 	3932129.1
251.70341 	3911569.9
252.50501 	3891012
253.30661 	3870455.2
254.10822 	3849899.3
254.90982 	3829343.8
255.71142 	3808788.5
256.51303 	3788233
257.31463 	3767676.9
258.11623 	3747119.7
258.91784 	3726561.2
259.71944 	3706000.8
260.52104 	3685438.2
261.32265 	3664872.9
262.12425 	3644304.5
262.92585 	3623732.7
263.72745 	3603157.2
264.52906 	3582577.7
265.33066 	3561993.8
266.13226 	3541405.6
266.93387 	3520812.7
267.73547 	3500215.1
268.53707 	3479612.8
269.33868 	3459005.8
270.14028 	3438394.2
270.94188 	3417778.2
271.74349 	3397157.9
272.54509 	3376533.5
273.34669 	3355905.4
274.1483 	3335273.7
274.9499 	3314639
274.95 	3314636.4
275.7515 	3294001.4
276.55311 	3273361.5
277.35471 	3252719.5
278.95792 	3211431
279.75952 	3190785.3
280.56112 	3170139
281.36273 	3149492.5
282.16433 	3128846.2
282.96593 	3108200.3
283.76754 	3087555.1
284.56914 	3066910.9
285.37074 	3046267.8
286.17234 	3025626.1
286.97395 	3004985.8
288.57715 	2963710.2
289.37876 	2943075.1
290.18036 	2922441.7
290.98196 	2901810.2
291.78357 	2881180.4
292.58517 	2860552.5
293.38677 	2839926.4
294.18838 	2819302
294.98998 	2798679.2
295.79158 	2778058.1
296.59319 	2757438.5
297.39479 	2736820.3
298.19639 	2716203.5
298.998 	2695588
299.7996 	2674973.7
300.6012 	2654360.6
301.40281 	2633748.4
302.20441 	2613137.2
303.00601 	2592526.9
303.80762 	2571917.4
304.60922 	2551308.6
306.21242 	2510092.8
307.01403 	2489485.7
307.81563 	2468879.1
308.61723 	2448272.8
309.41884 	2427666.8
310.22044 	2407061.2
311.02204 	2386455.7
311.82365 	2365850.5
312.62525 	2345245.4
313.42685 	2324640.4
314.22846 	2304035.5
315.03006 	2283430.7
315.83166 	2262826
316.63327 	2242221.3
317.43487 	2221616.7
318.23647 	2201012.1
319.03808 	2180407.6
319.83968 	2159803.2
320.64128 	2139198.9
321.44289 	2118594.7
322.24449 	2097990.7
323.04609 	2077386.9
323.8477 	2056783.2
324.6493 	2036179.8
325.4509 	2015576.7
326.25251 	1994973.9
327.05411 	1974371.5
327.85571 	1953769.4
328.65731 	1933167.7
329.45892 	1912566.5
330.26052 	1891965.8
331.06212 	1871365.7
331.86373 	1850766.1
332.66533 	1830167
333.46693 	1809568.6
334.26854 	1788970.9
335.07014 	1768373.8
335.87174 	1747777.4
336.67335 	1727181.7
337.47495 	1706586.8
338.27655 	1685992.5
339.07816 	1665399
339.87976 	1644806.3
340.68136 	1624214.3
341.48297 	1603623.1
342.28457 	1583032.6
343.08617 	1562442.8
343.88778 	1541853.7
344.68938 	1521265.4
345.49098 	1500677.7
346.29259 	1480090.6
347.09419 	1459504.2
347.89579 	1438918.3
348.69739 	1418333
349.499 	1397748.1
350.3006 	1377163.7
351.1022 	1356579.7
351.90381 	1335996
352.70541 	1315412.6
353.50701 	1294829.4
354.30862 	1274246.4
355.11022 	1253663.5
355.91182 	1233080.6
356.71343 	1212497.7
357.51503 	1191914.7
358.31663 	1171331.5
359.11824 	1150748.2
359.91984 	1130164.5
360.72144 	1109580.5
361.52305 	1088996
362.32465 	1068411.1
363.12625 	1047825.6
363.92786 	1027239.5
364.72946 	1006652.8
365.53106 	986065.31
366.33267 	965477.08
367.13427 	944888.02
367.93587 	924298.11
368.73747 	903707.29
369.53908 	883115.53
370.34068 	862522.8
371.14228 	841929.08
371.94389 	821334.34
372.74549 	800738.57
373.54709 	780141.75
374.3487 	759543.88
375.1503 	738944.96
375.9519 	718345
376.75351 	697743.99
377.55511 	677141.95
379.15832 	635934.86
379.95992 	615329.86
381.56313 	574117.06
382.36473 	553509.33
383.16633 	532900.77
383.96794 	512291.4
384.76954 	491681.28
385.57114 	471070.43
386.37275 	450458.9
387.17435 	429846.74
387.97595 	409233.98
388.77756 	388620.68
389.57916 	368006.86
390.38076 	347392.59
391.18236 	326777.89
391.98397 	306162.82
392.78557 	285547.41
393.58717 	264931.7
394.38878 	244315.73
395.19038 	223699.55
395.99198 	203083.19
396.79359 	182466.69
397.59519 	161850.08
399.1984 	120616.71
400 	100502.15
