0 	8852824.2
6.4128257 	8776676.3
34.468938 	8220374
37.675351 	8140734
40.881764 	8098134.2
50.501002 	7904669.2
53.707415 	7838542.8
62.52505 	7656370.4
65.731463 	7578063.6
68.937876 	7506926.5
69.739479 	7489674.3
96.993988 	6912671.3
103.40681 	6774176
106.61323 	6735825.8
116.23246 	6732925.5
123.44689 	6732401.3
125.05 	6732487.1
125.8517 	6732383.8
128.25651 	6731927.9
131.46293 	6731508.9
151.50301 	6571732.7
153.90782 	6508996.1
156.31263 	6446260.3
159.51904 	6362574.3
166.73347 	6174143.7
169.13828 	6111333
175.5511 	5943820.5
176.35271 	5922879.6
187.57515 	5629903.3
190.78156 	5546318
200.4008 	5295756.1
201.2024 	5274871.5
202.00401 	5253984
202.80561 	5233093.1
203.60721 	5212198.8
204.40882 	5191300.6
205.21042 	5170398.6
206.01202 	5149492.6
206.81363 	5128582.5
207.61523 	5107668.3
208.41683 	5086750
209.21844 	5065827.7
210.02004 	5044901.4
210.82164 	5023971.3
211.62325 	5003037.6
212.42485 	4982100.5
213.22645 	4961160.2
214.02806 	4940217
214.82966 	4919271.2
215.63126 	4898323
216.43287 	4877372.8
217.23447 	4856420.9
218.03607 	4835467.7
219.63928 	4793558.6
220.44088 	4772603.3
221.24248 	4751648.1
222.04409 	4730693.3
222.84569 	4709739.1
223.64729 	4688786
224.4489 	4667834.1
225.2505 	4646883.9
226.0521 	4625935.6
227.65531 	4584045.5
228.45691 	4563104.1
229.25852 	4542165.3
230.86172 	4500296
231.66333 	4479365.7
232.46493 	4458438.1
234.06814 	4416591.3
234.86974 	4395671.9
235.67134 	4374755.1
236.47295 	4353840.8
237.27455 	4332928.8
238.07615 	4312019
238.87776 	4291111.3
239.67936 	4270205.7
240.48096 	4249302
241.28257 	4228400.1
242.08417 	4207500.1
242.88577 	4186601.8
243.68737 	4165705.2
244.48898 	4144810.4
245.29058 	4123917.3
246.09218 	4103025.8
246.89379 	4082136.2
247.69539 	4061248.2
248.49699 	4040362
249.2986 	4019477.6
250.1002 	3998594.9
250.9018 	3977714
251.70341 	3956834.8
252.50501 	3935957.4
253.30661 	3915081.8
254.10822 	3894207.8
254.90982 	3873335.4
255.71142 	3852464.7
256.51303 	3831595.6
257.31463 	3810728
258.11623 	3789861.9
258.91784 	3768997.3
259.71944 	3748134
260.52104 	3727272
261.32265 	3706411.3
262.12425 	3685551.9
262.92585 	3664693.5
263.72745 	3643836.3
264.52906 	3622980.1
265.33066 	3602124.8
266.13226 	3581270.4
266.93387 	3560416.8
267.73547 	3539563.9
268.53707 	3518711.7
269.33868 	3497859.9
270.14028 	3477008.7
270.94188 	3456157.8
271.74349 	3435307.1
272.54509 	3414456.7
273.34669 	3393606.4
274.1483 	3372756.1
274.9499 	3351905.8
274.95 	3351903.2
275.7515 	3331055.5
276.55311 	3310205
277.35471 	3289354.4
278.95792 	3247652.5
279.75952 	3226801.3
280.56112 	3205949.8
281.36273 	3185098.1
282.16433 	3164246.2
282.96593 	3143394.1
283.76754 	3122541.9
284.56914 	3101689.5
285.37074 	3080837.1
286.17234 	3059984.6
286.97395 	3039132.1
288.57715 	2997427.3
289.37876 	2976575
290.18036 	2955722.9
290.98196 	2934871
291.78357 	2914019.4
292.58517 	2893167.9
293.38677 	2872316.8
294.18838 	2851465.8
294.98998 	2830615.2
295.79158 	2809764.9
296.59319 	2788914.8
297.39479 	2768064.9
298.19639 	2747215.4
298.998 	2726366
299.7996 	2705516.9
300.6012 	2684668
301.40281 	2663819.3
302.20441 	2642970.7
303.00601 	2622122.3
303.80762 	2601273.9
304.60922 	2580425.5
306.21242 	2538728.9
307.01403 	2517880.5
307.81563 	2497032
308.61723 	2476183.4
309.41884 	2455334.7
310.22044 	2434485.7
311.02204 	2413636.6
311.82365 	2392787.3
312.62525 	2371937.8
313.42685 	2351088
314.22846 	2330238.1
315.03006 	2309388
315.83166 	2288537.8
316.63327 	2267687.4
317.43487 	2246837
318.23647 	2225986.6
319.03808 	2205136.2
319.83968 	2184286
320.64128 	2163436
321.44289 	2142586.3
322.24449 	2121736.9
323.04609 	2100888
323.8477 	2080039.6
324.6493 	2059191.8
325.4509 	2038344.8
326.25251 	2017498.5
327.05411 	1996653.1
327.85571 	1975808.7
328.65731 	1954965.2
329.45892 	1934122.9
330.26052 	1913281.7
331.06212 	1892441.6
331.86373 	1871602.7
332.66533 	1850765
333.46693 	1829928.5
334.26854 	1809093.2
335.07014 	1788259.1
335.87174 	1767426.1
336.67335 	1746594.2
337.47495 	1725763.3
338.27655 	1704933.4
339.07816 	1684104.3
339.87976 	1663275.9
340.68136 	1642448.1
341.48297 	1621620.9
342.28457 	1600794.1
343.08617 	1579967.5
343.88778 	1559141.1
344.68938 	1538314.6
345.49098 	1517488.1
346.29259 	1496661.2
347.09419 	1475834
347.89579 	1455006.2
348.69739 	1434177.7
349.499 	1413348.6
350.3006 	1392518.5
351.1022 	1371687.6
351.90381 	1350855.6
352.70541 	1330022.4
353.50701 	1309188.2
354.30862 	1288352.7
355.11022 	1267516
355.91182 	1246678.1
356.71343 	1225838.8
357.51503 	1204998.3
358.31663 	1184156.6
359.11824 	1163313.7
359.91984 	1142469.5
360.72144 	1121624.2
361.52305 	1100777.8
362.32465 	1079930.4
363.12625 	1059082
363.92786 	1038232.7
364.72946 	1017382.5
365.53106 	996531.66
366.33267 	975680.09
367.13427 	954827.91
367.93587 	933975.21
368.73747 	913122.06
369.53908 	892268.53
370.34068 	871414.69
371.14228 	850560.62
371.94389 	829706.37
372.74549 	808852.02
373.54709 	787997.62
374.3487 	767143.24
375.1503 	746288.92
375.9519 	725434.72
376.75351 	704580.68
377.55511 	683726.87
379.15832 	642020.05
379.95992 	621167.13
381.56313 	579462.46
382.36473 	558610.77
383.16633 	537759.54
383.96794 	516908.82
384.76954 	496058.6
385.57114 	475208.92
386.37275 	454359.79
387.17435 	433511.22
387.97595 	412663.21
388.77756 	391815.76
389.57916 	370968.88
390.38076 	350122.55
391.18236 	329276.76
391.98397 	308431.5
392.78557 	287586.73
393.58717 	266742.42
394.38878 	245898.56
395.19038 	225055.09
395.99198 	204211.98
396.79359 	183369.17
397.59519 	162526.63
399.1984 	120842.1
400 	100507.64
