0 	9557519.1
6.4128257 	9446015.9
34.468938 	8857656.7
37.675351 	8841014.2
40.881764 	8840231.6
50.501002 	8813877
53.707415 	8735365.6
62.52505 	8515588.2
65.731463 	8435663.4
68.937876 	8355735.8
69.739479 	8335753.3
96.993988 	7656097.5
103.40681 	7496143.9
106.61323 	7416170
116.23246 	7176244
123.44689 	6996279.8
125.05 	6956288.4
125.8517 	6936288.9
128.25651 	6876297.7
131.46293 	6796310
151.50301 	6296430.4
153.90782 	6236449.6
156.31263 	6176470.8
159.51904 	6096502.3
166.73347 	5916582.6
169.13828 	5856608.9
175.5511 	5696668.5
176.35271 	5676674.7
187.57515 	5396742
190.78156 	5316759.9
200.4008 	5076823.4
201.2024 	5056829.4
202.00401 	5036835.5
202.80561 	5016841.7
203.60721 	4996847.9
204.40882 	4976854.2
205.21042 	4956860.6
206.01202 	4936867
206.81363 	4916873.5
207.61523 	4896880
208.41683 	4876886.6
209.21844 	4856893.2
210.02004 	4836899.8
210.82164 	4816906.4
211.62325 	4796913.1
212.42485 	4776919.8
213.22645 	4756926.5
214.02806 	4736933.2
214.82966 	4716940
215.63126 	4696946.7
216.43287 	4676953.5
217.23447 	4656960.4
218.03607 	4636967.2
219.63928 	4596981.1
220.44088 	4576988.1
221.24248 	4556995.1
222.04409 	4537002.2
222.84569 	4517009.4
223.64729 	4497016.6
224.4489 	4477023.9
225.2505 	4457031.3
226.0521 	4437038.8
227.65531 	4397054
228.45691 	4377061.8
229.25852 	4357069.6
230.86172 	4317085.7
231.66333 	4297093.9
232.46493 	4277102.2
234.06814 	4237119.2
234.86974 	4217127.9
235.67134 	4197136.7
236.47295 	4177145.6
237.27455 	4157154.6
238.07615 	4137163.8
238.87776 	4117173.1
239.67936 	4097182.5
240.48096 	4077192
241.28257 	4057201.7
242.08417 	4037211.4
242.88577 	4017221.2
243.68737 	3997231.2
244.48898 	3977241.2
245.29058 	3957251.4
246.09218 	3937261.6
246.89379 	3917271.9
247.69539 	3897282.3
248.49699 	3877292.7
249.2986 	3857303.3
250.1002 	3837313.8
250.9018 	3817324.5
251.70341 	3797335.2
252.50501 	3777345.9
253.30661 	3757356.7
254.10822 	3737367.5
254.90982 	3717378.3
255.71142 	3697389.2
256.51303 	3677400.1
257.31463 	3657411
258.11623 	3637421.9
258.91784 	3617432.8
259.71944 	3597443.8
260.52104 	3577454.7
261.32265 	3557465.7
262.12425 	3537476.6
262.92585 	3517487.6
263.72745 	3497498.6
264.52906 	3477509.6
265.33066 	3457520.6
266.13226 	3437531.6
266.93387 	3417542.6
267.73547 	3397553.7
268.53707 	3377564.7
269.33868 	3357575.8
270.14028 	3337587
270.94188 	3317598.1
271.74349 	3297609.4
272.54509 	3277620.6
273.34669 	3257631.9
274.1483 	3237643.3
274.9499 	3217654.7
274.95 	3217652.2
275.7515 	3197666.1
276.55311 	3177677.6
277.35471 	3157689.2
278.95792 	3117712.5
279.75952 	3097724.3
280.56112 	3077736.1
281.36273 	3057748
282.16433 	3037760
282.96593 	3017772
283.76754 	2997784
284.56914 	2977796.1
285.37074 	2957808.3
286.17234 	2937820.5
286.97395 	2917832.7
288.57715 	2877857.3
289.37876 	2857869.6
290.18036 	2837881.9
290.98196 	2817894.3
291.78357 	2797906.7
292.58517 	2777919.1
293.38677 	2757931.5
294.18838 	2737943.9
294.98998 	2717956.4
295.79158 	2697968.8
296.59319 	2677981.2
297.39479 	2657993.6
298.19639 	2638006.1
298.998 	2618018.5
299.7996 	2598030.9
300.6012 	2578043.3
301.40281 	2558055.8
302.20441 	2538068.2
303.00601 	2518080.6
303.80762 	2498093.1
304.60922 	2478105.5
306.21242 	2438130.5
307.01403 	2418143
307.81563 	2398155.5
308.61723 	2378168.1
309.41884 	2358180.7
310.22044 	2338193.3
311.02204 	2318206
311.82365 	2298218.7
312.62525 	2278231.5
313.42685 	2258244.3
314.22846 	2238257.3
315.03006 	2218270.2
315.83166 	2198283.3
316.63327 	2178296.5
317.43487 	2158309.7
318.23647 	2138323
319.03808 	2118336.4
319.83968 	2098349.9
320.64128 	2078363.5
321.44289 	2058377.2
322.24449 	2038391
323.04609 	2018404.9
323.8477 	1998418.9
324.6493 	1978433
325.4509 	1958447.2
326.25251 	1938461.6
327.05411 	1918476
327.85571 	1898490.6
328.65731 	1878505.2
329.45892 	1858520
330.26052 	1838534.8
331.06212 	1818549.8
331.86373 	1798564.9
332.66533 	1778580
333.46693 	1758595.3
334.26854 	1738610.6
335.07014 	1718626.1
335.87174 	1698641.6
336.67335 	1678657.2
337.47495 	1658672.8
338.27655 	1638688.6
339.07816 	1618704.4
339.87976 	1598720.3
340.68136 	1578736.2
341.48297 	1558752.3
342.28457 	1538768.3
343.08617 	1518784.4
343.88778 	1498800.6
344.68938 	1478816.8
345.49098 	1458833
346.29259 	1438849.3
347.09419 	1418865.6
347.89579 	1398882
348.69739 	1378898.4
349.499 	1358914.8
350.3006 	1338931.2
351.1022 	1318947.7
351.90381 	1298964.2
352.70541 	1278980.7
353.50701 	1258997.2
354.30862 	1239013.8
355.11022 	1219030.4
355.91182 	1199047
356.71343 	1179063.6
357.51503 	1159080.2
358.31663 	1139096.9
359.11824 	1119113.6
359.91984 	1099130.3
360.72144 	1079147
361.52305 	1059163.8
362.32465 	1039180.5
363.12625 	1019197.4
363.92786 	999214.2
364.72946 	979231.06
365.53106 	959247.96
366.33267 	939264.89
367.13427 	919281.85
367.93587 	899298.84
368.73747 	879315.86
369.53908 	859332.91
370.34068 	839350
371.14228 	819367.11
371.94389 	799384.26
372.74549 	779401.44
373.54709 	759418.66
374.3487 	739435.9
375.1503 	719453.17
375.9519 	699470.48
376.75351 	679487.81
377.55511 	659505.17
379.15832 	619539.96
379.95992 	599557.39
381.56313 	559592.33
382.36473 	539609.83
383.16633 	519627.35
383.96794 	499644.89
384.76954 	479662.45
385.57114 	459680.03
386.37275 	439697.62
387.17435 	419715.24
387.97595 	399732.87
388.77756 	379750.52
389.57916 	359768.18
390.38076 	339785.87
391.18236 	319803.58
391.98397 	299821.3
392.78557 	279839.05
393.58717 	259856.82
394.38878 	239874.61
395.19038 	219892.43
395.99198 	199910.28
396.79359 	179928.16
397.59519 	159946.07
399.1984 	119981.99
400 	100486.69
