0 	3836471.1
0.35183948 	3828843.2
0.70367896 	3820827.3
1.0555184 	3812807.1
1.4073579 	3804817.9
1.7591974 	3796800.5
2.1110369 	3788789.6
2.4628764 	3780775.3
2.8147158 	3772760.2
3.1665553 	3764744.4
3.5183948 	3756766.5
3.8702343 	3748741.2
4.2220737 	3740725.7
4.9257527 	3724716.4
5.6294317 	3708706
5.9812711 	3700696.8
6.3331106 	3692837.3
8.092308 	3652951.9
8.795987 	3636933.1
9.1478265 	3628915.9
10.203345 	3604888.7
10.907024 	3588872.6
11.258863 	3580857.3
11.610703 	3572917.9
11.962542 	3565104.3
12.666221 	3549085.2
13.018061 	3541071.5
13.3699 	3533089.4
13.72174 	3525078.7
14.777258 	3501049.7
15.480937 	3485030.5
15.832777 	3477020.9
16.536456 	3461001.7
17.591974 	3436972.9
18.647492 	3412944.1
19.351171 	3396924.9
19.703011 	3388915.4
20.05485 	3380905.7
20.40669 	3372896.1
20.758529 	3364886.5
21.462208 	3348867.4
22.165887 	3332848.1
22.869566 	3317467
23.573245 	3304249.8
23.925085 	3296241.1
24.276924 	3288228.3
24.628764 	3280203.5
25.332442 	3267171
25.684282 	3259161.6
26.387961 	3243131.7
26.7398 	3235116.6
27.09164 	3227101.5
27.443479 	3219086.3
27.795319 	3211071
28.147158 	3203055.8
28.850837 	3187025.4
29.202677 	3179010.3
29.554516 	3170995.2
29.906356 	3162980.2
30.258195 	3154965.3
30.610035 	3146950.5
30.961874 	3138935.8
31.665553 	3122906.7
32.017393 	3114892.3
32.369232 	3106877.9
32.721072 	3098863.6
33.072911 	3090849.2
33.424751 	3082834.9
33.77659 	3074820.5
34.128429 	3066806.1
34.480269 	3058791.6
34.832108 	3050777.1
35.183948 	3042762.4
35.535787 	3034747.6
35.887627 	3026732.7
36.239466 	3018717.7
36.591306 	3010702.5
37.294985 	2994671.7
37.646824 	2986656.1
37.998664 	2978640.4
38.702343 	2962608.6
39.406022 	2946576.4
39.757861 	2938560.1
41.165219 	2906494.6
41.517059 	2898478.1
41.868898 	2890461.6
42.220737 	2882445.1
42.924416 	2866412.2
43.276256 	2858395.7
43.628095 	2850379.4
43.979935 	2842363
44.683614 	2826330.6
45.035453 	2818314.5
45.387293 	2810298.5
46.090972 	2794266.8
46.442811 	2786251.1
47.14649 	2770220.2
47.49833 	2762204.9
48.202009 	2746174.9
48.553848 	2738160.2
49.257527 	2722131.3
49.609367 	2714117.2
49.961206 	2706103.2
50.313045 	2698089.5
50.664885 	2690076
51.016724 	2682062.8
51.720403 	2666037.1
52.072243 	2658024.7
52.424082 	2650012.5
52.775922 	2642000.7
53.127761 	2633989.1
54.18328 	2609956.2
54.535119 	2601945.9
54.886959 	2593936
55.238798 	2585926.4
55.590638 	2577917.1
55.942477 	2569908.2
56.997996 	2545883.6
57.349835 	2537876.1
57.701675 	2529869
58.053514 	2521862.3
58.405354 	2513855.9
58.757193 	2505849.9
59.109032 	2497844.2
59.460872 	2489838.9
60.164551 	2473829.3
60.51639 	2465825
60.86823 	2457821
61.220069 	2449817.4
61.571909 	2441814
61.923748 	2433810.9
62.275588 	2425808
62.627427 	2417805.4
62.979267 	2409803.1
63.331106 	2401800.9
63.682946 	2393798.9
64.034785 	2385797.1
64.386625 	2377795.4
64.738464 	2369793.8
65.442143 	2353790.8
65.793983 	2345789.4
66.497662 	2329786.6
67.55318 	2305782
68.256859 	2289778.4
68.608698 	2281776.4
69.312377 	2265771.7
70.016056 	2249766.2
70.367896 	2241763
70.719735 	2233759.6
71.071575 	2225755.9
71.423414 	2217751.9
72.830772 	2185732.7
73.182612 	2177727.2
73.534451 	2169721.3
73.886291 	2161715
74.941809 	2137694.4
75.293648 	2129686.9
75.645488 	2121679
75.997327 	2113670.8
77.052846 	2089644.4
77.404685 	2081635
77.756525 	2073625.2
78.460204 	2057604.9
78.812043 	2049594.2
79.163883 	2041583.3
80.219401 	2017549
81.27492 	1993512.6
81.626759 	1985500.1
81.978599 	1977487.4
82.330438 	1969474.5
82.682278 	1961461.5
83.034117 	1953448.4
83.385957 	1945435.2
83.737796 	1937421.9
84.089635 	1929408.3
84.441475 	1921394.6
85.496993 	1897350.9
86.552512 	1873187.5
86.904351 	1865728.6
89.015388 	1858041.8
89.367228 	1858019.8
90.070907 	1857964.4
90.422746 	1857930.1
90.774586 	1857895.1
91.126425 	1857859.9
91.478265 	1857822
91.830104 	1857780.5
92.533783 	1857693
93.237462 	1857602.7
93.589301 	1857555.3
93.941141 	1857508.2
94.29298 	1857461.4
96.052178 	1857239.1
96.404017 	1857203.5
96.755857 	1857167.7
97.459536 	1857091.7
97.811375 	1857056.2
98.163215 	1857017.8
98.515054 	1856964.6
99.922412 	1843431.2
100.27425 	1835337
100.62609 	1827228.4
101.32977 	1811005
102.03345 	1794779.4
102.38529 	1786666.7
103.79265 	1754218.8
104.14449 	1746107.5
104.49633 	1737996.5
105.2 	1721775.3
105.90368 	1705555.1
106.25552 	1697445.4
106.60736 	1689335.9
108.01472 	1656900.2
108.36656 	1648791.8
108.7184 	1640683.6
109.07024 	1632575.5
109.77392 	1616359.8
110.12576 	1608252.2
110.82944 	1592037.2
111.18128 	1583929.8
111.53311 	1575822.4
111.88495 	1567715.2
112.58863 	1551500.7
112.94047 	1543393.5
113.29231 	1535286.3
113.64415 	1527179.1
113.99599 	1519071.9
114.34783 	1510964.7
114.69967 	1502857.5
115.05151 	1494750.3
115.40335 	1486643
115.75519 	1478535.8
116.45887 	1462321.2
116.81071 	1454213.9
117.16255 	1446106.6
117.51439 	1437999.3
118.21806 	1421784.7
118.5699 	1413677.4
118.92174 	1405570.1
119.27358 	1397462.9
119.62542 	1389355.7
119.97726 	1381248.5
120.3291 	1373141.3
120.68094 	1365034.2
121.03278 	1356927.1
121.38462 	1348820
121.73646 	1340713.1
122.0883 	1332606.2
122.79198 	1316392.5
123.14382 	1308285.8
123.49566 	1300179.1
123.8475 	1292072.6
124.19934 	1283966.1
124.55118 	1275859.7
124.90302 	1267753.3
125.25485 	1259647.1
125.60669 	1251540.9
126.66221 	1227223
127.01405 	1219117.2
127.36589 	1211011.5
127.71773 	1202905.9
128.06957 	1194800.4
128.42141 	1186694.9
128.77325 	1178589.6
129.12509 	1170484.3
129.47693 	1162379.1
130.18061 	1146168.9
130.53245 	1138064
130.88429 	1129959.1
131.23613 	1121854.2
132.29164 	1097540.1
132.64348 	1089435.4
132.99532 	1081330.9
133.699 	1065121.8
134.05084 	1057017.3
134.40268 	1048912.8
134.75452 	1040808.3
135.4582 	1024599.3
135.81004 	1016494.8
136.16188 	1008390.3
136.51372 	1000285.7
136.86556 	992181.11
137.56924 	975971.74
137.92108 	967866.96
138.27292 	959762.11
138.97659 	943552.17
139.68027 	927341.86
140.03211 	919236.55
140.38395 	911131.13
140.73579 	903025.59
141.08763 	894919.92
141.43947 	886814.13
141.79131 	878708.2
142.14315 	870602.13
142.49499 	862495.91
142.84683 	854389.56
144.25419 	821962.58
145.3097 	797640.66
145.66154 	789533.03
146.01338 	781425.22
146.36522 	773317.25
146.71706 	765209.12
147.0689 	757100.82
147.42074 	748992.35
148.12442 	732774.91
148.8281 	716556.82
149.17994 	708447.53
149.88362 	692228.47
150.23546 	684118.71
150.5873 	676008.79
151.29098 	659788.5
151.99465 	643567.62
152.69833 	627346.16
153.05017 	619235.22
153.40201 	611124.15
153.75385 	603012.95
154.45753 	586790.15
154.80937 	578678.57
155.16121 	570566.87
155.51305 	562455.04
155.86489 	554343.11
156.21673 	546231.06
156.56857 	538118.91
157.62409 	513781.85
157.97593 	505669.3
158.32777 	497556.66
158.67961 	489443.94
159.03144 	481331.14
159.38328 	473218.26
159.73512 	465105.31
160.08696 	456992.28
160.4388 	448879.2
160.79064 	440766.04
161.14248 	432652.84
161.49432 	424539.57
161.84616 	416426.26
162.90168 	392086.07
163.25352 	383972.6
163.9572 	367745.57
164.30904 	359632.02
164.66088 	351518.45
165.01272 	343404.86
165.71639 	327177.66
166.06823 	319064.04
167.12375 	294723.19
167.47559 	286609.57
167.82743 	278495.97
168.17927 	270382.37
168.53111 	262268.77
169.23479 	246041.63
169.58663 	237928.07
169.93847 	229814.54
170.64215 	213587.5
170.99399 	205474.01
171.34583 	197360.54
171.69767 	189247.08
172.04951 	181133.64
172.40134 	173020.21
172.75318 	164906.8
173.10502 	156793.41
174.16054 	132453.31
174.51238 	124339.97
174.86422 	116226.63
