0 	9442818
6.4128257 	9333719.1
34.468938 	8798133.3
37.675351 	8737777.8
40.881764 	8689391.3
50.501002 	8571257.5
53.707415 	8570241.5
62.52505 	8555472.2
65.731463 	8482515.2
68.937876 	8402013.4
69.739479 	8381893.7
96.993988 	7698162.3
103.40681 	7537328.2
106.61323 	7456877.4
116.23246 	7215434.5
123.44689 	7034323.2
125.05 	6994077.2
125.8517 	6973949.8
128.25651 	6913572.2
131.46293 	6833063.6
151.50301 	6329995
153.90782 	6269643
156.31263 	6209297.5
159.51904 	6128848.1
166.73347 	5947882.6
169.13828 	5887571.7
175.5511 	5726755.7
176.35271 	5706654.5
187.57515 	5425258
190.78156 	5344872
200.4008 	5103750.1
201.2024 	5083657.7
202.00401 	5063565.3
202.80561 	5043472.8
203.60721 	5023380.2
204.40882 	5003287.4
205.21042 	4983194.3
206.01202 	4963101
206.81363 	4943007.3
207.61523 	4922913.3
208.41683 	4902818.9
209.21844 	4882724
210.02004 	4862628.7
210.82164 	4842532.9
211.62325 	4822436.5
212.42485 	4802339.6
213.22645 	4782242.1
214.02806 	4762144
214.82966 	4742045.2
215.63126 	4721945.9
216.43287 	4701845.9
217.23447 	4681745.2
218.03607 	4661643.9
219.63928 	4621439.4
220.44088 	4601336.1
221.24248 	4581232.3
222.04409 	4561127.9
222.84569 	4541022.9
223.64729 	4520917.4
224.4489 	4500811.4
225.2505 	4480704.9
226.0521 	4460598
227.65531 	4420383.1
228.45691 	4400275.2
229.25852 	4380167
230.86172 	4339950.1
231.66333 	4319841.5
232.46493 	4299732.8
234.06814 	4259515.4
234.86974 	4239406.7
235.67134 	4219298.1
236.47295 	4199189.5
237.27455 	4179081.1
238.07615 	4158972.8
238.87776 	4138864.6
239.67936 	4118756.5
240.48096 	4098648.7
241.28257 	4078540.9
242.08417 	4058433.4
242.88577 	4038326
243.68737 	4018218.7
244.48898 	3998111.7
245.29058 	3978004.8
246.09218 	3957898.1
246.89379 	3937791.6
247.69539 	3917685.3
248.49699 	3897579.2
249.2986 	3877473.3
250.1002 	3857367.7
250.9018 	3837262.2
251.70341 	3817157.1
252.50501 	3797052.1
253.30661 	3776947.5
254.10822 	3756843.1
254.90982 	3736739.1
255.71142 	3716635.3
256.51303 	3696531.9
257.31463 	3676428.8
258.11623 	3656326.1
258.91784 	3636223.7
259.71944 	3616121.7
260.52104 	3596020.1
261.32265 	3575918.9
262.12425 	3555818.1
262.92585 	3535717.6
263.72745 	3515617.6
264.52906 	3495518
265.33066 	3475418.8
266.13226 	3455320
266.93387 	3435221.6
267.73547 	3415123.6
268.53707 	3395026.1
269.33868 	3374928.9
270.14028 	3354832.1
270.94188 	3334735.7
271.74349 	3314639.7
272.54509 	3294544.1
273.34669 	3274448.9
274.1483 	3254354
274.9499 	3234259.5
274.95 	3234257
275.7515 	3214165.3
276.55311 	3194071.5
277.35471 	3173978
278.95792 	3133792
279.75952 	3113699.5
280.56112 	3093607.2
281.36273 	3073515.3
282.16433 	3053423.6
282.96593 	3033332.2
283.76754 	3013241.1
284.56914 	2993150.2
285.37074 	2973059.6
286.17234 	2952969.2
286.97395 	2932879.1
288.57715 	2892699.4
289.37876 	2872609.8
290.18036 	2852520.5
290.98196 	2832431.3
291.78357 	2812342.2
292.58517 	2792253.4
293.38677 	2772164.7
294.18838 	2752076.1
294.98998 	2731987.6
295.79158 	2711899.3
296.59319 	2691811
297.39479 	2671722.8
298.19639 	2651634.8
298.998 	2631546.7
299.7996 	2611458.8
300.6012 	2591370.9
301.40281 	2571283
302.20441 	2551195.1
303.00601 	2531107.2
303.80762 	2511019.4
304.60922 	2490931.4
306.21242 	2450755.4
307.01403 	2430667.3
307.81563 	2410579.1
308.61723 	2390490.8
309.41884 	2370402.3
310.22044 	2350313.6
311.02204 	2330224.8
311.82365 	2310135.7
312.62525 	2290046.5
313.42685 	2269957
314.22846 	2249867.2
315.03006 	2229777.2
315.83166 	2209686.8
316.63327 	2189596.2
317.43487 	2169505.2
318.23647 	2149413.8
319.03808 	2129322.1
319.83968 	2109230.1
320.64128 	2089137.7
321.44289 	2069044.8
322.24449 	2048951.7
323.04609 	2028858.1
323.8477 	2008764.1
324.6493 	1988669.8
325.4509 	1968575.1
326.25251 	1948480
327.05411 	1928384.5
327.85571 	1908288.7
328.65731 	1888192.6
329.45892 	1868096.1
330.26052 	1847999.3
331.06212 	1827902.2
331.86373 	1807804.9
332.66533 	1787707.3
333.46693 	1767609.4
334.26854 	1747511.3
335.07014 	1727413.1
335.87174 	1707314.6
336.67335 	1687216
337.47495 	1667117.2
338.27655 	1647018.3
339.07816 	1626919.3
339.87976 	1606820.3
340.68136 	1586721.2
341.48297 	1566622
342.28457 	1546522.8
343.08617 	1526423.6
343.88778 	1506324.5
344.68938 	1486225.4
345.49098 	1466126.3
346.29259 	1446027.4
347.09419 	1425928.5
347.89579 	1405829.7
348.69739 	1385731.1
349.499 	1365632.6
350.3006 	1345534.3
351.1022 	1325436.1
351.90381 	1305338.2
352.70541 	1285240.4
353.50701 	1265142.9
354.30862 	1245045.6
355.11022 	1224948.5
355.91182 	1204851.7
356.71343 	1184755.1
357.51503 	1164658.8
358.31663 	1144562.8
359.11824 	1124467.1
359.91984 	1104371.6
360.72144 	1084276.5
361.52305 	1064181.6
362.32465 	1044087.1
363.12625 	1023992.8
363.92786 	1003898.9
364.72946 	983805.31
365.53106 	963712.02
366.33267 	943619.05
367.13427 	923526.41
367.93587 	903434.09
368.73747 	883342.1
369.53908 	863250.45
370.34068 	843159.12
371.14228 	823068.14
371.94389 	802977.49
372.74549 	782887.18
373.54709 	762797.21
374.3487 	742707.58
375.1503 	722618.3
375.9519 	702529.36
376.75351 	682440.76
377.55511 	662352.51
379.15832 	622177.04
379.95992 	602089.82
381.56313 	561916.39
382.36473 	541830.17
383.16633 	521744.28
383.96794 	501658.72
384.76954 	481573.47
385.57114 	461488.54
386.37275 	441403.91
387.17435 	421319.57
387.97595 	401235.51
388.77756 	381151.74
389.57916 	361068.22
390.38076 	340984.95
391.18236 	320901.93
391.98397 	300819.12
392.78557 	280736.53
393.58717 	260654.13
394.38878 	240571.92
395.19038 	220489.86
395.99198 	200407.95
396.79359 	180326.18
397.59519 	160244.51
399.1984 	120081.44
400 	100489.11
