0 	7247169.2
6.4128257 	7195921.1
34.468938 	6519897.9
37.675351 	6444050.5
40.881764 	6367167.6
50.501002 	6186411.1
53.707415 	6178949.5
62.52505 	6013949.7
65.731463 	5936325
68.937876 	5863911.9
69.739479 	5849122.9
96.993988 	5387775.6
103.40681 	5227330.8
106.61323 	5205444.3
116.23246 	5147397.9
123.44689 	4982781.1
125.05 	4956018.1
125.8517 	4932776.1
128.25651 	4875580.1
131.46293 	4863400.7
151.50301 	4455970
153.90782 	4398712.3
156.31263 	4339356.5
159.51904 	4270747.8
166.73347 	4108801.7
169.13828 	4075626.7
175.5511 	3978647.9
176.35271 	3952780.5
187.57515 	3659082.2
190.78156 	3597152.1
200.4008 	3374185.6
201.2024 	3355522.3
202.00401 	3335215.4
202.80561 	3312975
203.60721 	3286535.9
204.40882 	3256030.9
205.21042 	3227025.8
206.01202 	3207389.1
206.81363 	3198377.4
207.61523 	3194876.1
208.41683 	3193446.4
209.21844 	3192734.3
210.02004 	3192302.3
210.82164 	3192019.2
211.62325 	3191833.1
212.42485 	3191663.3
213.22645 	3191497.1
214.02806 	3191379.3
214.82966 	3191346.1
215.63126 	3191412.4
216.43287 	3191566.2
217.23447 	3191737.6
218.03607 	3191839
219.63928 	3191815.1
220.44088 	3191812
221.24248 	3191888.8
222.04409 	3192022.2
222.84569 	3192137.3
223.64729 	3192229.9
224.4489 	3192274.6
225.2505 	3192264.8
226.0521 	3192242.5
227.65531 	3192309.5
228.45691 	3192383.7
229.25852 	3192449.2
230.86172 	3192646.6
231.66333 	3192708.7
232.46493 	3192700.3
234.06814 	3192295.4
234.86974 	3191871
235.67134 	3191337.7
236.47295 	3190723.4
237.27455 	3190071
238.07615 	3189400.2
238.87776 	3188724.5
239.67936 	3188030.3
240.48096 	3187332.6
241.28257 	3186671.3
242.08417 	3186077.3
242.88577 	3185518.5
243.68737 	3184974.3
244.48898 	3184502.3
245.29058 	3184324.7
246.09218 	3184612.8
246.89379 	3184977.6
247.69539 	3185057
248.49699 	3184976.8
249.2986 	3184877.5
250.1002 	3184816.6
250.9018 	3184806.9
251.70341 	3184823
252.50501 	3184849.6
253.30661 	3184880.1
254.10822 	3184889.6
254.90982 	3184874.1
255.71142 	3184847.2
256.51303 	3184804.1
257.31463 	3184771.1
258.11623 	3184775.3
258.91784 	3184782.7
259.71944 	3184820.1
260.52104 	3184913.3
261.32265 	3185063.4
262.12425 	3185255.3
262.92585 	3185470.7
263.72745 	3185681.4
264.52906 	3185871.9
265.33066 	3186045.6
266.13226 	3186217.5
266.93387 	3186455.1
267.73547 	3186768.4
268.53707 	3187028.7
269.33868 	3187161.4
270.14028 	3187210.8
270.94188 	3187205.7
271.74349 	3187154.7
272.54509 	3187073.7
273.34669 	3186969.9
274.1483 	3186830.3
274.9499 	3186667.6
274.95 	3186667.6
275.7515 	3186500.5
276.55311 	3186329.1
277.35471 	3186139.6
278.95792 	3185676.9
279.75952 	3185441.9
280.56112 	3185223.7
281.36273 	3185039
282.16433 	3184884.4
282.96593 	3184741.3
283.76754 	3184602.6
284.56914 	3184474.6
285.37074 	3184354.6
286.17234 	3184256.2
286.97395 	3184201.2
288.57715 	3184228.8
289.37876 	3184322.1
290.18036 	3184454.1
290.98196 	3184612.2
291.78357 	3184738
292.58517 	3184807.4
293.38677 	3184803.7
294.18838 	3184729.8
294.98998 	3184723
295.79158 	3184808.4
296.59319 	3184936.1
297.39479 	3185099.2
298.19639 	3185222.1
298.998 	3185301
299.7996 	3185426.8
300.6012 	3185512.1
301.40281 	3185609.9
302.20441 	3185779.5
303.00601 	3186035
303.80762 	3186374.7
304.60922 	3186751.5
306.21242 	3187692.3
307.01403 	3188190.8
307.81563 	3188684.2
308.61723 	3189097.2
309.41884 	3189328.9
310.22044 	3189372.3
311.02204 	3189294.1
311.82365 	3189067.2
312.62525 	3188680.9
313.42685 	3188177.7
314.22846 	3187672.4
315.03006 	3187239.6
315.83166 	3186923.8
316.63327 	3186682.9
317.43487 	3186508.8
318.23647 	3186380.5
319.03808 	3186253
319.83968 	3186128.2
320.64128 	3186051.2
321.44289 	3185937.6
322.24449 	3185930.9
323.04609 	3185959.6
323.8477 	3185994.9
324.6493 	3185739.6
325.4509 	3184911.1
326.25251 	3183266.9
327.05411 	3179725.5
327.85571 	3172209.9
328.65731 	3157646.1
329.45892 	3133153.6
330.26052 	3101042.8
331.06212 	3066781
331.86373 	3032443.4
332.66533 	2998169.4
333.46693 	2963908.7
334.26854 	2929653.4
335.07014 	2895407.4
335.87174 	2861161.6
336.67335 	2826893.9
337.47495 	2792590.2
338.27655 	2758257.7
339.07816 	2723919.5
339.87976 	2689599
340.68136 	2655303.2
341.48297 	2621021.1
342.28457 	2586736.4
343.08617 	2552438.9
343.88778 	2518125.2
344.68938 	2483796.7
345.49098 	2449457.9
346.29259 	2415113.2
347.09419 	2380762.9
347.89579 	2346401.2
348.69739 	2312017.6
349.499 	2277603.4
350.3006 	2243157.4
351.1022 	2208687.2
351.90381 	2174205.4
352.70541 	2139724.1
353.50701 	2105250.2
354.30862 	2070785
355.11022 	2036325.8
355.91182 	2001868.8
356.71343 	1967410.4
357.51503 	1932948.6
358.31663 	1898482.1
359.11824 	1864010.3
359.91984 	1829532.8
360.72144 	1795049.3
361.52305 	1760559.5
362.32465 	1726063.1
363.12625 	1691559.9
363.92786 	1657049.4
364.72946 	1622531.2
365.53106 	1588004.7
366.33267 	1553469.4
367.13427 	1518925.1
367.93587 	1484371.8
368.73747 	1449810
369.53908 	1415240.4
370.34068 	1380664
371.14228 	1346081.7
371.94389 	1311494.6
372.74549 	1276903.2
373.54709 	1242308
374.3487 	1207709.3
375.1503 	1173107.3
375.9519 	1138502.1
376.75351 	1103893.9
377.55511 	1069282.6
379.15832 	1000051.3
379.95992 	965431.3
381.56313 	896182.26
382.36473 	861553.31
383.16633 	826921.77
383.96794 	792288.16
384.76954 	757653.26
385.57114 	723018.03
386.37275 	688383.52
387.17435 	653750.74
387.97595 	619120.58
388.77756 	584493.74
389.57916 	549870.67
390.38076 	515251.56
391.18236 	480636.37
391.98397 	446024.84
392.78557 	411416.56
393.58717 	376810.98
394.38878 	342207.49
395.19038 	307605.48
395.99198 	273004.36
396.79359 	238403.64
397.59519 	203802.99
399.1984 	134601.19
400 	100842.78
