0 	3836459.9
0.35183948 	3828718
0.70367896 	3820609.4
1.0555184 	3812501.9
1.4073579 	3804394.3
1.7591974 	3796315.6
2.1110369 	3788190.2
2.4628764 	3780082.4
2.8147158 	3771974.8
3.1665553 	3763867.2
3.5183948 	3755759.7
3.8702343 	3747650
4.2220737 	3739646.4
4.9257527 	3723371.7
5.6294317 	3707156.6
5.9812711 	3699048.2
6.3331106 	3690939.8
8.092308 	3650396
8.795987 	3634372.7
9.1478265 	3626279.5
10.203345 	3602103.1
10.907024 	3585925.4
11.258863 	3577813.2
11.610703 	3569700.1
11.962542 	3561561.8
12.666221 	3545374.1
13.018061 	3537258.7
13.3699 	3529151.7
13.72174 	3521034.1
14.777258 	3497016
15.480937 	3480783.9
15.832777 	3472667.9
16.536456 	3456435.9
17.591974 	3432118.3
18.647492 	3407775.5
19.351171 	3391546.9
19.703011 	3383432.9
20.05485 	3375319.2
20.40669 	3367205.8
20.758529 	3359092.6
21.462208 	3342867.2
22.165887 	3326643
22.869566 	3310420.1
23.573245 	3294198.2
23.925085 	3286087.6
24.276924 	3277977.1
24.628764 	3269866.8
25.332442 	3253646.1
25.684282 	3245535.7
26.387961 	3229314.3
26.7398 	3221203.1
27.09164 	3213090
27.443479 	3204961.6
27.795319 	3197378.9
28.147158 	3192438.3
28.850837 	3176804.2
29.202677 	3168835.5
29.554516 	3160988.4
29.906356 	3155511.4
30.258195 	3147966.7
30.610035 	3139874.3
30.961874 	3131775
31.665553 	3115576.6
32.017393 	3107477.6
32.369232 	3099378.7
32.721072 	3091279.8
33.072911 	3083181
33.424751 	3075082.2
33.77659 	3066983.4
34.128429 	3058884.6
34.480269 	3050785.8
34.832108 	3042687
35.183948 	3034588.1
35.535787 	3026489.2
35.887627 	3018390.2
36.239466 	3010291.2
36.591306 	3002192
37.294985 	2985993.5
37.646824 	2977894.1
37.998664 	2969794.5
38.702343 	2953595.1
39.406022 	2937395.1
39.757861 	2929294.9
41.165219 	2896892.5
41.517059 	2888791.5
41.868898 	2880690.4
42.220737 	2872589
42.924416 	2856385.9
43.276256 	2848284.1
43.628095 	2840182.2
43.979935 	2832080.2
44.683614 	2815875.7
45.035453 	2807773.4
45.387293 	2799670.9
46.090972 	2783465.7
46.442811 	2775363
47.14649 	2759157.5
47.49833 	2751054.6
48.202009 	2734848.9
48.553848 	2726746
49.257527 	2710540.3
49.609367 	2702437.4
49.961206 	2694334.5
50.313045 	2686231.7
50.664885 	2678128.9
51.016724 	2670026.1
51.720403 	2653820.7
52.072243 	2645718
52.424082 	2637615.4
52.775922 	2629512.8
53.127761 	2621410.2
54.18328 	2597102.8
54.535119 	2589000.3
54.886959 	2580898
55.238798 	2572795.6
55.590638 	2564693.3
55.942477 	2556591
56.997996 	2532284.2
57.349835 	2524181.9
57.701675 	2516079.7
58.053514 	2507977.5
58.405354 	2499875.3
58.757193 	2491773.1
59.109032 	2483670.9
59.460872 	2475568.7
60.164551 	2459364.3
60.51639 	2451262.1
60.86823 	2443159.9
61.220069 	2435057.7
61.571909 	2426955.4
61.923748 	2418853.2
62.275588 	2410750.9
62.627427 	2402648.5
62.979267 	2394546.2
63.331106 	2386443.8
63.682946 	2378341.4
64.034785 	2370238.9
64.386625 	2362136.4
64.738464 	2354033.9
65.442143 	2337828.7
65.793983 	2329726.1
66.497662 	2313520.6
67.55318 	2289212
68.256859 	2273006
68.608698 	2264902.9
69.312377 	2248696.6
70.016056 	2232490.1
70.367896 	2224386.8
70.719735 	2216283.4
71.071575 	2208180
71.423414 	2200076.5
72.830772 	2167662.3
73.182612 	2159558.7
73.534451 	2151455.1
73.886291 	2143351.4
74.941809 	2119040.4
75.293648 	2110936.8
75.645488 	2102833.1
75.997327 	2094729.5
77.052846 	2070418.8
77.404685 	2062315.3
77.756525 	2054211.8
78.460204 	2038005.1
78.812043 	2029901.8
79.163883 	2021798.6
80.219401 	1997489.5
81.27492 	1973181.2
81.626759 	1965078.6
81.978599 	1956976.1
82.330438 	1948873.7
82.682278 	1940771.5
83.034117 	1932669.3
83.385957 	1924567.2
83.737796 	1916465.2
84.089635 	1908363.4
84.441475 	1900261.6
85.496993 	1875956.9
86.552512 	1851652.9
86.904351 	1843551.7
89.015388 	1794946.1
89.367228 	1786845.3
90.070907 	1770643.7
90.422746 	1762542.9
90.774586 	1754442.1
91.126425 	1746341.3
91.478265 	1738240.3
91.830104 	1730139.3
92.533783 	1713936.7
93.237462 	1697733.2
93.589301 	1689631
93.941141 	1681528.4
94.29298 	1673425.4
96.052178 	1632903.1
96.404017 	1624797.1
96.755857 	1616690.5
97.459536 	1600478.2
97.811375 	1592368.7
98.163215 	1584441.9
98.515054 	1578475.6
99.922412 	1555280
100.27425 	1553049.3
100.62609 	1552857.7
101.32977 	1552782
102.03345 	1552750.9
102.38529 	1552730.5
103.79265 	1552674.4
104.14449 	1552658.9
104.49633 	1552640.8
105.2 	1552614.4
105.90368 	1552577.6
106.25552 	1552558.5
106.60736 	1552539.8
108.01472 	1552466.1
108.36656 	1552450.7
108.7184 	1552436
109.07024 	1552420.8
109.77392 	1552385.6
110.12576 	1552368
110.82944 	1552332.1
111.18128 	1552312.1
111.53311 	1552289.4
111.88495 	1552263.6
112.58863 	1552201.5
112.94047 	1552153.3
113.29231 	1552116.5
113.64415 	1551768
113.99599 	1547546.3
114.34783 	1539733.9
114.69967 	1531471.3
115.05151 	1523186.9
115.40335 	1514905.5
115.75519 	1506627.4
116.45887 	1490077.7
116.81071 	1481805.2
117.16255 	1473533.7
117.51439 	1465263.3
118.21806 	1448724.5
118.5699 	1440456
118.92174 	1432187.7
119.27358 	1423919.7
119.62542 	1415651.7
119.97726 	1407383.6
120.3291 	1399115.4
120.68094 	1390846.9
121.03278 	1382578.2
121.38462 	1374309
121.73646 	1366039.5
122.0883 	1357769.5
122.79198 	1341228.3
123.14382 	1332957.1
123.49566 	1324685.4
123.8475 	1316413.4
124.19934 	1308140.9
124.55118 	1299868.2
124.90302 	1291595.1
125.25485 	1283321.7
125.60669 	1275048
126.66221 	1250225.4
127.01405 	1241950.8
127.36589 	1233676
127.71773 	1225401.1
128.06957 	1217126.1
128.42141 	1208850.9
128.77325 	1200575.6
129.12509 	1192300.3
129.47693 	1184024.9
130.18061 	1167474.1
130.53245 	1159198.6
130.88429 	1150923.2
131.23613 	1142647.8
132.29164 	1117822.2
132.64348 	1109547.2
132.99532 	1101272.3
133.699 	1084722.8
134.05084 	1076448.4
134.40268 	1068174
134.75452 	1059899.9
135.4582 	1043352.1
135.81004 	1035078.4
136.16188 	1026805
136.51372 	1018531.7
136.86556 	1010258.5
137.56924 	993712.74
137.92108 	985440.06
138.27292 	977167.53
138.97659 	960622.84
139.68027 	944078.6
140.03211 	935806.62
140.38395 	927534.73
140.73579 	919262.9
141.08763 	910991.13
141.43947 	902719.42
141.79131 	894447.74
142.14315 	886176.09
142.49499 	877904.46
142.84683 	869632.84
144.25419 	836546.33
145.3097 	811731.2
145.66154 	803459.41
146.01338 	795187.58
146.36522 	786915.7
146.71706 	778643.76
147.0689 	770371.78
147.42074 	762099.73
148.12442 	745555.44
148.8281 	729010.89
149.17994 	720738.51
149.88362 	704193.51
150.23546 	695920.9
150.5873 	687648.21
151.29098 	671102.57
151.99465 	654556.57
152.69833 	638010.2
153.05017 	629736.86
153.40201 	621463.42
153.75385 	613189.87
154.45753 	596642.45
154.80937 	588368.56
155.16121 	580094.56
155.51305 	571820.43
155.86489 	563546.18
156.21673 	555271.81
156.56857 	546997.3
157.62409 	522172.99
157.97593 	513897.94
158.32777 	505622.76
158.67961 	497347.44
159.03144 	489071.98
159.38328 	480796.38
159.73512 	472520.64
160.08696 	464244.76
160.4388 	455968.73
160.79064 	447692.57
161.14248 	439416.27
161.49432 	431139.83
161.84616 	422863.25
162.90168 	398032.71
163.25352 	389755.6
163.9572 	373201
164.30904 	364923.52
164.66088 	356645.92
165.01272 	348368.2
165.71639 	331812.42
166.06823 	323534.37
167.12375 	298699.6
167.47559 	290421.16
167.82743 	282142.62
168.17927 	273863.99
168.53111 	265585.29
169.23479 	249027.64
169.58663 	240748.71
169.93847 	232469.71
170.64215 	215911.52
170.99399 	207632.34
171.34583 	199353.11
171.69767 	191073.84
172.04951 	182794.52
172.40134 	174515.16
172.75318 	166235.77
173.10502 	157956.36
174.16054 	133117.97
174.51238 	124838.49
174.86422 	116558.99
