0 	9240457.8
6.4128257 	9140196.6
34.468938 	8604510.3
37.675351 	8543737.5
40.881764 	8472926.7
50.501002 	8262641.5
53.707415 	8183541.8
62.52505 	7976665.4
65.731463 	7892950.5
68.937876 	7808849
69.739479 	7797785.5
96.993988 	7770008.4
103.40681 	7612302.3
106.61323 	7531119.2
116.23246 	7287469.7
123.44689 	7104576.5
125.05 	7063913.5
125.8517 	7043575.1
128.25651 	6982556.1
131.46293 	6901173.4
151.50301 	6392496.7
153.90782 	6331535.2
156.31263 	6270603.9
159.51904 	6189404.7
166.73347 	6006803.9
169.13828 	5945938.8
175.5511 	5783586.4
176.35271 	5763287.4
187.57515 	5479038.7
190.78156 	5397813.6
200.4008 	5154147.6
201.2024 	5133846
202.00401 	5113545.6
202.80561 	5093246.4
203.60721 	5072948.5
204.40882 	5052652
205.21042 	5032357
206.01202 	5012063.6
206.81363 	4991771.7
207.61523 	4971481.4
208.41683 	4951192.7
209.21844 	4930905.6
210.02004 	4910620
210.82164 	4890335.8
211.62325 	4870053.1
212.42485 	4849771.6
213.22645 	4829491.3
214.02806 	4809212
214.82966 	4788933.7
215.63126 	4768656.1
216.43287 	4748379.2
217.23447 	4728102.7
218.03607 	4707826.6
219.63928 	4667274.5
220.44088 	4646998.3
221.24248 	4626721.9
222.04409 	4606444.9
222.84569 	4586167.4
223.64729 	4565889.3
224.4489 	4545610.2
225.2505 	4525330.3
226.0521 	4505049.4
227.65531 	4464484.1
228.45691 	4444199.7
229.25852 	4423914
230.86172 	4383338.5
231.66333 	4363048.7
232.46493 	4342757.6
234.06814 	4302171.2
234.86974 	4281875.9
235.67134 	4261579.3
236.47295 	4241281.4
237.27455 	4220982.3
238.07615 	4200681.9
238.87776 	4180380.4
239.67936 	4160077.7
240.48096 	4139774
241.28257 	4119469.4
242.08417 	4099163.8
242.88577 	4078857.3
243.68737 	4058550.1
244.48898 	4038242.2
245.29058 	4017933.7
246.09218 	3997624.7
246.89379 	3977315.1
247.69539 	3957005.2
248.49699 	3936694.9
249.2986 	3916384.4
250.1002 	3896073.8
250.9018 	3875763
251.70341 	3855452.2
252.50501 	3835141.4
253.30661 	3814830.8
254.10822 	3794520.3
254.90982 	3774210
255.71142 	3753900
256.51303 	3733590.4
257.31463 	3713281.1
258.11623 	3692972.3
258.91784 	3672663.9
259.71944 	3652356.1
260.52104 	3632048.8
261.32265 	3611742.2
262.12425 	3591436.2
262.92585 	3571130.8
263.72745 	3550826.2
264.52906 	3530522.3
265.33066 	3510219.1
266.13226 	3489916.7
266.93387 	3469615.1
267.73547 	3449314.3
268.53707 	3429014.3
269.33868 	3408715.1
270.14028 	3388416.8
270.94188 	3368119.2
271.74349 	3347822.5
272.54509 	3327526.6
273.34669 	3307231.5
274.1483 	3286937.2
274.9499 	3266643.6
274.95 	3266641.1
275.7515 	3246350.8
276.55311 	3226058.8
277.35471 	3205767.4
278.95792 	3165186.7
279.75952 	3144897.2
280.56112 	3124608.2
281.36273 	3104319.7
282.16433 	3084031.6
282.96593 	3063743.9
283.76754 	3043456.4
284.56914 	3023169.1
285.37074 	3002881.9
286.17234 	2982594.8
286.97395 	2962307.6
288.57715 	2921732.7
289.37876 	2901444.8
290.18036 	2881156.5
290.98196 	2860867.6
291.78357 	2840578.2
292.58517 	2820288.1
293.38677 	2799997.2
294.18838 	2779705.4
294.98998 	2759412.7
295.79158 	2739119
296.59319 	2718824.2
297.39479 	2698528.2
298.19639 	2678231.1
298.998 	2657932.7
299.7996 	2637633.1
300.6012 	2617332.2
301.40281 	2597029.9
302.20441 	2576726.4
303.00601 	2556421.5
303.80762 	2536115.4
304.60922 	2515808
306.21242 	2475189.5
307.01403 	2454878.5
307.81563 	2434566.5
308.61723 	2414253.5
309.41884 	2393939.6
310.22044 	2373624.9
311.02204 	2353309.5
311.82365 	2332993.4
312.62525 	2312676.9
313.42685 	2292360
314.22846 	2272042.7
315.03006 	2251725.4
315.83166 	2231407.9
316.63327 	2211090.6
317.43487 	2190773.4
318.23647 	2170456.5
319.03808 	2150140.1
319.83968 	2129824.1
320.64128 	2109508.8
321.44289 	2089194.2
322.24449 	2068880.4
323.04609 	2048567.4
323.8477 	2028255.5
324.6493 	2007944.5
325.4509 	1987634.6
326.25251 	1967325.9
327.05411 	1947018.3
327.85571 	1926711.8
328.65731 	1906406.6
329.45892 	1886102.5
330.26052 	1865799.6
331.06212 	1845497.9
331.86373 	1825197.3
332.66533 	1804897.9
333.46693 	1784599.5
334.26854 	1764302.1
335.07014 	1744005.6
335.87174 	1723710
336.67335 	1703415.3
337.47495 	1683121.2
338.27655 	1662827.8
339.07816 	1642535
339.87976 	1622242.7
340.68136 	1601950.8
341.48297 	1581659.2
342.28457 	1561367.8
343.08617 	1541076.6
343.88778 	1520785.4
344.68938 	1500494.2
345.49098 	1480202.9
346.29259 	1459911.4
347.09419 	1439619.7
347.89579 	1419327.8
348.69739 	1399035.4
349.499 	1378742.7
350.3006 	1358449.5
351.1022 	1338155.9
351.90381 	1317861.7
352.70541 	1297567
353.50701 	1277271.8
354.30862 	1256975.9
355.11022 	1236679.6
355.91182 	1216382.6
356.71343 	1196085.1
357.51503 	1175787.1
358.31663 	1155488.5
359.11824 	1135189.4
359.91984 	1114889.8
360.72144 	1094589.8
361.52305 	1074289.4
362.32465 	1053988.6
363.12625 	1033687.5
363.92786 	1013386.1
364.72946 	993084.46
365.53106 	972782.61
366.33267 	952480.6
367.13427 	932178.49
367.93587 	911876.32
368.73747 	891574.13
369.53908 	871271.97
370.34068 	850969.89
371.14228 	830667.91
371.94389 	810366.09
372.74549 	790064.46
373.54709 	769763.04
374.3487 	749461.88
375.1503 	729161
375.9519 	708860.43
376.75351 	688560.19
377.55511 	668260.29
379.15832 	627661.59
379.95992 	607362.81
381.56313 	566766.43
382.36473 	546468.83
383.16633 	526171.63
383.96794 	505874.81
384.76954 	485578.37
385.57114 	465282.31
386.37275 	444986.61
387.17435 	424691.26
387.97595 	404396.25
388.77756 	384101.56
389.57916 	363807.18
390.38076 	343513.1
391.18236 	323219.28
391.98397 	302925.73
392.78557 	282632.41
393.58717 	262339.31
394.38878 	242046.4
395.19038 	221753.68
395.99198 	201461.12
396.79359 	181168.7
397.59519 	160876.39
399.1984 	120292.07
400 	100494.24
