0 	9152233.3
6.4128257 	9043744.8
34.468938 	8469240.7
37.675351 	8395721.4
40.881764 	8331491.1
50.501002 	8155562.1
53.707415 	8130393.2
62.52505 	7941451.6
65.731463 	7867362.4
68.937876 	7787486.4
69.739479 	7767835.1
96.993988 	7534901
103.40681 	7532593.4
106.61323 	7530953.8
116.23246 	7353242.1
123.44689 	7169488.7
125.05 	7128607.3
125.8517 	7108153.6
128.25651 	7046760.5
131.46293 	6964808.7
151.50301 	6451397.4
153.90782 	6389730.4
156.31263 	6328057.4
159.51904 	6245827.6
166.73347 	6060886.1
169.13828 	5999268.9
175.5511 	5835013.3
176.35271 	5814488.8
187.57515 	5527547.1
190.78156 	5445709.1
200.4008 	5200315.3
201.2024 	5179867
202.00401 	5159418.5
202.80561 	5138969.8
203.60721 	5118520.8
204.40882 	5098071.3
205.21042 	5077621.3
206.01202 	5057170.8
206.81363 	5036719.6
207.61523 	5016267.6
208.41683 	4995814.9
209.21844 	4975361.3
210.02004 	4954906.7
210.82164 	4934451.2
211.62325 	4913994.7
212.42485 	4893537.1
213.22645 	4873078.4
214.02806 	4852618.5
214.82966 	4832157.4
215.63126 	4811695.1
216.43287 	4791231.5
217.23447 	4770766.5
218.03607 	4750300.1
219.63928 	4709362.9
220.44088 	4688892.1
221.24248 	4668419.7
222.04409 	4647945.7
222.84569 	4627470.2
223.64729 	4606993.2
224.4489 	4586514.7
225.2505 	4566034.7
226.0521 	4545553.4
227.65531 	4504586.9
228.45691 	4484102
229.25852 	4463616.2
230.86172 	4422642.8
231.66333 	4402155.6
232.46493 	4381668.3
234.06814 	4340695.1
234.86974 	4320209.7
235.67134 	4299725.6
236.47295 	4279243.2
237.27455 	4258762.9
238.07615 	4238284.9
238.87776 	4217809.8
239.67936 	4197337.8
240.48096 	4176869.1
241.28257 	4156404.2
242.08417 	4135943.1
242.88577 	4115486.1
243.68737 	4095033
244.48898 	4074584
245.29058 	4054138.9
246.09218 	4033697.5
246.89379 	4013259.4
247.69539 	3992824.3
248.49699 	3972391.5
249.2986 	3951960.6
250.1002 	3931530.9
250.9018 	3911101.5
251.70341 	3890671.8
252.50501 	3870241
253.30661 	3849808.1
254.10822 	3829372.6
254.90982 	3808933.5
255.71142 	3788490.1
256.51303 	3768041.8
257.31463 	3747588.1
258.11623 	3727128.3
258.91784 	3706662.2
259.71944 	3686189.4
260.52104 	3665709.7
261.32265 	3645223.2
262.12425 	3624729.8
262.92585 	3604229.7
263.72745 	3583723.2
264.52906 	3563210.5
265.33066 	3542692.2
266.13226 	3522168.8
266.93387 	3501640.7
267.73547 	3481108.7
268.53707 	3460573.4
269.33868 	3440035.5
270.14028 	3419495.6
270.94188 	3398954.4
271.74349 	3378412.6
272.54509 	3357870.9
273.34669 	3337329.9
274.1483 	3316790.1
274.9499 	3296252.1
274.95 	3296249.5
275.7515 	3275716.3
276.55311 	3255183.2
277.35471 	3234653
278.95792 	3193602.8
279.75952 	3173083.1
280.56112 	3152567.2
281.36273 	3132055
282.16433 	3111546.6
282.96593 	3091041.9
283.76754 	3070540.9
284.56914 	3050043.2
285.37074 	3029548.9
286.17234 	3009057.6
286.97395 	2988569.3
288.57715 	2947600.3
289.37876 	2927119.2
290.18036 	2906640.1
290.98196 	2886162.7
291.78357 	2865686.9
292.58517 	2845212.4
293.38677 	2824739.1
294.18838 	2804266.8
294.98998 	2783795.3
295.79158 	2763324.4
296.59319 	2742854.1
297.39479 	2722384.2
298.19639 	2701914.5
298.998 	2681445.1
299.7996 	2660975.7
300.6012 	2640506.3
301.40281 	2620036.9
302.20441 	2599567.2
303.00601 	2579097.3
303.80762 	2558627.1
304.60922 	2538156.4
306.21242 	2497213.6
307.01403 	2476741.4
307.81563 	2456268.5
308.61723 	2435794.9
309.41884 	2415320.6
310.22044 	2394845.5
311.02204 	2374369.6
311.82365 	2353892.7
312.62525 	2333415.1
313.42685 	2312936.4
314.22846 	2292456.9
315.03006 	2271976.3
315.83166 	2251494.8
316.63327 	2231012.4
317.43487 	2210528.9
318.23647 	2190044.4
319.03808 	2169559
319.83968 	2149072.6
320.64128 	2128585.1
321.44289 	2108096.8
322.24449 	2087607.5
323.04609 	2067117.2
323.8477 	2046626.1
324.6493 	2026134.1
325.4509 	2005641.3
326.25251 	1985147.6
327.05411 	1964653.2
327.85571 	1944158.1
328.65731 	1923662.3
329.45892 	1903165.8
330.26052 	1882668.7
331.06212 	1862171.1
331.86373 	1841673
332.66533 	1821174.4
333.46693 	1800675.4
334.26854 	1780176.1
335.07014 	1759676.5
335.87174 	1739176.7
336.67335 	1718676.6
337.47495 	1698176.5
338.27655 	1677676.2
339.07816 	1657175.9
339.87976 	1636675.7
340.68136 	1616175.4
341.48297 	1595675.3
342.28457 	1575175.3
343.08617 	1554675.5
343.88778 	1534175.9
344.68938 	1513676.5
345.49098 	1493177.4
346.29259 	1472678.5
347.09419 	1452180
347.89579 	1431681.8
348.69739 	1411184
349.499 	1390686.6
350.3006 	1370189.5
351.1022 	1349692.8
351.90381 	1329196.5
352.70541 	1308700.7
353.50701 	1288205.3
354.30862 	1267710.3
355.11022 	1247215.7
355.91182 	1226721.6
356.71343 	1206227.9
357.51503 	1185734.6
358.31663 	1165241.8
359.11824 	1144749.5
359.91984 	1124257.5
360.72144 	1103766.1
361.52305 	1083275
362.32465 	1062784.4
363.12625 	1042294.2
363.92786 	1021804.5
364.72946 	1001315.1
365.53106 	980826.17
366.33267 	960337.62
367.13427 	939849.44
367.93587 	919361.63
368.73747 	898874.18
369.53908 	878387.07
370.34068 	857900.28
371.14228 	837413.79
371.94389 	816927.61
372.74549 	796441.69
373.54709 	775956.03
374.3487 	755470.62
375.1503 	734985.42
375.9519 	714500.44
376.75351 	694015.64
377.55511 	673531.03
379.15832 	632562.27
379.95992 	612078.1
381.56313 	571110.12
382.36473 	550626.3
383.16633 	530142.58
383.96794 	509658.95
384.76954 	489175.4
385.57114 	468691.94
386.37275 	448208.55
387.17435 	427725.23
387.97595 	407241.98
388.77756 	386758.8
389.57916 	366275.68
390.38076 	345792.62
391.18236 	325309.62
391.98397 	304826.68
392.78557 	284343.79
393.58717 	263860.96
394.38878 	243378.17
395.19038 	222895.44
395.99198 	202412.75
396.79359 	181930.12
397.59519 	161447.52
399.1984 	120482.47
400 	100498.88
