0 	7972316.7
6.4128257 	7842280.9
34.468938 	7414090
37.675351 	7346458
40.881764 	7268760.1
50.501002 	7030053.2
53.707415 	6951405.3
62.52505 	6921891.3
65.731463 	6913600.4
68.937876 	6851741.6
69.739479 	6831381.5
96.993988 	6153122.1
103.40681 	6013855.5
106.61323 	5957105.4
116.23246 	5760086.1
123.44689 	5669860.2
125.05 	5634439.6
125.8517 	5614951.7
128.25651 	5555625.5
131.46293 	5476392.2
151.50301 	4972432.4
153.90782 	4948132.6
156.31263 	4900219.4
159.51904 	4812801.4
166.73347 	4722959.8
169.13828 	4722575.4
175.5511 	4722584.3
176.35271 	4722432.2
187.57515 	4719640.4
190.78156 	4718913.6
200.4008 	4713073.9
201.2024 	4712926.3
202.00401 	4712627.1
202.80561 	4712293.4
203.60721 	4712034.2
204.40882 	4711787.2
205.21042 	4711486.5
206.01202 	4711213.7
206.81363 	4711180
207.61523 	4711227.4
208.41683 	4711076.2
209.21844 	4710849.8
210.02004 	4710735.4
210.82164 	4710625.1
211.62325 	4710487.7
212.42485 	4710285.8
213.22645 	4710041.5
214.02806 	4709796.7
214.82966 	4709535.8
215.63126 	4709282.9
216.43287 	4709042.5
217.23447 	4708785.5
218.03607 	4708568.4
219.63928 	4708247.4
220.44088 	4708127.1
221.24248 	4707958.7
222.04409 	4707827.7
222.84569 	4708028.7
223.64729 	4708598.5
224.4489 	4709107.9
225.2505 	4709283.9
226.0521 	4709122.8
227.65531 	4708615.3
228.45691 	4708367.8
229.25852 	4708180.4
230.86172 	4707671.6
231.66333 	4707531.7
232.46493 	4707278.3
234.06814 	4706685.1
234.86974 	4706481.6
235.67134 	4706373.3
236.47295 	4706269.1
237.27455 	4706102
238.07615 	4705890
238.87776 	4705657.5
239.67936 	4705385.3
240.48096 	4705146.1
241.28257 	4704976.4
242.08417 	4704876.5
242.88577 	4704737.6
243.68737 	4704504.3
244.48898 	4704012.8
245.29058 	4702777.3
246.09218 	4700682.8
246.89379 	4696666.7
247.69539 	4688273.9
248.49699 	4672632.2
249.2986 	4650468.1
250.1002 	4626175.7
250.9018 	4601828.7
251.70341 	4577568
252.50501 	4553330.8
253.30661 	4529097
254.10822 	4504863.3
254.90982 	4480629.1
255.71142 	4456394.6
256.51303 	4432160.1
257.31463 	4407926.7
258.11623 	4383695.1
258.91784 	4359466
259.71944 	4335239
260.52104 	4311013.3
261.32265 	4286787.5
262.12425 	4262560.6
262.92585 	4238332.1
263.72745 	4214102.3
264.52906 	4189872.4
265.33066 	4165643.9
266.13226 	4141418.2
266.93387 	4117196.4
267.73547 	4092979.1
268.53707 	4068766.3
269.33868 	4044558
270.14028 	4020353.8
270.94188 	3996153
271.74349 	3971954.6
272.54509 	3947757.7
273.34669 	3923561.1
274.1483 	3899363.7
274.9499 	3875164.9
274.95 	3875161.9
275.7515 	3850964.4
276.55311 	3826762
277.35471 	3802558.2
278.95792 	3754147.5
279.75952 	3729941
280.56112 	3705734
281.36273 	3681526.4
282.16433 	3657318.4
282.96593 	3633110.1
283.76754 	3608901.8
284.56914 	3584693.5
285.37074 	3560485.2
286.17234 	3536277
286.97395 	3512068.9
288.57715 	3463652.1
289.37876 	3439443.4
290.18036 	3415234.3
290.98196 	3391024.7
291.78357 	3366814.8
292.58517 	3342604.4
293.38677 	3318393.6
294.18838 	3294182.4
294.98998 	3269970.9
295.79158 	3245759.1
296.59319 	3221547.2
297.39479 	3197335.1
298.19639 	3173123
298.998 	3148910.7
299.7996 	3124698.2
300.6012 	3100485.4
301.40281 	3076271.8
302.20441 	3052057.3
303.00601 	3027841.6
303.80762 	3003624.1
304.60922 	2979404.7
306.21242 	2930958.5
307.01403 	2906731.2
307.81563 	2882500.9
308.61723 	2858267.4
309.41884 	2834030.6
310.22044 	2809790.5
311.02204 	2785547.1
311.82365 	2761300.5
312.62525 	2737050.5
313.42685 	2712797.4
314.22846 	2688541.3
315.03006 	2664282.1
315.83166 	2640019.9
316.63327 	2615754.9
317.43487 	2591487
318.23647 	2567216.5
319.03808 	2542943.3
319.83968 	2518667.8
320.64128 	2494389.9
321.44289 	2470110
322.24449 	2445828.4
323.04609 	2421545.3
323.8477 	2397261
324.6493 	2372975.9
325.4509 	2348690.4
326.25251 	2324404.7
327.05411 	2300119.1
327.85571 	2275834
328.65731 	2251549.6
329.45892 	2227266
330.26052 	2202983.5
331.06212 	2178702.2
331.86373 	2154422.2
332.66533 	2130143.7
333.46693 	2105867
334.26854 	2081592.2
335.07014 	2057319.5
335.87174 	2033049.2
336.67335 	2008781.7
337.47495 	1984517.3
338.27655 	1960256.2
339.07816 	1935998.7
339.87976 	1911745.2
340.68136 	1887495.9
341.48297 	1863250.9
342.28457 	1839010.5
343.08617 	1814774.6
343.88778 	1790543.4
344.68938 	1766316.8
345.49098 	1742094.9
346.29259 	1717877.6
347.09419 	1693664.7
347.89579 	1669456.2
348.69739 	1645252
349.499 	1621052
350.3006 	1596856.1
351.1022 	1572664.2
351.90381 	1548476.2
352.70541 	1524292
353.50701 	1500111.5
354.30862 	1475934.6
355.11022 	1451761.3
355.91182 	1427591.5
356.71343 	1403425.2
357.51503 	1379262.1
358.31663 	1355102.4
359.11824 	1330945.8
359.91984 	1306792.2
360.72144 	1282641.6
361.52305 	1258493.8
362.32465 	1234348.7
363.12625 	1210206
363.92786 	1186065.6
364.72946 	1161927.3
365.53106 	1137791
366.33267 	1113656.3
367.13427 	1089523.1
367.93587 	1065391.3
368.73747 	1041260.6
369.53908 	1017130.9
370.34068 	993002.04
371.14228 	968873.82
371.94389 	944746.13
372.74549 	920618.85
373.54709 	896491.86
374.3487 	872365.03
375.1503 	848238.26
375.9519 	824111.44
376.75351 	799984.45
377.55511 	775857.17
379.15832 	727601.35
379.95992 	703472.58
381.56313 	655212.87
382.36473 	631081.76
383.16633 	606949.75
383.96794 	582816.79
384.76954 	558682.86
385.57114 	534547.95
386.37275 	510412.08
387.17435 	486275.27
387.97595 	462137.57
388.77756 	437999
389.57916 	413859.63
390.38076 	389719.5
391.18236 	365578.68
391.98397 	341437.21
392.78557 	317295.17
393.58717 	293152.59
394.38878 	269009.54
395.19038 	244866.08
395.99198 	220722.27
396.79359 	196578.15
397.59519 	172433.81
399.1984 	124144.67
400 	100588.08
