0 	8540980.7
6.4128257 	8491838.2
34.468938 	7836246.7
37.675351 	7759804.1
40.881764 	7733951.1
50.501002 	7541954.3
53.707415 	7532542.2
62.52505 	7401408.9
65.731463 	7330260.7
68.937876 	7253044.5
69.739479 	7235237.3
96.993988 	6619774.6
103.40681 	6466762.8
106.61323 	6399172.8
116.23246 	6186312
123.44689 	6010433.3
125.05 	5975995.1
125.8517 	5957768.1
128.25651 	5901899.9
131.46293 	5854519.4
151.50301 	5846216.4
153.90782 	5846229.9
156.31263 	5845912.2
159.51904 	5845241.9
166.73347 	5842476
169.13828 	5841744.3
175.5511 	5840126.2
176.35271 	5839760.9
187.57515 	5794091.7
190.78156 	5708312.1
200.4008 	5450098.5
201.2024 	5428565.4
202.00401 	5407035.8
202.80561 	5385510.3
203.60721 	5363989.2
204.40882 	5342473
205.21042 	5320961.9
206.01202 	5299456.9
206.81363 	5277958.5
207.61523 	5256467.7
208.41683 	5234985.2
209.21844 	5213511.7
210.02004 	5192047
210.82164 	5170590.4
211.62325 	5149140.7
212.42485 	5127695.8
213.22645 	5106253.4
214.02806 	5084811.1
214.82966 	5063366.7
215.63126 	5041918.8
216.43287 	5020466.6
217.23447 	4999010.5
218.03607 	4977551.3
219.63928 	4934626.6
220.44088 	4913162.1
221.24248 	4891696.5
222.04409 	4870229.6
222.84569 	4848761.7
223.64729 	4827292.6
224.4489 	4805822.6
225.2505 	4784351.8
226.0521 	4762880.3
227.65531 	4719936.7
228.45691 	4698465.5
229.25852 	4676995.3
230.86172 	4634060
231.66333 	4612595.8
232.46493 	4591134.6
234.06814 	4548222
234.86974 	4526770.9
235.67134 	4505323.2
236.47295 	4483878.8
237.27455 	4462437.3
238.07615 	4440998.5
238.87776 	4419561.8
239.67936 	4398126.9
240.48096 	4376693
241.28257 	4355259.7
242.08417 	4333826.5
242.88577 	4312392.6
243.68737 	4290957.5
244.48898 	4269520.6
245.29058 	4248081.2
246.09218 	4226638.7
246.89379 	4205192.5
247.69539 	4183742.3
248.49699 	4162287.6
249.2986 	4140828.3
250.1002 	4119364.4
250.9018 	4097895.9
251.70341 	4076423.2
252.50501 	4054946.6
253.30661 	4033466.3
254.10822 	4011982.9
254.90982 	3990496.5
255.71142 	3969007.6
256.51303 	3947516.4
257.31463 	3926023
258.11623 	3904527.7
258.91784 	3883030.5
259.71944 	3861531.5
260.52104 	3840030.9
261.32265 	3818528.7
262.12425 	3797025.1
262.92585 	3775520.2
263.72745 	3754014.2
264.52906 	3732507.3
265.33066 	3710999.7
266.13226 	3689491.6
266.93387 	3667983.3
267.73547 	3646475
268.53707 	3624967.1
269.33868 	3603459.8
270.14028 	3581953.3
270.94188 	3560448.1
271.74349 	3538944.3
272.54509 	3517442.3
273.34669 	3495942.2
274.1483 	3474444
274.9499 	3452947.9
274.95 	3452945.2
275.7515 	3431453.8
276.55311 	3409961.5
277.35471 	3388471
278.95792 	3345494.2
279.75952 	3324007.6
280.56112 	3302521.9
281.36273 	3281037
282.16433 	3259552.7
282.96593 	3238069
283.76754 	3216585.7
284.56914 	3195102.7
285.37074 	3173620
286.17234 	3152137.4
286.97395 	3130654.9
288.57715 	3087689.4
289.37876 	3066206.1
290.18036 	3044722.2
290.98196 	3023237.4
291.78357 	3001751.4
292.58517 	2980264.1
293.38677 	2958775.1
294.18838 	2937284.2
294.98998 	2915791.2
295.79158 	2894295.9
296.59319 	2872798.1
297.39479 	2851297.8
298.19639 	2829794.8
298.998 	2808289.1
299.7996 	2786780.8
300.6012 	2765270
301.40281 	2743756.8
302.20441 	2722241.2
303.00601 	2700723.6
303.80762 	2679204
304.60922 	2657682.7
306.21242 	2614636.1
307.01403 	2593111.3
307.81563 	2571586
308.61723 	2550060.6
309.41884 	2528535.6
310.22044 	2507011.5
311.02204 	2485488.9
311.82365 	2463968.4
312.62525 	2442450.7
313.42685 	2420936.3
314.22846 	2399426
315.03006 	2377920.2
315.83166 	2356419.7
316.63327 	2334924.7
317.43487 	2313435.8
318.23647 	2291953.2
319.03808 	2270477
319.83968 	2249007.4
320.64128 	2227544.2
321.44289 	2206087.2
322.24449 	2184636.3
323.04609 	2163190.9
323.8477 	2141750.6
324.6493 	2120314.7
325.4509 	2098882.6
326.25251 	2077453.5
327.05411 	2056026.6
327.85571 	2034601.1
328.65731 	2013176.1
329.45892 	1991750.8
330.26052 	1970324.3
331.06212 	1948895.7
331.86373 	1927464.4
332.66533 	1906029.5
333.46693 	1884590.5
334.26854 	1863146.8
335.07014 	1841697.7
335.87174 	1820243.1
336.67335 	1798782.4
337.47495 	1777315.6
338.27655 	1755842.4
339.07816 	1734362.9
339.87976 	1712877
340.68136 	1691384.8
341.48297 	1669886.7
342.28457 	1648382.7
343.08617 	1626873.3
343.88778 	1605358.8
344.68938 	1583839.6
345.49098 	1562316.1
346.29259 	1540788.9
347.09419 	1519258.5
347.89579 	1497725.4
348.69739 	1476190.2
349.499 	1454653.5
350.3006 	1433115.7
351.1022 	1411577.6
351.90381 	1390039.5
352.70541 	1368502.1
353.50701 	1346965.9
354.30862 	1325431.3
355.11022 	1303898.7
355.91182 	1282368.5
356.71343 	1260841.1
357.51503 	1239316.5
358.31663 	1217795.2
359.11824 	1196277
359.91984 	1174762.2
360.72144 	1153250.8
361.52305 	1131742.6
362.32465 	1110237.6
363.12625 	1088735.5
363.92786 	1067236.3
364.72946 	1045739.7
365.53106 	1024245.4
366.33267 	1002753.2
367.13427 	981262.73
367.93587 	959773.73
368.73747 	938285.9
369.53908 	916798.96
370.34068 	895312.6
371.14228 	873826.56
371.94389 	852340.57
372.74549 	830854.39
373.54709 	809367.81
374.3487 	787880.64
375.1503 	766392.71
375.9519 	744903.88
376.75351 	723414.07
377.55511 	701923.2
379.15832 	658938.16
379.95992 	637444.02
381.56313 	594452.75
382.36473 	572955.8
383.16633 	551458.11
383.96794 	529959.81
384.76954 	508461.03
385.57114 	486961.89
386.37275 	465462.52
387.17435 	443963.03
387.97595 	422463.54
388.77756 	400964.13
389.57916 	379464.88
390.38076 	357965.86
391.18236 	336467.11
391.98397 	314968.67
392.78557 	293470.56
393.58717 	271972.77
394.38878 	250475.31
395.19038 	228978.16
395.99198 	207481.29
396.79359 	185984.68
397.59519 	164488.29
399.1984 	121496
400 	100523.56
