0 	9858510.4
6.4128257 	9741470.1
34.468938 	9109302.2
37.675351 	9030214.1
40.881764 	8951124.9
50.501002 	8713874.2
53.707415 	8634797.8
62.52505 	8417352.9
65.731463 	8338287.7
68.937876 	8259225.9
69.739479 	8239460.9
96.993988 	7567556
103.40681 	7409482.8
106.61323 	7330448.8
116.23246 	7093353.9
123.44689 	6915535.6
125.05 	6876022.8
125.8517 	6856262.6
128.25651 	6796989.5
131.46293 	6717958.2
151.50301 	6224001.2
153.90782 	6164725.1
156.31263 	6105448.8
159.51904 	6026413.4
166.73347 	5848582.6
169.13828 	5789305.4
175.5511 	5631232.1
176.35271 	5611472.8
187.57515 	5334842
190.78156 	5255804.1
200.4008 	5018689.5
201.2024 	4998929.9
202.00401 	4979170.4
202.80561 	4959410.8
203.60721 	4939651.2
204.40882 	4919891.6
205.21042 	4900132.1
206.01202 	4880372.5
206.81363 	4860613
207.61523 	4840853.4
208.41683 	4821093.9
209.21844 	4801334.3
210.02004 	4781574.8
210.82164 	4761815.3
211.62325 	4742055.8
212.42485 	4722296.3
213.22645 	4702536.8
214.02806 	4682777.3
214.82966 	4663017.8
215.63126 	4643258.4
216.43287 	4623498.9
217.23447 	4603739.5
218.03607 	4583980.1
219.63928 	4544461.3
220.44088 	4524701.9
221.24248 	4504942.5
222.04409 	4485183.1
222.84569 	4465423.8
223.64729 	4445664.4
224.4489 	4425905.1
225.2505 	4406145.7
226.0521 	4386386.4
227.65531 	4346867.8
228.45691 	4327108.4
229.25852 	4307349.1
230.86172 	4267830.5
231.66333 	4248071.2
232.46493 	4228311.9
234.06814 	4188793.3
234.86974 	4169034
235.67134 	4149274.7
236.47295 	4129515.4
237.27455 	4109756.1
238.07615 	4089996.8
238.87776 	4070237.5
239.67936 	4050478.2
240.48096 	4030718.9
241.28257 	4010959.6
242.08417 	3991200.4
242.88577 	3971441.1
243.68737 	3951681.8
244.48898 	3931922.6
245.29058 	3912163.4
246.09218 	3892404.2
246.89379 	3872645
247.69539 	3852885.8
248.49699 	3833126.7
249.2986 	3813367.6
250.1002 	3793608.5
250.9018 	3773849.4
251.70341 	3754090.4
252.50501 	3734331.5
253.30661 	3714572.6
254.10822 	3694813.7
254.90982 	3675054.9
255.71142 	3655296.2
256.51303 	3635537.5
257.31463 	3615778.8
258.11623 	3596020.3
258.91784 	3576261.8
259.71944 	3556503.4
260.52104 	3536745.1
261.32265 	3516986.9
262.12425 	3497228.7
262.92585 	3477470.7
263.72745 	3457712.7
264.52906 	3437954.8
265.33066 	3418197.1
266.13226 	3398439.4
266.93387 	3378681.9
267.73547 	3358924.4
268.53707 	3339167.1
269.33868 	3319409.9
270.14028 	3299652.8
270.94188 	3279895.8
271.74349 	3260138.9
272.54509 	3240382.1
273.34669 	3220625.5
274.1483 	3200868.9
274.9499 	3181112.5
274.95 	3181110.1
275.7515 	3161356.2
276.55311 	3141600
277.35471 	3121844
278.95792 	3082332.2
279.75952 	3062576.5
280.56112 	3042820.8
281.36273 	3023065.3
282.16433 	3003309.9
282.96593 	2983554.6
283.76754 	2963799.4
284.56914 	2944044.4
285.37074 	2924289.4
286.17234 	2904534.5
286.97395 	2884779.7
288.57715 	2845270.4
289.37876 	2825515.9
290.18036 	2805761.4
290.98196 	2786007.1
291.78357 	2766252.8
292.58517 	2746498.7
293.38677 	2726744.6
294.18838 	2706990.6
294.98998 	2687236.6
295.79158 	2667482.7
296.59319 	2647729
297.39479 	2627975.2
298.19639 	2608221.6
298.998 	2588468
299.7996 	2568714.5
300.6012 	2548961.1
301.40281 	2529207.7
302.20441 	2509454.4
303.00601 	2489701.1
303.80762 	2469947.9
304.60922 	2450194.8
306.21242 	2410688.8
307.01403 	2390935.8
307.81563 	2371182.9
308.61723 	2351430.1
309.41884 	2331677.4
310.22044 	2311924.7
311.02204 	2292172
311.82365 	2272419.5
312.62525 	2252666.9
313.42685 	2232914.5
314.22846 	2213162.1
315.03006 	2193409.7
315.83166 	2173657.5
316.63327 	2153905.2
317.43487 	2134153.1
318.23647 	2114401
319.03808 	2094648.9
319.83968 	2074897
320.64128 	2055145.1
321.44289 	2035393.2
322.24449 	2015641.4
323.04609 	1995889.7
323.8477 	1976138
324.6493 	1956386.4
325.4509 	1936634.9
326.25251 	1916883.4
327.05411 	1897132
327.85571 	1877380.6
328.65731 	1857629.3
329.45892 	1837878.1
330.26052 	1818126.9
331.06212 	1798375.8
331.86373 	1778624.8
332.66533 	1758873.8
333.46693 	1739122.9
334.26854 	1719372.1
335.07014 	1699621.3
335.87174 	1679870.6
336.67335 	1660119.9
337.47495 	1640369.3
338.27655 	1620618.8
339.07816 	1600868.3
339.87976 	1581117.9
340.68136 	1561367.6
341.48297 	1541617.3
342.28457 	1521867.1
343.08617 	1502116.9
343.88778 	1482366.8
344.68938 	1462616.8
345.49098 	1442866.8
346.29259 	1423116.9
347.09419 	1403367.1
347.89579 	1383617.3
348.69739 	1363867.6
349.499 	1344117.9
350.3006 	1324368.3
351.1022 	1304618.8
351.90381 	1284869.3
352.70541 	1265119.9
353.50701 	1245370.5
354.30862 	1225621.2
355.11022 	1205872
355.91182 	1186122.8
356.71343 	1166373.7
357.51503 	1146624.6
358.31663 	1126875.6
359.11824 	1107126.6
359.91984 	1087377.7
360.72144 	1067628.9
361.52305 	1047880.1
362.32465 	1028131.4
363.12625 	1008382.7
363.92786 	988634.11
364.72946 	968885.55
365.53106 	949137.05
366.33267 	929388.6
367.13427 	909640.21
367.93587 	889891.88
368.73747 	870143.6
369.53908 	850395.37
370.34068 	830647.2
371.14228 	810899.08
371.94389 	791151.02
372.74549 	771403
373.54709 	751655.04
374.3487 	731907.14
375.1503 	712159.28
375.9519 	692411.48
376.75351 	672663.73
377.55511 	652916.03
379.15832 	613420.79
379.95992 	593673.25
381.56313 	554178.31
382.36473 	534430.91
383.16633 	514683.56
383.96794 	494936.27
384.76954 	475189.02
385.57114 	455441.82
386.37275 	435694.66
387.17435 	415947.56
387.97595 	396200.5
388.77756 	376453.49
389.57916 	356706.53
390.38076 	336959.61
391.18236 	317212.73
391.98397 	297465.91
392.78557 	277719.12
393.58717 	257972.38
394.38878 	238225.69
395.19038 	218479.03
395.99198 	198732.42
396.79359 	178985.86
397.59519 	159239.33
399.1984 	119746.41
400 	100480.95
