0 	3836483.9
0.35183948 	3829081.3
0.70367896 	3821296.4
1.0555184 	3813511.7
1.4073579 	3805733.1
1.7591974 	3797963.7
2.1110369 	3790194.4
2.4628764 	3782429.2
2.8147158 	3774692.7
3.1665553 	3767000.5
3.5183948 	3759298
3.8702343 	3751679
4.2220737 	3743920.5
4.9257527 	3728331.3
5.6294317 	3713162.8
5.9812711 	3705364
6.3331106 	3697934.8
8.092308 	3663617.1
8.795987 	3648066.9
9.1478265 	3640306.4
10.203345 	3617052.5
10.907024 	3601482.6
11.258863 	3593697.6
11.610703 	3585928.1
11.962542 	3578255.6
12.666221 	3562749.7
13.018061 	3554964.3
13.3699 	3547179
13.72174 	3539393.6
14.777258 	3516037.4
15.480937 	3500466.3
15.832777 	3492680.7
16.536456 	3477109.5
17.591974 	3453741.8
18.647492 	3437657.9
19.351171 	3437495.2
19.703011 	3437458.6
20.05485 	3437422.2
20.40669 	3437385.6
20.758529 	3437349.2
21.462208 	3437276
22.165887 	3437203.1
22.869566 	3437129.9
23.573245 	3437066
23.925085 	3437023.6
24.276924 	3436979.1
24.628764 	3436907.3
25.332442 	3430647.8
25.684282 	3422981.9
26.387961 	3407386.7
26.7398 	3399585.5
27.09164 	3391784.2
27.443479 	3383982.8
27.795319 	3376181.4
28.147158 	3368379.8
28.850837 	3352776.6
29.202677 	3344974.9
29.554516 	3337173.2
29.906356 	3329371.5
30.258195 	3321569.6
30.610035 	3313767.7
30.961874 	3305965.7
31.665553 	3290361.3
32.017393 	3282559
32.369232 	3274756.5
32.721072 	3266954
33.072911 	3259151.4
33.424751 	3251348.7
33.77659 	3243545.9
34.128429 	3235743.1
34.480269 	3227940.3
34.832108 	3220137.4
35.183948 	3212334.5
35.535787 	3204531.6
35.887627 	3196728.6
36.239466 	3188925.7
36.591306 	3181122.8
37.294985 	3165517.1
37.646824 	3157714.2
37.998664 	3149911.4
38.702343 	3134305.9
39.406022 	3118700.5
39.757861 	3110897.9
41.165219 	3079687.7
41.517059 	3071885.2
41.868898 	3064082.8
42.220737 	3056280.4
42.924416 	3040675.6
43.276256 	3032873.3
43.628095 	3025071
43.979935 	3017268.7
44.683614 	3001664.3
45.035453 	2993862.1
45.387293 	2986059.9
46.090972 	2970455.6
46.442811 	2962653.5
47.14649 	2947049.3
47.49833 	2939247.2
48.202009 	2923643.1
48.553848 	2915841
49.257527 	2900237
49.609367 	2892435
49.961206 	2884633
50.313045 	2876831.1
50.664885 	2869029.1
51.016724 	2861227.2
51.720403 	2845623.3
52.072243 	2837821.4
52.424082 	2830019.6
52.775922 	2822217.7
53.127761 	2814415.8
54.18328 	2791010.3
54.535119 	2783208.5
54.886959 	2775406.7
55.238798 	2767604.9
55.590638 	2759803.2
55.942477 	2752001.4
56.997996 	2728596.2
57.349835 	2720794.5
57.701675 	2712992.8
58.053514 	2705191.1
58.405354 	2697389.4
58.757193 	2689587.7
59.109032 	2681786.1
59.460872 	2673984.4
60.164551 	2658381.2
60.51639 	2650579.6
60.86823 	2642778
61.220069 	2634976.4
61.571909 	2627174.9
61.923748 	2619373.3
62.275588 	2611571.8
62.627427 	2603770.2
62.979267 	2595968.7
63.331106 	2588167.2
63.682946 	2580365.7
64.034785 	2572564.2
64.386625 	2564762.8
64.738464 	2556961.3
65.442143 	2541358.4
65.793983 	2533557
66.497662 	2517954.2
67.55318 	2494550.1
68.256859 	2478947.4
68.608698 	2471146.1
69.312377 	2455543.5
70.016056 	2439941
70.367896 	2432139.7
70.719735 	2424338.5
71.071575 	2416537.3
71.423414 	2408736
72.830772 	2377531.3
73.182612 	2369730.2
73.534451 	2361929
73.886291 	2354127.9
74.941809 	2330724.6
75.293648 	2322923.5
75.645488 	2315122.4
75.997327 	2307321.4
77.052846 	2283918.3
77.404685 	2276117.3
77.756525 	2268316.3
78.460204 	2252714.4
78.812043 	2244913.4
79.163883 	2237112.5
80.219401 	2213709.7
81.27492 	2190307
81.626759 	2182506.2
81.978599 	2174705.3
82.330438 	2166904.5
82.682278 	2159103.6
83.034117 	2151302.8
83.385957 	2143502
83.737796 	2135701.2
84.089635 	2127900.4
84.441475 	2120099.6
85.496993 	2096697.3
86.552512 	2073295.1
86.904351 	2065494.4
89.015388 	2018690.2
89.367228 	2010889.5
90.070907 	1995288.2
90.422746 	1987487.6
90.774586 	1979686.9
91.126425 	1971886.3
91.478265 	1964085.7
91.830104 	1956285.1
92.533783 	1940683.9
93.237462 	1925082.8
93.589301 	1917282.3
93.941141 	1909481.7
94.29298 	1901681.2
96.052178 	1862678.7
96.404017 	1854878.2
96.755857 	1847077.7
97.459536 	1831476.8
97.811375 	1823676.4
98.163215 	1815876
98.515054 	1808075.6
99.922412 	1776874
100.27425 	1769073.6
100.62609 	1761273.3
101.32977 	1745672.6
102.03345 	1730071.9
102.38529 	1722271.6
103.79265 	1691070.5
104.14449 	1683270.2
104.49633 	1675469.9
105.2 	1659869.5
105.90368 	1644269
106.25552 	1636468.8
106.60736 	1628668.6
108.01472 	1597467.8
108.36656 	1589667.7
108.7184 	1581867.5
109.07024 	1574067.3
109.77392 	1558467.1
110.12576 	1550666.9
110.82944 	1535066.7
111.18128 	1527266.6
111.53311 	1519466.5
111.88495 	1511666.4
112.58863 	1496066.3
112.94047 	1488266.2
113.29231 	1480466.2
113.64415 	1472666.1
113.99599 	1464866.1
114.34783 	1457066
114.69967 	1449266
115.05151 	1441466
115.40335 	1433666
115.75519 	1425866
116.45887 	1410266
116.81071 	1402466
117.16255 	1394666
117.51439 	1386866.1
118.21806 	1371266.2
118.5699 	1363466.2
118.92174 	1355666.3
119.27358 	1347866.4
119.62542 	1340066.4
119.97726 	1332266.5
120.3291 	1324466.6
120.68094 	1316666.7
121.03278 	1308866.8
121.38462 	1301066.9
121.73646 	1293267.1
122.0883 	1285467.2
122.79198 	1269867.5
123.14382 	1262067.6
123.49566 	1254267.8
123.8475 	1246467.9
124.19934 	1238668.1
124.55118 	1230868.3
124.90302 	1223068.5
125.25485 	1215268.7
125.60669 	1207468.9
126.66221 	1184069.5
127.01405 	1176269.7
127.36589 	1168470
127.71773 	1160670.2
128.06957 	1152870.5
128.42141 	1145070.7
128.77325 	1137271
129.12509 	1129471.3
129.47693 	1121671.5
130.18061 	1106072.1
130.53245 	1098272.4
130.88429 	1090472.7
131.23613 	1082673
132.29164 	1059273.9
132.64348 	1051474.3
132.99532 	1043674.6
133.699 	1028075.2
134.05084 	1020275.6
134.40268 	1012475.9
134.75452 	1004676.3
135.4582 	989077.02
135.81004 	981277.39
136.16188 	973477.77
136.51372 	965678.15
136.86556 	957878.54
137.56924 	942279.34
137.92108 	934479.75
138.27292 	926680.16
138.97659 	911081.01
139.68027 	895481.88
140.03211 	887682.33
140.38395 	879882.78
140.73579 	872083.25
141.08763 	864283.71
141.43947 	856484.19
141.79131 	848684.67
142.14315 	840885.15
142.49499 	833085.65
142.84683 	825286.15
144.25419 	794088.21
145.3097 	770689.84
145.66154 	762890.39
146.01338 	755090.95
146.36522 	747291.52
146.71706 	739492.09
147.0689 	731692.67
147.42074 	723893.26
148.12442 	708294.46
148.8281 	692695.68
149.17994 	684896.3
149.88362 	669297.57
150.23546 	661498.21
150.5873 	653698.86
151.29098 	638100.18
151.99465 	622501.52
152.69833 	606902.89
153.05017 	599103.59
153.40201 	591304.29
153.75385 	583505
154.45753 	567906.44
154.80937 	560107.17
155.16121 	552307.9
155.51305 	544508.65
155.86489 	536709.4
156.21673 	528910.15
156.56857 	521110.92
157.62409 	497713.25
157.97593 	489914.04
158.32777 	482114.83
158.67961 	474315.64
159.03144 	466516.45
159.38328 	458717.27
159.73512 	450918.09
160.08696 	443118.92
160.4388 	435319.76
160.79064 	427520.6
161.14248 	419721.46
161.49432 	411922.32
161.84616 	404123.18
162.90168 	380725.82
163.25352 	372926.71
163.9572 	357328.52
164.30904 	349529.44
164.66088 	341730.36
165.01272 	333931.29
165.71639 	318333.16
166.06823 	310534.11
167.12375 	287137.01
167.47559 	279337.99
167.82743 	271538.97
168.17927 	263739.97
168.53111 	255940.97
169.23479 	240342.99
169.58663 	232544.01
169.93847 	224745.04
170.64215 	209147.12
170.99399 	201348.18
171.34583 	193549.23
171.69767 	185750.3
172.04951 	177951.38
172.40134 	170152.46
172.75318 	162353.55
173.10502 	154554.65
174.16054 	131157.98
174.51238 	123359.11
174.86422 	115560.2
