0 	7263741.4
6.4128257 	7200533.2
34.468938 	6539960.4
37.675351 	6462336.6
40.881764 	6399225.6
50.501002 	6243799.4
53.707415 	6231556.9
62.52505 	6032013.2
65.731463 	5968070.3
68.937876 	5920682.1
69.739479 	5901464.3
96.993988 	5442422.5
103.40681 	5321268.1
106.61323 	5310274.3
116.23246 	5088383.2
123.44689 	4983458.1
125.05 	4943984.5
125.8517 	4931994.3
128.25651 	4920647.9
131.46293 	4918781.5
151.50301 	4494875.6
153.90782 	4444486.8
156.31263 	4374043.6
159.51904 	4304782.2
166.73347 	4163272.5
169.13828 	4150838.9
175.5511 	4002230.1
176.35271 	3978751.4
187.57515 	3681131
190.78156 	3575631.5
200.4008 	3316505.5
201.2024 	3308509.7
202.00401 	3299914.6
202.80561 	3290264.2
203.60721 	3281882.7
204.40882 	3276686.5
205.21042 	3273757.8
206.01202 	3272423.9
206.81363 	3271837
207.61523 	3271519.3
208.41683 	3271386.8
209.21844 	3271416.3
210.02004 	3271523.4
210.82164 	3271648.1
211.62325 	3271754.2
212.42485 	3271942.7
213.22645 	3272452.8
214.02806 	3273451.6
214.82966 	3274405
215.63126 	3274956.6
216.43287 	3275317.1
217.23447 	3275614.9
218.03607 	3275828.7
219.63928 	3275835
220.44088 	3275757.4
221.24248 	3275684.8
222.04409 	3275698.2
222.84569 	3275816.4
223.64729 	3275961.7
224.4489 	3276109.6
225.2505 	3276243.8
226.0521 	3276339
227.65531 	3276332.4
228.45691 	3276080
229.25852 	3275498.9
230.86172 	3273485.4
231.66333 	3272457.3
232.46493 	3271568.7
234.06814 	3270231.7
234.86974 	3269704.7
235.67134 	3269240.8
236.47295 	3268839.3
237.27455 	3268483.2
238.07615 	3268191.6
238.87776 	3267927.1
239.67936 	3267669.1
240.48096 	3267368.3
241.28257 	3267030.9
242.08417 	3266677.9
242.88577 	3266349.5
243.68737 	3266019.2
244.48898 	3265659.7
245.29058 	3265274
246.09218 	3264900
246.89379 	3264565.7
247.69539 	3264300
248.49699 	3264093.1
249.2986 	3263920.4
250.1002 	3263746.6
250.9018 	3263585.4
251.70341 	3263456.2
252.50501 	3263361.6
253.30661 	3263298.8
254.10822 	3263302.5
254.90982 	3263341.9
255.71142 	3263420
256.51303 	3263568.4
257.31463 	3263744.3
258.11623 	3263945
258.91784 	3264176.4
259.71944 	3264368.9
260.52104 	3264512.5
261.32265 	3264624
262.12425 	3264705.5
262.92585 	3264773
263.72745 	3264838.1
264.52906 	3264887.4
265.33066 	3264915.8
266.13226 	3264918.4
266.93387 	3264891.8
267.73547 	3264850.3
268.53707 	3264797.4
269.33868 	3264740.2
270.14028 	3264673.5
270.94188 	3264603.9
271.74349 	3264538.6
272.54509 	3264482.9
273.34669 	3264448
274.1483 	3264436.8
274.9499 	3264428.1
274.95 	3264428.1
275.7515 	3264427.9
276.55311 	3264458.4
277.35471 	3264529.1
278.95792 	3264751.9
279.75952 	3264882.7
280.56112 	3265037.6
281.36273 	3265212.6
282.16433 	3265413.1
282.96593 	3265627.2
283.76754 	3265836.7
284.56914 	3266030.3
285.37074 	3266218.2
286.17234 	3266395.8
286.97395 	3266569.8
288.57715 	3266912.6
289.37876 	3267050.3
290.18036 	3267157.9
290.98196 	3267239.6
291.78357 	3267288.8
292.58517 	3267264.3
293.38677 	3267128.5
294.18838 	3266840.3
294.98998 	3266372.4
295.79158 	3265846.7
296.59319 	3265368.7
297.39479 	3264917.5
298.19639 	3264509.4
298.998 	3264074.5
299.7996 	3263578.1
300.6012 	3263133.2
301.40281 	3262645.9
302.20441 	3262129.5
303.00601 	3261635.4
303.80762 	3261172.6
304.60922 	3260753.9
306.21242 	3259970.9
307.01403 	3259641.4
307.81563 	3259328.8
308.61723 	3259143.9
309.41884 	3259243.6
310.22044 	3259523
311.02204 	3259681.9
311.82365 	3259757.6
312.62525 	3259786.5
313.42685 	3259762.7
314.22846 	3259705.8
315.03006 	3259665.6
315.83166 	3259630.2
316.63327 	3259693.2
317.43487 	3259734.1
318.23647 	3259676.4
319.03808 	3259532.8
319.83968 	3259299.6
320.64128 	3258674.2
321.44289 	3257336.3
322.24449 	3254720.2
323.04609 	3249294.8
323.8477 	3238251.1
324.6493 	3218330.7
325.4509 	3189690
326.25251 	3157051.6
327.05411 	3123805
327.85571 	3090580.3
328.65731 	3057370.4
329.45892 	3024162.2
330.26052 	2990960.3
331.06212 	2957765.8
331.86373 	2924576.2
332.66533 	2891392.2
333.46693 	2858219.9
334.26854 	2825063.5
335.07014 	2791917.7
335.87174 	2758768.2
336.67335 	2725599.5
337.47495 	2692402.5
338.27655 	2659177.3
339.07816 	2625930.7
339.87976 	2592672.3
340.68136 	2559410.3
341.48297 	2526148.9
342.28457 	2492887.3
343.08617 	2459621.7
343.88778 	2426347.8
344.68938 	2393063.3
345.49098 	2359768
346.29259 	2326463.3
347.09419 	2293151.2
347.89579 	2259832.9
348.69739 	2226509.4
349.499 	2193181.7
350.3006 	2159850.6
351.1022 	2126517.7
351.90381 	2093184.6
352.70541 	2059852.9
353.50701 	2026524.3
354.30862 	1993199.8
355.11022 	1959880.5
355.91182 	1926566.5
356.71343 	1893257.7
357.51503 	1859953.5
358.31663 	1826653.1
359.11824 	1793355.3
359.91984 	1760059
360.72144 	1726762.9
361.52305 	1693465.8
362.32465 	1660166.3
363.12625 	1626863.5
363.92786 	1593556.8
364.72946 	1560246.2
365.53106 	1526932.7
366.33267 	1493618.2
367.13427 	1460305.6
367.93587 	1426998.3
368.73747 	1393699.8
369.53908 	1360413.4
370.34068 	1327142
371.14228 	1293887.4
371.94389 	1260650.3
372.74549 	1227430.7
373.54709 	1194227.2
374.3487 	1161037.5
375.1503 	1127858.7
375.9519 	1094687.2
376.75351 	1061519.4
377.55511 	1028352.2
379.15832 	962011.11
379.95992 	928835.22
381.56313 	862474.43
382.36473 	829291.84
383.16633 	796109.7
383.96794 	762929.45
384.76954 	729752.39
385.57114 	696579.61
386.37275 	663411.88
387.17435 	630249.67
387.97595 	597093.09
388.77756 	563941.91
389.57916 	530795.57
390.38076 	497653.29
391.18236 	464514.13
391.98397 	431377.08
392.78557 	398241.2
393.58717 	365105.68
394.38878 	331969.92
395.19038 	298833.5
395.99198 	265696.25
396.79359 	232558.14
397.59519 	199419.3
399.1984 	133140.06
400 	100807.19
