0 	4064674.5
0.3317994 	4061791.3
3.6497934 	4024651.3
4.3133922 	4022540.2
4.6451916 	4022389.9
4.976991 	4020766.3
5.3087904 	4019680.6
5.9723892 	4017443.9
6.3041886 	4017322.5
6.635988 	4017354.6
7.2995868 	4016411.5
7.6313862 	4012314.1
7.9631856 	4004621.5
8.6267844 	3990549.1
8.9585838 	3985727.2
9.953982 	3973033.1
11.944778 	3966516.9
12.276578 	3965595.5
12.608377 	3962024.7
12.940177 	3960275.3
13.271976 	3959551.8
13.603775 	3959347.3
13.935575 	3960827.4
14.267374 	3958143.9
14.599174 	3950155.8
15.262772 	3939831.3
15.594572 	3934776.2
15.926371 	3933189.6
16.258171 	3930820.3
16.58997 	3930322.6
16.921769 	3930306.7
17.253569 	3929226.5
17.585368 	3927448.3
18.248967 	3927277.6
18.580766 	3927247.4
18.912566 	3926341.9
19.244365 	3921523.8
19.576165 	3914330.3
19.907964 	3905295
20.571563 	3888189.1
20.903362 	3883886.2
22.562359 	3860809.3
22.894159 	3853730
23.225958 	3845540.8
23.889557 	3827878
24.221356 	3819122.2
24.884955 	3801793
25.216754 	3793167.2
25.880353 	3775952.5
26.875751 	3750192.7
27.207551 	3741614
27.53935 	3733035.4
27.871149 	3724454.8
28.202949 	3715870.1
28.534748 	3707279.2
28.866548 	3698680.4
29.198347 	3690071.9
29.861946 	3672819.9
30.193745 	3664173.9
30.525545 	3655513.4
30.857344 	3646837.6
31.189143 	3638146
31.852742 	3620714.9
32.184542 	3611975.3
32.516341 	3603220.2
32.84814 	3594449.8
33.17994 	3585665
33.511739 	3576866.3
33.843539 	3568054.5
34.175338 	3559230.7
34.507137 	3550395.7
35.834335 	3514964
36.166134 	3506088.1
36.497934 	3497206.9
36.829733 	3488321.1
37.161533 	3479431.6
37.825131 	3461644.3
38.156931 	3452747.7
38.48873 	3443849.8
39.152329 	3426051.7
39.484128 	3417152.2
39.815928 	3408252.9
40.147727 	3399353.8
40.479527 	3390455.2
41.806724 	3354868.4
42.138524 	3345974.3
42.802122 	3328190.1
43.133922 	3319300.4
43.465721 	3310412.5
43.797521 	3301526.7
44.461119 	3283762.2
44.792919 	3274884.3
45.124718 	3266009.6
45.456518 	3257138.5
46.120116 	3239408.8
46.783715 	3221698.6
47.115515 	3212851.9
47.779113 	3195177.4
48.110913 	3186350.5
48.442712 	3177531
49.106311 	3159915.8
49.43811 	3151120.7
49.76991 	3142334.3
50.101709 	3133557
50.433509 	3124788.7
50.765308 	3116029.7
51.097107 	3107280.1
51.428907 	3098539.7
51.760706 	3089808.7
52.092506 	3081086.8
52.756104 	3063669.6
53.087904 	3054973.7
53.419703 	3046285.9
53.751503 	3037605.7
54.083302 	3028932.5
54.415101 	3020265.8
54.746901 	3011604.9
55.0787 	3002949.3
55.4105 	2994298.3
55.742299 	2985650.9
56.074098 	2977006.6
57.069497 	2951083.4
57.401296 	2942442.8
57.733095 	2933801.1
58.396694 	2916510.9
58.728494 	2907860.8
59.060293 	2899206.3
59.392092 	2890546.7
59.723892 	2881881.4
60.055691 	2873209.6
60.71929 	2855844.5
61.051089 	2847150.2
62.046488 	2821015.4
62.710086 	2803546.6
63.041886 	2794798
63.373685 	2786040.1
63.705485 	2777272.8
64.369083 	2759710.9
65.032682 	2742114.2
65.364482 	2733303.6
65.696281 	2724485.5
66.02808 	2715660.4
66.35988 	2706828.6
66.691679 	2697990.9
67.023479 	2689147.7
67.355278 	2680299.6
67.687077 	2671447.3
68.350676 	2653732.5
68.682476 	2644871.3
69.014275 	2636008.4
69.346074 	2627144.4
69.677874 	2618279.8
70.009673 	2609415.4
71.005071 	2582828.1
71.336871 	2573969.4
71.66867 	2565113.4
72.664068 	2538565.1
72.995868 	2529723.4
73.659467 	2512053.7
73.991266 	2503226
74.323065 	2494403.4
75.650263 	2459166.8
76.313862 	2441581.9
76.645661 	2432798
76.977461 	2424019.9
77.30926 	2415247.4
77.641059 	2406480.7
77.972859 	2397719.5
78.304658 	2388964
78.636458 	2380213.9
78.968257 	2371469.4
79.300056 	2362730.2
79.963655 	2345267.4
80.959053 	2319110.7
81.290853 	2310401.2
81.622652 	2301696.2
81.954452 	2292995.4
82.286251 	2284298.7
82.61805 	2275605.8
83.613448 	2249548
83.945248 	2240868.2
84.277047 	2232191.1
84.608847 	2223516.3
84.940646 	2214843.5
88.922239 	2110814.6
89.254038 	2102139.4
89.585838 	2093461.9
89.917637 	2084781.7
90.249436 	2076098.7
90.913035 	2058723.2
91.244835 	2050030.4
92.240233 	2023929.8
92.572032 	2015222
93.235631 	1997794.5
93.56743 	1989074.9
93.89923 	1980351.3
94.231029 	1971623.9
94.562829 	1962892.8
94.894628 	1954158.1
95.226427 	1945419.9
95.558227 	1936678.3
95.890026 	1927933.7
96.221826 	1919186
96.553625 	1910435.7
96.885424 	1901682.8
98.544421 	1857889.6
98.876221 	1849127
99.53982 	1831600.1
99.871619 	1822836.2
100.86702 	1796546.2
101.19882 	1787784.2
101.86242 	1770263.3
102.19421 	1761504.9
102.52601 	1752748
102.85781 	1743992.9
103.18961 	1735239.5
103.52141 	1726488.1
103.85321 	1717738.8
104.51681 	1700246.6
104.84861 	1691503.8
105.51221 	1674025.2
105.84401 	1665289.3
107.17121 	1630368.1
107.50301 	1621643.2
108.1666 	1604199.5
108.4984 	1595480.5
108.8302 	1586763.2
109.8256 	1560621.3
110.1574 	1551910.3
110.4892 	1543200.6
110.821 	1534492.1
111.1528 	1525784.7
111.4846 	1517078.3
112.48 	1490964.6
113.14359 	1473559
113.47539 	1464857.2
114.13899 	1447455
114.80259 	1430054.7
115.13439 	1421355.1
116.12979 	1395258.5
116.46159 	1386560.4
117.78879 	1351771.8
118.12059 	1343075.7
119.11598 	1316990.6
119.77958 	1299603.6
121.10678 	1264838.6
121.77038 	1247461.5
122.10218 	1238774.4
122.43398 	1230088.4
122.76578 	1221403.4
123.09758 	1212719.7
123.76118 	1195355.8
124.09298 	1186675.8
124.75657 	1169319.7
125.08837 	1160643.6
125.42017 	1151969
125.75197 	1143295.7
126.08377 	1134623.8
126.41557 	1125953.3
127.07917 	1108616.5
127.41097 	1099950.1
128.07457 	1082621.5
128.40637 	1073959.2
130.39716 	1022009.8
131.72436 	987395.8
132.05616 	978743.93
132.38796 	970092.52
132.71976 	961441.47
133.05156 	952790.67
133.38336 	944140.01
133.71516 	935489.37
134.04696 	926838.63
134.71056 	909536.4
135.04236 	900884.66
135.37415 	892232.33
135.70595 	883579.3
136.36955 	866270.62
136.70135 	857614.72
137.03315 	848957.62
137.36495 	840299.2
137.69675 	831639.35
138.02855 	822977.96
138.36035 	814314.91
139.02395 	796983.43
140.01935 	770971.38
140.68295 	753619.19
141.01474 	744939.63
141.67834 	727573.37
142.01014 	718886.57
143.00554 	692811.27
143.33734 	684114.5
144.00094 	666713.48
144.33274 	658009.29
144.66454 	649302.68
144.99634 	640593.72
145.32814 	631882.43
145.65994 	623168.89
145.99174 	614453.18
146.32353 	605735.36
146.65533 	597015.53
146.98713 	588293.77
147.31893 	579570.18
147.65073 	570844.88
147.98253 	562117.97
148.31433 	553389.56
148.64613 	544659.79
148.97793 	535928.76
149.30973 	527196.62
149.64153 	518463.49
150.30513 	500994.8
150.63693 	492259.51
150.96873 	483523.77
151.30053 	474787.72
151.63233 	466051.5
151.96412 	457315.23
153.29132 	422372.31
153.62312 	413637.74
154.28672 	396170.79
154.61852 	387438.61
154.95032 	378707.43
155.61392 	361248.41
155.94572 	352520.72
156.60932 	335069.33
156.94112 	326345.72
157.27292 	317623.57
157.93651 	300183.77
158.26831 	291466.16
158.60011 	282750.08
158.93191 	274035.54
159.26371 	265322.54
160.59091 	230485.34
160.92271 	221779.56
162.24991 	186968.87
162.58171 	178268.94
162.9135 	169569.95
163.2453 	160871.8
163.9089 	143477.66
164.2407 	134781.46
164.5725 	126085.7
164.9043 	117390.28
165.2361 	108695.08
165.5679 	100431.84
