0 	9628705.8
6.4128257 	9494999.6
34.468938 	9047398.3
37.675351 	9046736.7
40.881764 	9029006.1
50.501002 	8792974
53.707415 	8713171.5
62.52505 	8493753.4
65.731463 	8413970.9
68.937876 	8334189
69.739479 	8314243.8
96.993988 	7636095.7
103.40681 	7476533
106.61323 	7396750.4
116.23246 	7157417.9
123.44689 	6977949
125.05 	6938073.3
125.8517 	6918132.2
128.25651 	6858317.9
131.46293 	6778569
151.50301 	6280170.6
153.90782 	6220360.6
156.31263 	6160549.3
159.51904 	6080798.6
166.73347 	5901350.6
169.13828 	5841532.5
175.5511 	5682015.3
176.35271 	5662075.7
187.57515 	5382928.4
190.78156 	5303176
200.4008 	5063932.3
201.2024 	5043996.4
202.00401 	5024060.7
202.80561 	5004125.1
203.60721 	4984189.8
204.40882 	4964254.7
205.21042 	4944319.7
206.01202 	4924384.9
206.81363 	4904450.4
207.61523 	4884515.9
208.41683 	4864581.7
209.21844 	4844647.6
210.02004 	4824713.7
210.82164 	4804779.9
211.62325 	4784846.2
212.42485 	4764912.7
213.22645 	4744979.2
214.02806 	4725045.9
214.82966 	4705112.6
215.63126 	4685179.4
216.43287 	4665246.2
217.23447 	4645313.1
218.03607 	4625379.9
219.63928 	4585513.6
220.44088 	4565580.4
221.24248 	4545647.2
222.04409 	4525713.9
222.84569 	4505780.5
223.64729 	4485847
224.4489 	4465913.4
225.2505 	4445979.6
226.0521 	4426045.8
227.65531 	4386177.5
228.45691 	4366243.2
229.25852 	4346308.6
230.86172 	4306439
231.66333 	4286503.9
232.46493 	4266568.6
234.06814 	4226697.3
234.86974 	4206761.4
235.67134 	4186825.2
236.47295 	4166888.9
237.27455 	4146952.4
238.07615 	4127015.6
238.87776 	4107078.7
239.67936 	4087141.6
240.48096 	4067204.4
241.28257 	4047266.9
242.08417 	4027329.4
242.88577 	4007391.6
243.68737 	3987453.8
244.48898 	3967515.8
245.29058 	3947577.8
246.09218 	3927639.6
246.89379 	3907701.4
247.69539 	3887763.1
248.49699 	3867824.8
249.2986 	3847886.4
250.1002 	3827947.9
250.9018 	3808009.5
251.70341 	3788071.1
252.50501 	3768132.6
253.30661 	3748194.2
254.10822 	3728255.8
254.90982 	3708317.5
255.71142 	3688379.1
256.51303 	3668440.9
257.31463 	3648502.7
258.11623 	3628564.5
258.91784 	3608626.5
259.71944 	3588688.5
260.52104 	3568750.6
261.32265 	3548812.8
262.12425 	3528875
262.92585 	3508937.4
263.72745 	3488999.9
264.52906 	3469062.4
265.33066 	3449125.1
266.13226 	3429187.9
266.93387 	3409250.8
267.73547 	3389313.8
268.53707 	3369376.8
269.33868 	3349440
270.14028 	3329503.4
270.94188 	3309566.8
271.74349 	3289630.3
272.54509 	3269694
273.34669 	3249757.7
274.1483 	3229821.6
274.9499 	3209885.6
274.95 	3209883.1
275.7515 	3189949.6
276.55311 	3170013.8
277.35471 	3150078.1
278.95792 	3110207.1
279.75952 	3090271.7
280.56112 	3070336.4
281.36273 	3050401.2
282.16433 	3030466.1
282.96593 	3010531.1
283.76754 	2990596.2
284.56914 	2970661.4
285.37074 	2950726.6
286.17234 	2930792
286.97395 	2910857.4
288.57715 	2870988.3
289.37876 	2851053.8
290.18036 	2831119.4
290.98196 	2811185
291.78357 	2791250.7
292.58517 	2771316.3
293.38677 	2751382
294.18838 	2731447.6
294.98998 	2711513.2
295.79158 	2691578.8
296.59319 	2671644.4
297.39479 	2651709.9
298.19639 	2631775.4
298.998 	2611840.9
299.7996 	2591906.2
300.6012 	2571971.5
301.40281 	2552036.7
302.20441 	2532101.8
303.00601 	2512166.8
303.80762 	2492231.8
304.60922 	2472296.6
306.21242 	2432425.8
307.01403 	2412490.3
307.81563 	2392554.7
308.61723 	2372618.9
309.41884 	2352683
310.22044 	2332746.9
311.02204 	2312810.8
311.82365 	2292874.5
312.62525 	2272938.1
313.42685 	2253001.6
314.22846 	2233064.9
315.03006 	2213128.2
315.83166 	2193191.4
316.63327 	2173254.4
317.43487 	2153317.4
318.23647 	2133380.2
319.03808 	2113443
319.83968 	2093505.7
320.64128 	2073568.4
321.44289 	2053631
322.24449 	2033693.6
323.04609 	2013756.1
323.8477 	1993818.6
324.6493 	1973881
325.4509 	1953943.5
326.25251 	1934005.9
327.05411 	1914068.4
327.85571 	1894130.9
328.65731 	1874193.4
329.45892 	1854255.9
330.26052 	1834318.5
331.06212 	1814381.1
331.86373 	1794443.8
332.66533 	1774506.6
333.46693 	1754569.4
334.26854 	1734632.3
335.07014 	1714695.3
335.87174 	1694758.4
336.67335 	1674821.6
337.47495 	1654884.9
338.27655 	1634948.3
339.07816 	1615011.9
339.87976 	1595075.5
340.68136 	1575139.3
341.48297 	1555203.2
342.28457 	1535267.2
343.08617 	1515331.4
343.88778 	1495395.7
344.68938 	1475460.1
345.49098 	1455524.7
346.29259 	1435589.4
347.09419 	1415654.2
347.89579 	1395719.2
348.69739 	1375784.3
349.499 	1355849.6
350.3006 	1335915
351.1022 	1315980.5
351.90381 	1296046.2
352.70541 	1276111.9
353.50701 	1256177.8
354.30862 	1236243.8
355.11022 	1216309.9
355.91182 	1196376.2
356.71343 	1176442.5
357.51503 	1156508.9
358.31663 	1136575.4
359.11824 	1116642
359.91984 	1096708.6
360.72144 	1076775.3
361.52305 	1056842.1
362.32465 	1036908.9
363.12625 	1016975.7
363.92786 	997042.61
364.72946 	977109.51
365.53106 	957176.43
366.33267 	937243.35
367.13427 	917310.27
367.93587 	897377.19
368.73747 	877444.08
369.53908 	857510.95
370.34068 	837577.78
371.14228 	817644.57
371.94389 	797711.31
372.74549 	777778
373.54709 	757844.63
374.3487 	737911.19
375.1503 	717977.68
375.9519 	698044.09
376.75351 	678110.43
377.55511 	658176.67
379.15832 	618308.9
379.95992 	598374.87
381.56313 	558506.54
382.36473 	538572.23
383.16633 	518637.82
383.96794 	498703.32
384.76954 	478768.73
385.57114 	458834.05
386.37275 	438899.28
387.17435 	418964.42
387.97595 	399029.49
388.77756 	379094.48
389.57916 	359159.39
390.38076 	339224.25
391.18236 	319289.04
391.98397 	299353.78
392.78557 	279418.48
393.58717 	259483.13
394.38878 	239547.76
395.19038 	219612.37
395.99198 	199676.96
396.79359 	179741.54
397.59519 	159806.13
399.1984 	119935.35
400 	100485.55
