0 	8935792.7
6.4128257 	8840787.8
34.468938 	8294752.5
37.675351 	8236301.6
40.881764 	8202748.9
50.501002 	8002948.5
53.707415 	7933202.3
62.52505 	7729119.8
65.731463 	7647260.2
68.937876 	7561802
69.739479 	7541601.2
96.993988 	7097013.9
103.40681 	7093756.6
106.61323 	7092735.5
116.23246 	7096525.6
123.44689 	7095359.9
125.05 	7094717.8
125.8517 	7094319.7
128.25651 	7091033.4
131.46293 	7041300.4
151.50301 	6523068.5
153.90782 	6460837.2
156.31263 	6398585
159.51904 	6315534.4
166.73347 	6128534.5
169.13828 	6066192.3
175.5511 	5899926.9
176.35271 	5879143.6
187.57515 	5588240.6
190.78156 	5505165.7
200.4008 	5256251.3
201.2024 	5235533.5
202.00401 	5214819.3
202.80561 	5194108.5
203.60721 	5173401
204.40882 	5152696.4
205.21042 	5131994.5
206.01202 	5111295.2
206.81363 	5090598.2
207.61523 	5069903.5
208.41683 	5049210.9
209.21844 	5028520.3
210.02004 	5007831.7
210.82164 	4987145.1
211.62325 	4966460.4
212.42485 	4945777.7
213.22645 	4925097
214.02806 	4904418.4
214.82966 	4883741.7
215.63126 	4863067
216.43287 	4842394.3
217.23447 	4821723.4
218.03607 	4801054.4
219.63928 	4759721.4
220.44088 	4739057.1
221.24248 	4718394.1
222.04409 	4697732.2
222.84569 	4677071.2
223.64729 	4656410.9
224.4489 	4635751
225.2505 	4615091.4
226.0521 	4594431.8
227.65531 	4553111.7
228.45691 	4532450.7
229.25852 	4511788.9
230.86172 	4470461.9
231.66333 	4449796.2
232.46493 	4429128.9
234.06814 	4387788.3
234.86974 	4367114.5
235.67134 	4346438.2
236.47295 	4325759.1
237.27455 	4305076.9
238.07615 	4284391.4
238.87776 	4263702.4
239.67936 	4243009.6
240.48096 	4222313
241.28257 	4201612.2
242.08417 	4180907.3
242.88577 	4160198.2
243.68737 	4139484.8
244.48898 	4118767.4
245.29058 	4098045.8
246.09218 	4077320.5
246.89379 	4056591.5
247.69539 	4035859.3
248.49699 	4015124.1
249.2986 	3994386.4
250.1002 	3973646.7
250.9018 	3952905.4
251.70341 	3932163
252.50501 	3911420
253.30661 	3890677
254.10822 	3869934.4
254.90982 	3849192.8
255.71142 	3828452.5
256.51303 	3807714.2
257.31463 	3786978
258.11623 	3766244.5
258.91784 	3745513.8
259.71944 	3724786.2
260.52104 	3704061.8
261.32265 	3683340.7
262.12425 	3662623.1
262.92585 	3641908.7
263.72745 	3621197.7
264.52906 	3600489.7
265.33066 	3579784.6
266.13226 	3559082.3
266.93387 	3538382.3
267.73547 	3517684.4
268.53707 	3496988.3
269.33868 	3476293.5
270.14028 	3455599.9
270.94188 	3434906.9
271.74349 	3414214.2
272.54509 	3393521.6
273.34669 	3372828.8
274.1483 	3352135.4
274.9499 	3331441.4
274.95 	3331438.8
275.7515 	3310746.5
276.55311 	3290050.7
277.35471 	3269354
278.95792 	3227958.4
279.75952 	3207259.9
280.56112 	3186561.5
281.36273 	3165863.5
282.16433 	3145166.5
282.96593 	3124471.1
283.76754 	3103778.2
284.56914 	3083088.4
285.37074 	3062402.6
286.17234 	3041721.7
286.97395 	3021046.5
288.57715 	2979716.7
289.37876 	2959063.8
290.18036 	2938419.7
290.98196 	2917785.1
291.78357 	2897160.2
292.58517 	2876545.4
293.38677 	2855940.7
294.18838 	2835345.8
294.98998 	2814760.5
295.79158 	2794184.1
296.59319 	2773615.8
297.39479 	2753054.6
298.19639 	2732499.1
298.998 	2711948.1
299.7996 	2691399.9
300.6012 	2670853
301.40281 	2650305.5
302.20441 	2629755.8
303.00601 	2609202.1
303.80762 	2588642.6
304.60922 	2568075.9
306.21242 	2526914.9
307.01403 	2506318.2
307.81563 	2485709.5
308.61723 	2465088.2
309.41884 	2444453.8
310.22044 	2423806.1
311.02204 	2403145.2
311.82365 	2382471.4
312.62525 	2361785.2
313.42685 	2341087.3
314.22846 	2320378.4
315.03006 	2299659.5
315.83166 	2278931.6
316.63327 	2258195.7
317.43487 	2237453.1
318.23647 	2216704.7
319.03808 	2195951.6
319.83968 	2175194.9
320.64128 	2154435.4
321.44289 	2133674.1
322.24449 	2112911.6
323.04609 	2092148.8
323.8477 	2071386
324.6493 	2050623.8
325.4509 	2029862.5
326.25251 	2009102.3
327.05411 	1988343.5
327.85571 	1967586.1
328.65731 	1946830.2
329.45892 	1926075.8
330.26052 	1905322.7
331.06212 	1884570.9
331.86373 	1863820.3
332.66533 	1843070.7
333.46693 	1822322.1
334.26854 	1801574.1
335.07014 	1780826.8
335.87174 	1760079.9
336.67335 	1739333.5
337.47495 	1718587.2
338.27655 	1697841.2
339.07816 	1677095.3
339.87976 	1656349.4
340.68136 	1635603.6
341.48297 	1614857.8
342.28457 	1594112
343.08617 	1573366.1
343.88778 	1552620.3
344.68938 	1531874.6
345.49098 	1511128.8
346.29259 	1490383.2
347.09419 	1469637.7
347.89579 	1448892.4
348.69739 	1428147.2
349.499 	1407402.3
350.3006 	1386657.6
351.1022 	1365913.1
351.90381 	1345168.9
352.70541 	1324424.9
353.50701 	1303681.2
354.30862 	1282937.7
355.11022 	1262194.5
355.91182 	1241451.5
356.71343 	1220708.7
357.51503 	1199966
358.31663 	1179223.4
359.11824 	1158480.8
359.91984 	1137738.2
360.72144 	1116995.6
361.52305 	1096252.9
362.32465 	1075510
363.12625 	1054766.9
363.92786 	1034023.6
364.72946 	1013279.9
365.53106 	992535.81
366.33267 	971791.3
367.13427 	951046.33
367.93587 	930300.84
368.73747 	909554.8
369.53908 	888808.17
370.34068 	868060.94
371.14228 	847313.06
371.94389 	826564.53
372.74549 	805815.33
373.54709 	785065.45
374.3487 	764314.87
375.1503 	743563.61
375.9519 	722811.65
376.75351 	702059
377.55511 	681305.67
379.15832 	639796.99
379.95992 	619041.66
381.56313 	577529.09
382.36473 	556771.87
383.16633 	536014.05
383.96794 	515255.65
384.76954 	494496.69
385.57114 	473737.17
386.37275 	452977.13
387.17435 	432216.58
387.97595 	411455.53
388.77756 	390694.03
389.57916 	369932.08
390.38076 	349169.71
391.18236 	328406.96
391.98397 	307643.84
392.78557 	286880.39
393.58717 	266116.63
394.38878 	245352.61
395.19038 	224588.36
395.99198 	203823.9
396.79359 	183059.29
397.59519 	162294.55
399.1984 	120764.87
400 	100505.76
