0 	3836482.3
0.35183948 	3829050.2
0.70367896 	3821238.1
1.0555184 	3813449.8
1.4073579 	3805656.2
1.7591974 	3797849
2.1110369 	3790061.5
2.4628764 	3782260
2.8147158 	3774450.1
3.1665553 	3766682.7
3.5183948 	3758866
3.8702343 	3751012.5
4.2220737 	3743497.8
4.9257527 	3727993.2
5.6294317 	3712446.5
5.9812711 	3704926.6
6.3331106 	3697398.6
8.092308 	3659653.1
8.795987 	3644152.7
9.1478265 	3636365.6
10.203345 	3612968.9
10.907024 	3597182.5
11.258863 	3591426.7
11.610703 	3584400.8
11.962542 	3576580.6
12.666221 	3560950.1
13.018061 	3553135
13.3699 	3545319.9
13.72174 	3537504.8
14.777258 	3514059.8
15.480937 	3498430
15.832777 	3490615
16.536456 	3475069.4
17.591974 	3451771.7
18.647492 	3428328.8
19.351171 	3412700.5
19.703011 	3404886.4
20.05485 	3397072.4
20.40669 	3389258.4
20.758529 	3381444.3
21.462208 	3365816.3
22.165887 	3350188.3
22.869566 	3334560.4
23.573245 	3318932.4
23.925085 	3311118.5
24.276924 	3303304.5
24.628764 	3295490.6
25.332442 	3279862.7
25.684282 	3272048.7
26.387961 	3256420.8
26.7398 	3248606.9
27.09164 	3240793
27.443479 	3232979
27.795319 	3225165.1
28.147158 	3217351.1
28.850837 	3201723.2
29.202677 	3193909.2
29.554516 	3186095.2
29.906356 	3178281.1
30.258195 	3170467
30.610035 	3162652.8
30.961874 	3154838.5
31.665553 	3139209.3
32.017393 	3131394.2
32.369232 	3123578.7
32.721072 	3115762.5
33.072911 	3107945.9
33.424751 	3100128.9
33.77659 	3092310.4
34.128429 	3084469.4
34.480269 	3076660.1
34.832108 	3071219.1
35.183948 	3070357.7
35.535787 	3070289.9
35.887627 	3070255.8
36.239466 	3070223
36.591306 	3070190.5
37.294985 	3070125.8
37.646824 	3070093.4
37.998664 	3070061.3
38.702343 	3069997
39.406022 	3069932.9
39.757861 	3069900.3
41.165219 	3069774.4
41.517059 	3069732.9
41.868898 	3069667.4
42.220737 	3068602.2
42.924416 	3054775.6
43.276256 	3046940.2
43.628095 	3039099.9
43.979935 	3031259.8
44.683614 	3015581.3
45.035453 	3007742.4
45.387293 	2999903.6
46.090972 	2984226.4
46.442811 	2976387.9
47.14649 	2960710.9
47.49833 	2952872.3
48.202009 	2937195.2
48.553848 	2929356.6
49.257527 	2913679.2
49.609367 	2905840.5
49.961206 	2898001.8
50.313045 	2890163
50.664885 	2882324.1
51.016724 	2874485.3
51.720403 	2858807.5
52.072243 	2850968.6
52.424082 	2843129.7
52.775922 	2835290.8
53.127761 	2827451.8
54.18328 	2803935
54.535119 	2796096
54.886959 	2788257.1
55.238798 	2780418.1
55.590638 	2772579.2
55.942477 	2764740.3
56.997996 	2741223.5
57.349835 	2733384.7
57.701675 	2725545.8
58.053514 	2717706.9
58.405354 	2709868.1
58.757193 	2702029.3
59.109032 	2694190.5
59.460872 	2686351.7
60.164551 	2670674.2
60.51639 	2662835.5
60.86823 	2654996.8
61.220069 	2647158.1
61.571909 	2639319.5
61.923748 	2631480.9
62.275588 	2623642.2
62.627427 	2615803.7
62.979267 	2607965.1
63.331106 	2600126.6
63.682946 	2592288
64.034785 	2584449.5
64.386625 	2576611.1
64.738464 	2568772.6
65.442143 	2553095.8
65.793983 	2545257.4
66.497662 	2529580.7
67.55318 	2506065.7
68.256859 	2490389.2
68.608698 	2482550.9
69.312377 	2466874.5
70.016056 	2451198.1
70.367896 	2443359.9
70.719735 	2435521.7
71.071575 	2427683.6
71.423414 	2419845.5
72.830772 	2388493
73.182612 	2380654.9
73.534451 	2372816.8
73.886291 	2364978.7
74.941809 	2341464.6
75.293648 	2333626.5
75.645488 	2325788.4
75.997327 	2317950.4
77.052846 	2294436.3
77.404685 	2286598.2
77.756525 	2278760.2
78.460204 	2263084.1
78.812043 	2255246.1
79.163883 	2247408
80.219401 	2223893.9
81.27492 	2200379.8
81.626759 	2192541.7
81.978599 	2184703.7
82.330438 	2176865.6
82.682278 	2169027.6
83.034117 	2161189.5
83.385957 	2153351.4
83.737796 	2145513.3
84.089635 	2137675.3
84.441475 	2129837.2
85.496993 	2106322.9
86.552512 	2082808.6
86.904351 	2074970.4
89.015388 	2027941.6
89.367228 	2020103.5
90.070907 	2004427.1
90.422746 	1996589
90.774586 	1988750.8
91.126425 	1980912.6
91.478265 	1973074.4
91.830104 	1965236.2
92.533783 	1949559.8
93.237462 	1933883.3
93.589301 	1926045.1
93.941141 	1918206.9
94.29298 	1910368.6
96.052178 	1871177.4
96.404017 	1863339.1
96.755857 	1855500.9
97.459536 	1839824.4
97.811375 	1831986.1
98.163215 	1824147.8
98.515054 	1816309.6
99.922412 	1784956.5
100.27425 	1777118.2
100.62609 	1769280
101.32977 	1753603.4
102.03345 	1737926.9
102.38529 	1730088.6
103.79265 	1698735.6
104.14449 	1690897.4
104.49633 	1683059.1
105.2 	1667382.7
105.90368 	1651706.2
106.25552 	1643868
106.60736 	1636029.8
108.01472 	1604677
108.36656 	1596838.8
108.7184 	1589000.7
109.07024 	1581162.5
109.77392 	1565486.2
110.12576 	1557648
110.82944 	1541971.8
111.18128 	1534133.6
111.53311 	1526295.5
111.88495 	1518457.4
112.58863 	1502781.2
112.94047 	1494943.2
113.29231 	1487105.1
113.64415 	1479267
113.99599 	1471429
114.34783 	1463590.9
114.69967 	1455752.9
115.05151 	1447914.9
115.40335 	1440076.9
115.75519 	1432238.9
116.45887 	1416562.9
116.81071 	1408725
117.16255 	1400887
117.51439 	1393049.1
118.21806 	1377373.2
118.5699 	1369535.3
118.92174 	1361697.4
119.27358 	1353859.5
119.62542 	1346021.6
119.97726 	1338183.8
120.3291 	1330345.9
120.68094 	1322508.1
121.03278 	1314670.3
121.38462 	1306832.5
121.73646 	1298994.7
122.0883 	1291156.9
122.79198 	1275481.4
123.14382 	1267643.6
123.49566 	1259805.9
123.8475 	1251968.2
124.19934 	1244130.5
124.55118 	1236292.8
124.90302 	1228455.1
125.25485 	1220617.4
125.60669 	1212779.8
126.66221 	1189266.9
127.01405 	1181429.3
127.36589 	1173591.8
127.71773 	1165754.2
128.06957 	1157916.7
128.42141 	1150079.1
128.77325 	1142241.6
129.12509 	1134404.1
129.47693 	1126566.6
130.18061 	1110891.7
130.53245 	1103054.2
130.88429 	1095216.8
131.23613 	1087379.4
132.29164 	1063867.2
132.64348 	1056029.9
132.99532 	1048192.6
133.699 	1032517.9
134.05084 	1024680.7
134.40268 	1016843.4
134.75452 	1009006.1
135.4582 	993331.69
135.81004 	985494.49
136.16188 	977657.31
136.51372 	969820.14
136.86556 	961982.99
137.56924 	946308.74
137.92108 	938471.64
138.27292 	930634.56
138.97659 	914960.45
139.68027 	899286.4
140.03211 	891449.41
140.38395 	883612.42
140.73579 	875775.46
141.08763 	867938.51
141.43947 	860101.58
141.79131 	852264.66
142.14315 	844427.76
142.49499 	836590.88
142.84683 	828754.01
144.25419 	797406.7
145.3097 	773896.38
145.66154 	766059.63
146.01338 	758222.9
146.36522 	750386.19
146.71706 	742549.49
147.0689 	734712.8
147.42074 	726876.13
148.12442 	711202.82
148.8281 	695529.58
149.17994 	687692.98
149.88362 	672019.81
150.23546 	664183.25
150.5873 	656346.7
151.29098 	640673.64
151.99465 	625000.63
152.69833 	609327.67
153.05017 	601491.21
153.40201 	593654.76
153.75385 	585818.33
154.45753 	570145.49
154.80937 	562309.09
155.16121 	554472.7
155.51305 	546636.33
155.86489 	538799.96
156.21673 	530963.61
156.56857 	523127.26
157.62409 	499618.31
157.97593 	491782.01
158.32777 	483945.72
158.67961 	476109.45
159.03144 	468273.18
159.38328 	460436.93
159.73512 	452600.69
160.08696 	444764.45
160.4388 	436928.23
160.79064 	429092.02
161.14248 	421255.82
161.49432 	413419.63
161.84616 	405583.45
162.90168 	382074.96
163.25352 	374238.82
163.9572 	358566.57
164.30904 	350730.46
164.66088 	342894.36
165.01272 	335058.27
165.71639 	319386.11
166.06823 	311550.05
167.12375 	288041.91
167.47559 	280205.88
167.82743 	272369.86
168.17927 	264533.86
168.53111 	256697.86
169.23479 	241025.88
169.58663 	233189.91
169.93847 	225353.94
170.64215 	209682.04
170.99399 	201846.1
171.34583 	194010.17
171.69767 	186174.25
172.04951 	178338.34
172.40134 	170502.43
172.75318 	162666.54
173.10502 	154830.65
174.16054 	131323.03
174.51238 	123487.17
174.86422 	115651.3
