0 	9225670.4
6.4128257 	9092072.8
34.468938 	8603662.3
37.675351 	8530677.2
40.881764 	8458239.8
50.501002 	8237849.8
53.707415 	8167092.7
62.52505 	7968372.2
65.731463 	7880891.9
68.937876 	7794132.3
69.739479 	7774830.5
96.993988 	7730586.2
103.40681 	7619181.1
106.61323 	7537755
116.23246 	7293399.9
123.44689 	7110178.8
125.05 	7069483.8
125.8517 	7049135.6
128.25651 	6988112.2
131.46293 	6906782
151.50301 	6399049.6
153.90782 	6338118.5
156.31263 	6277170.5
159.51904 	6195881.3
166.73347 	6012906.3
169.13828 	5951902.8
175.5511 	5789223.6
176.35271 	5768889.5
187.57515 	5484257.7
190.78156 	5402958.2
200.4008 	5159131.6
201.2024 	5138816.6
202.00401 	5118502.1
202.80561 	5098188
203.60721 	5077874.3
204.40882 	5057560.9
205.21042 	5037247.8
206.01202 	5016935
206.81363 	4996622.5
207.61523 	4976310.1
208.41683 	4955998
209.21844 	4935686.1
210.02004 	4915374.2
210.82164 	4895062.5
211.62325 	4874750.9
212.42485 	4854439.3
213.22645 	4834127.7
214.02806 	4813816.1
214.82966 	4793504.5
215.63126 	4773192.8
216.43287 	4752881.1
217.23447 	4732569.3
218.03607 	4712257.4
219.63928 	4671633.3
220.44088 	4651321
221.24248 	4631008.6
222.04409 	4610696.1
222.84569 	4590383.5
223.64729 	4570070.8
224.4489 	4549757.9
225.2505 	4529444.9
226.0521 	4509131.8
227.65531 	4468505.4
228.45691 	4448192.1
229.25852 	4427878.7
230.86172 	4387251.6
231.66333 	4366937.9
232.46493 	4346624.2
234.06814 	4305996.5
234.86974 	4285682.5
235.67134 	4265368.4
236.47295 	4245054.1
237.27455 	4224739.7
238.07615 	4204425.2
238.87776 	4184110.4
239.67936 	4163795.4
240.48096 	4143480.2
241.28257 	4123164.8
242.08417 	4102849.1
242.88577 	4082533
243.68737 	4062216.6
244.48898 	4041899.9
245.29058 	4021582.8
246.09218 	4001265.3
246.89379 	3980947.4
247.69539 	3960629
248.49699 	3940310.2
249.2986 	3919990.9
250.1002 	3899671.2
250.9018 	3879350.9
251.70341 	3859030.1
252.50501 	3838708.8
253.30661 	3818387
254.10822 	3798064.6
254.90982 	3777741.7
255.71142 	3757418.3
256.51303 	3737094.3
257.31463 	3716769.9
258.11623 	3696444.9
258.91784 	3676119.4
259.71944 	3655793.4
260.52104 	3635467
261.32265 	3615140.1
262.12425 	3594812.7
262.92585 	3574484.9
263.72745 	3554156.7
264.52906 	3533828.1
265.33066 	3513499.1
266.13226 	3493169.8
266.93387 	3472840.2
267.73547 	3452510.3
268.53707 	3432180.2
269.33868 	3411849.8
270.14028 	3391519.3
270.94188 	3371188.6
271.74349 	3350857.8
272.54509 	3330526.9
273.34669 	3310196
274.1483 	3289865
274.9499 	3269534.1
274.95 	3269531.5
275.7515 	3249203.2
276.55311 	3228872.5
277.35471 	3208541.9
278.95792 	3167881.3
279.75952 	3147551.4
280.56112 	3127221.7
281.36273 	3106892.4
282.16433 	3086563.4
282.96593 	3066234.8
283.76754 	3045906.7
284.56914 	3025579
285.37074 	3005251.8
286.17234 	2984925.1
286.97395 	2964598.9
288.57715 	2923948.3
289.37876 	2903623.9
290.18036 	2883300.1
290.98196 	2862977
291.78357 	2842654.5
292.58517 	2822332.8
293.38677 	2802011.7
294.18838 	2781691.4
294.98998 	2761371.8
295.79158 	2741053
296.59319 	2720734.9
297.39479 	2700417.7
298.19639 	2680101.2
298.998 	2659785.6
299.7996 	2639470.7
300.6012 	2619156.7
301.40281 	2598843.5
302.20441 	2578531.1
303.00601 	2558219.5
303.80762 	2537908.7
304.60922 	2517598.7
306.21242 	2476981.1
307.01403 	2456673.3
307.81563 	2436366.3
308.61723 	2416059.9
309.41884 	2395754.1
310.22044 	2375448.8
311.02204 	2355144.1
311.82365 	2334839.9
312.62525 	2314536
313.42685 	2294232.4
314.22846 	2273929.1
315.03006 	2253626
315.83166 	2233323
316.63327 	2213020.1
317.43487 	2192717
318.23647 	2172413.9
319.03808 	2152110.5
319.83968 	2131806.8
320.64128 	2111502.7
321.44289 	2091198.1
322.24449 	2070893
323.04609 	2050587.3
323.8477 	2030280.9
324.6493 	2009973.7
325.4509 	1989665.7
326.25251 	1969356.8
327.05411 	1949046.9
327.85571 	1928736.1
328.65731 	1908424.3
329.45892 	1888111.4
330.26052 	1867797.4
331.06212 	1847482.3
331.86373 	1827166
332.66533 	1806848.7
333.46693 	1786530.2
334.26854 	1766210.7
335.07014 	1745890
335.87174 	1725568.3
336.67335 	1705245.6
337.47495 	1684921.9
338.27655 	1664597.2
339.07816 	1644271.7
339.87976 	1623945.4
340.68136 	1603618.2
341.48297 	1583290.4
342.28457 	1562962
343.08617 	1542632.9
343.88778 	1522303.5
344.68938 	1501973.6
345.49098 	1481643.3
346.29259 	1461312.9
347.09419 	1440982.2
347.89579 	1420651.5
348.69739 	1400320.7
349.499 	1379990
350.3006 	1359659.4
351.1022 	1339329
351.90381 	1318998.8
352.70541 	1298669
353.50701 	1278339.5
354.30862 	1258010.4
355.11022 	1237681.7
355.91182 	1217353.6
356.71343 	1197026
357.51503 	1176698.9
358.31663 	1156372.5
359.11824 	1136046.6
359.91984 	1115721.4
360.72144 	1095396.9
361.52305 	1075072.9
362.32465 	1054749.7
363.12625 	1034427.1
363.92786 	1014105.1
364.72946 	993783.82
365.53106 	973463.16
366.33267 	953143.12
367.13427 	932823.69
367.93587 	912504.85
368.73747 	892186.59
369.53908 	871868.89
370.34068 	851551.72
371.14228 	831235.07
371.94389 	810918.9
372.74549 	790603.19
373.54709 	770287.93
374.3487 	749973.07
375.1503 	729658.61
375.9519 	709344.51
376.75351 	689030.75
377.55511 	668717.3
379.15832 	628091.26
379.95992 	607778.62
381.56313 	567154
382.36473 	546841.98
383.16633 	526530.13
383.96794 	506218.42
384.76954 	485906.85
385.57114 	465595.4
386.37275 	445284.06
387.17435 	424972.81
387.97595 	404661.64
388.77756 	384350.55
389.57916 	364039.52
390.38076 	343728.55
391.18236 	323417.63
391.98397 	303106.75
392.78557 	282795.92
393.58717 	262485.12
394.38878 	242174.36
395.19038 	221863.64
395.99198 	201552.95
396.79359 	181242.29
397.59519 	160931.66
399.1984 	120310.52
400 	100494.69
