0 	6837959.1
6.4128257 	6775907.5
34.468938 	6135355.5
37.675351 	6056141.2
40.881764 	5986776.5
50.501002 	5757130.2
53.707415 	5683773.3
62.52505 	5534432.6
65.731463 	5528442
68.937876 	5498647.6
69.739479 	5478810.8
96.993988 	5008210.4
103.40681 	4914653.2
106.61323 	4819562.1
116.23246 	4568850.3
123.44689 	4401600.8
125.05 	4372840.8
125.8517 	4354130.6
128.25651 	4308266.7
131.46293 	4250385.6
151.50301 	4170886.5
153.90782 	4169269.2
156.31263 	4165006.3
159.51904 	4155183.7
166.73347 	4045761.3
169.13828 	3984778.6
175.5511 	3810171.2
176.35271 	3789441.4
187.57515 	3602755.7
190.78156 	3525785.3
200.4008 	3235369.7
201.2024 	3209914.7
202.00401 	3183993.8
202.80561 	3157358
203.60721 	3130930.9
204.40882 	3104578.8
205.21042 	3077862.1
206.01202 	3051607.4
206.81363 	3025653.4
207.61523 	2998824.7
208.41683 	2972038.6
209.21844 	2946302.6
210.02004 	2920090.1
210.82164 	2893116.9
211.62325 	2867639.4
212.42485 	2843469.3
213.22645 	2818031.2
214.02806 	2792556.8
214.82966 	2772988.1
215.63126 	2762011.6
216.43287 	2756986.1
217.23447 	2754938.1
218.03607 	2754235
219.63928 	2753916
220.44088 	2753888.2
221.24248 	2753919.7
222.04409 	2754087.3
222.84569 	2754299.6
223.64729 	2754537.4
224.4489 	2754746.3
225.2505 	2754895.8
226.0521 	2754976.2
227.65531 	2754964.3
228.45691 	2754971.6
229.25852 	2755011.3
230.86172 	2755243.4
231.66333 	2755573.7
232.46493 	2755975.4
234.06814 	2756426.2
234.86974 	2756517.8
235.67134 	2756586
236.47295 	2756678.8
237.27455 	2756906.8
238.07615 	2757306.2
238.87776 	2757713.5
239.67936 	2757957.3
240.48096 	2758103
241.28257 	2758285.8
242.08417 	2758586.2
242.88577 	2759033.1
243.68737 	2759524.4
244.48898 	2759899.9
245.29058 	2760197.9
246.09218 	2760506.5
246.89379 	2760867.2
247.69539 	2761285
248.49699 	2761776.4
249.2986 	2762293.4
250.1002 	2762714.6
250.9018 	2762986.5
251.70341 	2763138.5
252.50501 	2763247.4
253.30661 	2763613.8
254.10822 	2764713
254.90982 	2765850.8
255.71142 	2766239.9
256.51303 	2766387.6
257.31463 	2766635.1
258.11623 	2767056.2
258.91784 	2767524.1
259.71944 	2767873.6
260.52104 	2768092.6
261.32265 	2768251.5
262.12425 	2768377.8
262.92585 	2768497.7
263.72745 	2768619.5
264.52906 	2768733.7
265.33066 	2768800
266.13226 	2768796.1
266.93387 	2768726.4
267.73547 	2768625.7
268.53707 	2768557.8
269.33868 	2768593
270.14028 	2768764.4
270.94188 	2769041.6
271.74349 	2769314
272.54509 	2769479.9
273.34669 	2769537.4
274.1483 	2769561.1
274.9499 	2769600.4
274.95 	2769600.4
275.7515 	2769626.2
276.55311 	2769580
277.35471 	2769434.1
278.95792 	2768723.6
279.75952 	2768041.1
280.56112 	2767215.8
281.36273 	2766433.4
282.16433 	2765866.5
282.96593 	2765577.6
283.76754 	2765505.8
284.56914 	2765585
285.37074 	2765765.4
286.17234 	2766010.3
286.97395 	2766276.5
288.57715 	2766848.7
289.37876 	2767176.3
290.18036 	2767541.1
290.98196 	2767906
291.78357 	2768156.5
292.58517 	2768232.4
293.38677 	2768189.4
294.18838 	2768050.7
294.98998 	2767874
295.79158 	2767694.6
296.59319 	2767426.7
297.39479 	2767139
298.19639 	2766885.1
298.998 	2766655.1
299.7996 	2766424.7
300.6012 	2766200.5
301.40281 	2766035.9
302.20441 	2765932.1
303.00601 	2765856
303.80762 	2765803.5
304.60922 	2765734.6
306.21242 	2765635.4
307.01403 	2765689.9
307.81563 	2765751.2
308.61723 	2765785.5
309.41884 	2765888.4
310.22044 	2766050.4
311.02204 	2766229.5
311.82365 	2766343.5
312.62525 	2766338
313.42685 	2766228.6
314.22846 	2766060.4
315.03006 	2765856.1
315.83166 	2765615.8
316.63327 	2765339
317.43487 	2765021.1
318.23647 	2764640
319.03808 	2764152.7
319.83968 	2763510
320.64128 	2762740
321.44289 	2761935.9
322.24449 	2761233.6
323.04609 	2760697.5
323.8477 	2760359.1
324.6493 	2760168.2
325.4509 	2760015.7
326.25251 	2759848.5
327.05411 	2759680.7
327.85571 	2759495.4
328.65731 	2759241.2
329.45892 	2758894.1
330.26052 	2758398.6
331.06212 	2758003.2
331.86373 	2757785.3
332.66533 	2757978.3
333.46693 	2758486.2
334.26854 	2758817.2
335.07014 	2758807.4
335.87174 	2758511.3
336.67335 	2758165
337.47495 	2758015.9
338.27655 	2757827.7
339.07816 	2757392
339.87976 	2756777.1
340.68136 	2756121.9
341.48297 	2755401
342.28457 	2754630.1
343.08617 	2754018.2
343.88778 	2753558.6
344.68938 	2753103.1
345.49098 	2752714.4
346.29259 	2752349.5
347.09419 	2751868.5
347.89579 	2751348.7
348.69739 	2750952.8
349.499 	2750663.3
350.3006 	2750404.9
351.1022 	2750109.7
351.90381 	2749662.5
352.70541 	2749281
353.50701 	2749111.6
354.30862 	2749123
355.11022 	2749093.3
355.91182 	2748905.2
356.71343 	2747900.4
357.51503 	2746414.6
358.31663 	2743929
359.11824 	2739157.3
359.91984 	2729893.4
360.72144 	2712817.7
361.52305 	2682347
362.32465 	2637463.3
363.12625 	2584888.4
363.92786 	2530811.2
364.72946 	2476757.9
365.53106 	2422690
366.33267 	2368537.1
367.13427 	2314329.2
367.93587 	2260097.4
368.73747 	2205858.6
369.53908 	2151637.3
370.34068 	2097415.4
371.14228 	2043139.3
371.94389 	1988782.6
372.74549 	1934348.7
373.54709 	1879854.6
374.3487 	1825346.2
375.1503 	1770889.7
375.9519 	1716531.3
376.75351 	1662278.1
377.55511 	1608109
379.15832 	1499896.3
379.95992 	1445799.8
381.56313 	1337572
382.36473 	1283457.5
383.16633 	1229367.6
383.96794 	1175317.5
384.76954 	1121307.8
385.57114 	1067325.4
386.37275 	1013354
387.17435 	959385.85
387.97595 	905428.51
388.77756 	851504.72
389.57916 	797643.47
390.38076 	743866.04
391.18236 	690175.95
391.98397 	636558.17
392.78557 	582985.28
393.58717 	529425.29
394.38878 	475848.53
395.19038 	422233.82
395.99198 	368573.23
396.79359 	314873.46
397.59519 	261151.65
399.1984 	153709.36
400 	101308.2
