0 	3836483.9
0.35183948 	3829081.3
0.70367896 	3821296.4
1.0555184 	3813511.4
1.4073579 	3805727.6
1.7591974 	3797954.4
2.1110369 	3790183.8
2.4628764 	3782422.6
2.8147158 	3774713.1
3.1665553 	3767003.2
3.5183948 	3759244.9
3.8702343 	3751600.1
4.2220737 	3743914
4.9257527 	3728335.9
5.6294317 	3713025.9
5.9812711 	3705339.6
6.3331106 	3697848.4
8.092308 	3663650.5
8.795987 	3648113.2
9.1478265 	3640355.4
10.203345 	3617106.3
10.907024 	3601540.4
11.258863 	3593759.8
11.610703 	3586021.6
11.962542 	3578364
12.666221 	3562818.1
13.018061 	3555034.8
13.3699 	3547251.4
13.72174 	3539468.1
14.777258 	3516118.2
15.480937 	3500551.7
15.832777 	3492768.4
16.536456 	3477201.4
17.591974 	3454594.1
18.647492 	3452027.5
19.351171 	3451953.1
19.703011 	3451916.1
20.05485 	3451879.1
20.40669 	3451842.4
20.758529 	3451805.7
21.462208 	3451732.8
22.165887 	3451659.9
22.869566 	3451594.2
23.573245 	3451510.4
23.925085 	3451438
24.276924 	3450885
24.628764 	3445629.5
25.332442 	3430193.3
25.684282 	3422392.2
26.387961 	3406789.6
26.7398 	3398988.3
27.09164 	3391187
27.443479 	3383385.7
27.795319 	3375584.5
28.147158 	3367783.2
28.850837 	3352180.8
29.202677 	3344379.7
29.554516 	3336578.6
29.906356 	3328777.5
30.258195 	3320976.5
30.610035 	3313175.5
30.961874 	3305374.6
31.665553 	3289772.8
32.017393 	3281972
32.369232 	3274171.2
32.721072 	3266370.4
33.072911 	3258569.7
33.424751 	3250769
33.77659 	3242968.3
34.128429 	3235167.7
34.480269 	3227367.1
34.832108 	3219566.5
35.183948 	3211766
35.535787 	3203965.5
35.887627 	3196165
36.239466 	3188364.5
36.591306 	3180564.1
37.294985 	3164963.4
37.646824 	3157163
37.998664 	3149362.7
38.702343 	3133762.2
39.406022 	3118161.8
39.757861 	3110361.6
41.165219 	3079161.1
41.517059 	3071361
41.868898 	3063560.9
42.220737 	3055760.9
42.924416 	3040160.8
43.276256 	3032360.8
43.628095 	3024560.8
43.979935 	3016760.8
44.683614 	3001160.8
45.035453 	2993360.9
45.387293 	2985560.9
46.090972 	2969961
46.442811 	2962161.1
47.14649 	2946561.2
47.49833 	2938761.3
48.202009 	2923161.4
48.553848 	2915361.5
49.257527 	2899761.6
49.609367 	2891961.7
49.961206 	2884161.8
50.313045 	2876361.8
50.664885 	2868561.9
51.016724 	2860762
51.720403 	2845162.1
52.072243 	2837362.2
52.424082 	2829562.2
52.775922 	2821762.3
53.127761 	2813962.3
54.18328 	2790562.5
54.535119 	2782762.5
54.886959 	2774962.5
55.238798 	2767162.6
55.590638 	2759362.6
55.942477 	2751562.7
56.997996 	2728162.7
57.349835 	2720362.8
57.701675 	2712562.8
58.053514 	2704762.8
58.405354 	2696962.8
58.757193 	2689162.8
59.109032 	2681362.9
59.460872 	2673562.9
60.164551 	2657962.9
60.51639 	2650162.9
60.86823 	2642362.9
61.220069 	2634562.9
61.571909 	2626762.9
61.923748 	2618962.9
62.275588 	2611163
62.627427 	2603363
62.979267 	2595563
63.331106 	2587763
63.682946 	2579963
64.034785 	2572163
64.386625 	2564363
64.738464 	2556563.1
65.442143 	2540963.1
65.793983 	2533163.1
66.497662 	2517563.2
67.55318 	2494163.3
68.256859 	2478563.4
68.608698 	2470763.4
69.312377 	2455163.6
70.016056 	2439563.7
70.367896 	2431763.8
70.719735 	2423963.8
71.071575 	2416163.9
71.423414 	2408364
72.830772 	2377164.4
73.182612 	2369364.6
73.534451 	2361564.7
73.886291 	2353764.8
74.941809 	2330365.3
75.293648 	2322565.5
75.645488 	2314765.6
75.997327 	2306965.8
77.052846 	2283566.4
77.404685 	2275766.6
77.756525 	2267966.9
78.460204 	2252367.3
78.812043 	2244567.6
79.163883 	2236767.8
80.219401 	2213368.7
81.27492 	2189969.6
81.626759 	2182169.9
81.978599 	2174370.3
82.330438 	2166570.6
82.682278 	2158771
83.034117 	2150971.3
83.385957 	2143171.7
83.737796 	2135372.1
84.089635 	2127572.5
84.441475 	2119772.9
85.496993 	2096374.2
86.552512 	2072975.6
86.904351 	2065176.1
89.015388 	2018379.3
89.367228 	2010579.8
90.070907 	1994981
90.422746 	1987181.6
90.774586 	1979382.2
91.126425 	1971582.8
91.478265 	1963783.4
91.830104 	1955984.1
92.533783 	1940385.4
93.237462 	1924786.7
93.589301 	1916987.4
93.941141 	1909188.1
94.29298 	1901388.8
96.052178 	1862392.6
96.404017 	1854593.4
96.755857 	1846794.2
97.459536 	1831195.8
97.811375 	1823396.6
98.163215 	1815597.5
98.515054 	1807798.3
99.922412 	1776601.8
100.27425 	1768802.7
100.62609 	1761003.6
101.32977 	1745405.5
102.03345 	1729807.4
102.38529 	1722008.3
103.79265 	1690812.3
104.14449 	1683013.3
104.49633 	1675214.3
105.2 	1659616.4
105.90368 	1644018.5
106.25552 	1636219.6
106.60736 	1628420.6
108.01472 	1597225
108.36656 	1589426.1
108.7184 	1581627.3
109.07024 	1573828.4
109.77392 	1558230.7
110.12576 	1550431.9
110.82944 	1534834.2
111.18128 	1527035.4
111.53311 	1519236.5
111.88495 	1511437.7
112.58863 	1495840.1
112.94047 	1488041.4
113.29231 	1480242.6
113.64415 	1472443.8
113.99599 	1464645
114.34783 	1456846.3
114.69967 	1449047.5
115.05151 	1441248.8
115.40335 	1433450
115.75519 	1425651.3
116.45887 	1410053.8
116.81071 	1402255.1
117.16255 	1394456.4
117.51439 	1386657.7
118.21806 	1371060.3
118.5699 	1363261.6
118.92174 	1355462.9
119.27358 	1347664.3
119.62542 	1339865.6
119.97726 	1332066.9
120.3291 	1324268.3
120.68094 	1316469.6
121.03278 	1308671
121.38462 	1300872.3
121.73646 	1293073.7
122.0883 	1285275
122.79198 	1269677.8
123.14382 	1261879.2
123.49566 	1254080.6
123.8475 	1246282
124.19934 	1238483.4
124.55118 	1230684.8
124.90302 	1222886.2
125.25485 	1215087.6
125.60669 	1207289
126.66221 	1183893.3
127.01405 	1176094.8
127.36589 	1168296.2
127.71773 	1160497.7
128.06957 	1152699.2
128.42141 	1144900.6
128.77325 	1137102.1
129.12509 	1129303.6
129.47693 	1121505.1
130.18061 	1105908.1
130.53245 	1098109.6
130.88429 	1090311.1
131.23613 	1082512.7
132.29164 	1059117.3
132.64348 	1051318.8
132.99532 	1043520.4
133.699 	1027923.5
134.05084 	1020125.1
134.40268 	1012326.7
134.75452 	1004528.3
135.4582 	988931.47
135.81004 	981133.08
136.16188 	973334.7
136.51372 	965536.33
136.86556 	957737.97
137.56924 	942141.26
137.92108 	934342.92
138.27292 	926544.58
138.97659 	910947.93
139.68027 	895351.31
140.03211 	887553.01
140.38395 	879754.71
140.73579 	871956.43
141.08763 	864158.15
141.43947 	856359.88
141.79131 	848561.61
142.14315 	840763.35
142.49499 	832965.1
142.84683 	825166.86
144.25419 	793973.95
145.3097 	770579.34
145.66154 	762781.15
146.01338 	754982.97
146.36522 	747184.8
146.71706 	739386.63
147.0689 	731588.47
147.42074 	723790.31
148.12442 	708194.02
148.8281 	692597.76
149.17994 	684799.64
149.88362 	669203.42
150.23546 	661405.33
150.5873 	653607.23
151.29098 	638011.07
151.99465 	622414.94
152.69833 	606818.83
153.05017 	599020.79
153.40201 	591222.75
153.75385 	583424.73
154.45753 	567828.69
154.80937 	560030.69
155.16121 	552232.69
155.51305 	544434.7
155.86489 	536636.71
156.21673 	528838.74
156.56857 	521040.77
157.62409 	497646.9
157.97593 	489848.97
158.32777 	482051.03
158.67961 	474253.11
159.03144 	466455.19
159.38328 	458657.28
159.73512 	450859.38
160.08696 	443061.49
160.4388 	435263.6
160.79064 	427465.72
161.14248 	419667.85
161.49432 	411869.99
161.84616 	404072.14
162.90168 	380678.62
163.25352 	372880.79
163.9572 	357285.17
164.30904 	349487.36
164.66088 	341689.57
165.01272 	333891.79
165.71639 	318296.24
166.06823 	310498.48
167.12375 	287105.24
167.47559 	279307.51
167.82743 	271509.78
168.17927 	263712.07
168.53111 	255914.36
169.23479 	240318.97
169.58663 	232521.29
169.93847 	224723.61
170.64215 	209128.28
170.99399 	201330.63
171.34583 	193532.99
171.69767 	185735.35
172.04951 	177937.72
172.40134 	170140.1
172.75318 	162342.49
173.10502 	154544.88
174.16054 	131152.11
174.51238 	123354.53
174.86422 	115556.93
