0 	3836469.9
0.35183948 	3828828.7
0.70367896 	3820801.4
1.0555184 	3812772.8
1.4073579 	3804778.8
1.7591974 	3796735.2
2.1110369 	3788713.9
2.4628764 	3780691.5
2.8147158 	3772665.7
3.1665553 	3764639.3
3.5183948 	3756546.7
3.8702343 	3748615.6
4.2220737 	3740585.7
4.9257527 	3724532.4
5.6294317 	3708512.1
5.9812711 	3700491.8
6.3331106 	3692455.9
8.092308 	3652673.1
8.795987 	3636632.5
9.1478265 	3628608.8
10.203345 	3604537.7
10.907024 	3588487.8
11.258863 	3580468.3
11.610703 	3572475
11.962542 	3564542.9
12.666221 	3548666.2
13.018061 	3540637.6
13.3699 	3532614.8
13.72174 	3524618.5
14.777258 	3500556.2
15.480937 	3484513.9
15.832777 	3476492.9
16.536456 	3460451.1
17.591974 	3436388.6
18.647492 	3412326.4
19.351171 	3396285.2
19.703011 	3388264.6
20.05485 	3380244.1
20.40669 	3372223.5
20.758529 	3364203
21.462208 	3348161.9
22.165887 	3332120.9
22.869566 	3316080.1
23.573245 	3300619.9
23.925085 	3295465.5
24.276924 	3287566.6
24.628764 	3279552.9
25.332442 	3263513.2
25.684282 	3257582.1
26.387961 	3242419.6
26.7398 	3234391.4
27.09164 	3226363.3
27.443479 	3218335.1
27.795319 	3210306.9
28.147158 	3202278.8
28.850837 	3186222.7
29.202677 	3178194.8
29.554516 	3170166.9
29.906356 	3162139.1
30.258195 	3154111.3
30.610035 	3146083.5
30.961874 	3138055.7
31.665553 	3122000.2
32.017393 	3113972.4
32.369232 	3105944.6
32.721072 	3097916.8
33.072911 	3089889.1
33.424751 	3081861.3
33.77659 	3073833.5
34.128429 	3065805.7
34.480269 	3057777.9
34.832108 	3049750
35.183948 	3041722.2
35.535787 	3033694.4
35.887627 	3025666.6
36.239466 	3017638.8
36.591306 	3009611
37.294985 	2993555.5
37.646824 	2985527.8
37.998664 	2977500.1
38.702343 	2961444.8
39.406022 	2945389.7
39.757861 	2937362.3
41.165219 	2905253.3
41.517059 	2897226.3
41.868898 	2889199.5
42.220737 	2881172.7
42.924416 	2865119.7
43.276256 	2857093.4
43.628095 	2849067.3
43.979935 	2841041.4
44.683614 	2824990
45.035453 	2816964.7
45.387293 	2808939.6
46.090972 	2792890
46.442811 	2784865.6
47.14649 	2768817.5
47.49833 	2760793.9
48.202009 	2744747.5
48.553848 	2736724.8
49.257527 	2720680.2
49.609367 	2712658.3
49.961206 	2704636.8
50.313045 	2696615.7
50.664885 	2688594.8
51.016724 	2680574.3
51.720403 	2664534.4
52.072243 	2656514.9
52.424082 	2648495.8
52.775922 	2640477
53.127761 	2632458.5
54.18328 	2608405.2
54.535119 	2600388.1
54.886959 	2592371.3
55.238798 	2584354.9
55.590638 	2576338.7
55.942477 	2568322.8
56.997996 	2544276.9
57.349835 	2536262.1
57.701675 	2528247.5
58.053514 	2520233.2
58.405354 	2512219.1
58.757193 	2504205.1
59.109032 	2496191.4
59.460872 	2488177.8
60.164551 	2472151.1
60.51639 	2464137.9
60.86823 	2456124.9
61.220069 	2448111.9
61.571909 	2440099
61.923748 	2432086.2
62.275588 	2424073.4
62.627427 	2416060.6
62.979267 	2408047.9
63.331106 	2400035.1
63.682946 	2392022.4
64.034785 	2384009.7
64.386625 	2375996.9
64.738464 	2367984.1
65.442143 	2351958.3
65.793983 	2343945.4
66.497662 	2327919.2
67.55318 	2303879.3
68.256859 	2287852.2
68.608698 	2279838.5
69.312377 	2263810.8
70.016056 	2247782.5
70.367896 	2239768.2
70.719735 	2231753.7
71.071575 	2223739.2
71.423414 	2215724.4
72.830772 	2183664.1
73.182612 	2175648.6
73.534451 	2167633
73.886291 	2159617.3
74.941809 	2135569.1
75.293648 	2127552.8
75.645488 	2119536.3
75.997327 	2111519.7
77.052846 	2087468.8
77.404685 	2079451.6
77.756525 	2071434.2
78.460204 	2055399.1
78.812043 	2047381.3
79.163883 	2039363.4
80.219401 	2015308.8
81.27492 	1991252.9
81.626759 	1983234
81.978599 	1975215
82.330438 	1967195.9
82.682278 	1959176.7
83.034117 	1951157.3
83.385957 	1943137.9
83.737796 	1935118.5
84.089635 	1927099
84.441475 	1919079.5
85.496993 	1895020.9
86.552512 	1870960.2
86.904351 	1862939
89.015388 	1817314.5
89.367228 	1813454.8
90.070907 	1812808.5
90.422746 	1812783.7
90.774586 	1812758.4
91.126425 	1812730.6
91.478265 	1812701.3
91.830104 	1812674.7
92.533783 	1812616.5
93.237462 	1812551.2
93.589301 	1812521.3
93.941141 	1812490.6
94.29298 	1812457.6
96.052178 	1812280
96.404017 	1812236
96.755857 	1812190.6
97.459536 	1812104.5
97.811375 	1812062.5
98.163215 	1812019.7
98.515054 	1811975.6
99.922412 	1811835.5
100.27425 	1811815.9
100.62609 	1811788.6
101.32977 	1811347.5
102.03345 	1798883
102.38529 	1790761.6
103.79265 	1758179.4
104.14449 	1750034.4
104.49633 	1741891.1
105.2 	1725609.2
105.90368 	1709332.7
106.25552 	1701196.1
106.60736 	1693060.3
108.01472 	1660523.8
108.36656 	1652390.9
108.7184 	1644258.5
109.07024 	1636126.5
109.77392 	1619863.6
110.12576 	1611732.7
110.82944 	1595471.8
111.18128 	1587341.8
111.53311 	1579212.1
111.88495 	1571082.7
112.58863 	1554824.7
112.94047 	1546696.1
113.29231 	1538567.8
113.64415 	1530439.7
113.99599 	1522312
114.34783 	1514184.5
114.69967 	1506057.3
115.05151 	1497930.3
115.40335 	1489803.7
115.75519 	1481677.3
116.45887 	1465425.3
116.81071 	1457299.8
117.16255 	1449174.4
117.51439 	1441049.4
118.21806 	1424799.9
118.5699 	1416675.5
118.92174 	1408551.3
119.27358 	1400427.3
119.62542 	1392303.5
119.97726 	1384179.8
120.3291 	1376056.3
120.68094 	1367932.9
121.03278 	1359809.6
121.38462 	1351686.4
121.73646 	1343563.3
122.0883 	1335440.2
122.79198 	1319194.3
123.14382 	1311071.4
123.49566 	1302948.6
123.8475 	1294825.7
124.19934 	1286702.9
124.55118 	1278580
124.90302 	1270457.2
125.25485 	1262334.3
125.60669 	1254211.4
126.66221 	1229842.7
127.01405 	1221719.7
127.36589 	1213596.7
127.71773 	1205473.7
128.06957 	1197350.6
128.42141 	1189227.5
128.77325 	1181104.4
129.12509 	1172981.2
129.47693 	1164858
130.18061 	1148611.6
130.53245 	1140488.4
130.88429 	1132365.1
131.23613 	1124241.8
132.29164 	1099871.9
132.64348 	1091748.6
132.99532 	1083625.3
133.699 	1067378.6
134.05084 	1059255.2
134.40268 	1051131.9
134.75452 	1043008.5
135.4582 	1026761.7
135.81004 	1018638.3
136.16188 	1010514.9
136.51372 	1002391.5
136.86556 	994268.05
137.56924 	978021.1
137.92108 	969897.59
138.27292 	961774.06
138.97659 	945526.91
139.68027 	929279.62
140.03211 	921155.91
140.38395 	913032.16
140.73579 	904908.37
141.08763 	896784.52
141.43947 	888660.62
141.79131 	880536.66
142.14315 	872412.64
142.49499 	864288.55
142.84683 	856164.4
144.25419 	823667.03
145.3097 	799293.11
145.66154 	791168.29
146.01338 	783043.37
146.36522 	774918.34
146.71706 	766793.21
147.0689 	758667.97
147.42074 	750542.63
148.12442 	734291.59
148.8281 	718040.08
149.17994 	709914.14
149.88362 	693661.87
150.23546 	685535.54
150.5873 	677409.08
151.29098 	661155.74
151.99465 	644901.83
152.69833 	628647.33
153.05017 	620519.85
153.40201 	612392.22
153.75385 	604264.43
154.45753 	588008.37
154.80937 	579880.09
155.16121 	571751.64
155.51305 	563623.03
155.86489 	555494.24
156.21673 	547365.28
156.56857 	539236.14
157.62409 	514847.64
157.97593 	506717.77
158.32777 	498587.71
158.67961 	490457.46
159.03144 	482327.02
159.38328 	474196.39
159.73512 	466065.57
160.08696 	457934.55
160.4388 	449803.33
160.79064 	441671.91
161.14248 	433540.3
161.49432 	425408.48
161.84616 	417276.47
162.90168 	392879.23
163.25352 	384746.43
163.9572 	368480.22
164.30904 	360346.82
164.66088 	352213.23
165.01272 	344079.45
165.71639 	327811.33
166.06823 	319676.99
167.12375 	295272.92
167.47559 	287137.89
167.82743 	279002.7
168.17927 	270867.35
168.53111 	262731.85
169.23479 	246460.4
169.58663 	238324.48
169.93847 	230188.42
170.64215 	213915.95
170.99399 	205779.54
171.34583 	197643.04
171.69767 	189506.44
172.04951 	181369.76
172.40134 	173233
172.75318 	165096.16
173.10502 	156959.27
174.16054 	132548.3
174.51238 	124411.25
174.86422 	116274.17
