0 	7615074.6
6.4128257 	7502247.6
34.468938 	6993390
37.675351 	6915383.8
40.881764 	6843864.8
50.501002 	6699752.8
53.707415 	6700277
62.52505 	6617175.1
65.731463 	6535105
68.937876 	6463510.9
69.739479 	6445705
96.993988 	6042306.6
103.40681 	5942233.5
106.61323 	5856962.2
116.23246 	5604645.8
123.44689 	5412920.6
125.05 	5373258.4
125.8517 	5354629.2
128.25651 	5294173.8
131.46293 	5216199.2
151.50301 	4860525.6
153.90782 	4794854.5
156.31263 	4710911.7
159.51904 	4627671
166.73347 	4388615.6
169.13828 	4343962.6
175.5511 	4213152.1
176.35271 	4195433.9
187.57515 	4043643.7
190.78156 	4043765.1
200.4008 	4047226.7
201.2024 	4047626.9
202.00401 	4047908.9
202.80561 	4048148.8
203.60721 	4048370.4
204.40882 	4048546.5
205.21042 	4048661
206.01202 	4048724.8
206.81363 	4048738.6
207.61523 	4048739.1
208.41683 	4048738.1
209.21844 	4048732
210.02004 	4048739.1
210.82164 	4048748.9
211.62325 	4048695
212.42485 	4048591.1
213.22645 	4048475.9
214.02806 	4048320.3
214.82966 	4048140.5
215.63126 	4048004.6
216.43287 	4047833.9
217.23447 	4047623.1
218.03607 	4047466.5
219.63928 	4047207.5
220.44088 	4047068.7
221.24248 	4046907.4
222.04409 	4046820.5
222.84569 	4046747.4
223.64729 	4046612.4
224.4489 	4046505.7
225.2505 	4046505.9
226.0521 	4046623.9
227.65531 	4046982.8
228.45691 	4047092.1
229.25852 	4047176.1
230.86172 	4047310.3
231.66333 	4047469.6
232.46493 	4047693.6
234.06814 	4047952.9
234.86974 	4047840.2
235.67134 	4047467
236.47295 	4046877.3
237.27455 	4046158.2
238.07615 	4045366
238.87776 	4044543
239.67936 	4043788.5
240.48096 	4043165.6
241.28257 	4042638.8
242.08417 	4042210
242.88577 	4041840.1
243.68737 	4041511
244.48898 	4041230.1
245.29058 	4041003.5
246.09218 	4040835.1
246.89379 	4040736.2
247.69539 	4040741.2
248.49699 	4040832.2
249.2986 	4040795.5
250.1002 	4040590.7
250.9018 	4040344.1
251.70341 	4040143.9
252.50501 	4039975.7
253.30661 	4039813.8
254.10822 	4039631.9
254.90982 	4039439.4
255.71142 	4039275.7
256.51303 	4039140.2
257.31463 	4039030.6
258.11623 	4038934.9
258.91784 	4038820.5
259.71944 	4038707.9
260.52104 	4038618.7
261.32265 	4038546.9
262.12425 	4038489.1
262.92585 	4038440.3
263.72745 	4038371.6
264.52906 	4038300.9
265.33066 	4038256
266.13226 	4038202.5
266.93387 	4038157.9
267.73547 	4038125.5
268.53707 	4038053
269.33868 	4037969.6
270.14028 	4037888.5
270.94188 	4037784.5
271.74349 	4037692.2
272.54509 	4037610.5
273.34669 	4037540.7
274.1483 	4037446.4
274.9499 	4037309.1
274.95 	4037309.1
275.7515 	4037137.7
276.55311 	4036836.9
277.35471 	4036232.5
278.95792 	4031951.5
279.75952 	4025618.6
280.56112 	4012911.5
281.36273 	3992120.6
282.16433 	3966592.1
282.96593 	3940152.4
283.76754 	3913755.6
284.56914 	3887404.2
285.37074 	3861061.6
286.17234 	3834717
286.97395 	3808367.9
288.57715 	3755654.2
289.37876 	3729289.7
290.18036 	3702920.9
290.98196 	3676548.2
291.78357 	3650171.7
292.58517 	3623792.1
293.38677 	3597410.6
294.18838 	3571028.8
294.98998 	3544648.1
295.79158 	3518269.4
296.59319 	3491892.2
297.39479 	3465515.5
298.19639 	3439137.9
298.998 	3412758.3
299.7996 	3386376.5
300.6012 	3359992.8
301.40281 	3333608.2
302.20441 	3307223.7
303.00601 	3280840.4
303.80762 	3254458.9
304.60922 	3228079.3
306.21242 	3175324.9
307.01403 	3148949
307.81563 	3122573.1
308.61723 	3096197
309.41884 	3069820.3
310.22044 	3043443.3
311.02204 	3017066.4
311.82365 	2990690.2
312.62525 	2964315.4
313.42685 	2937942.4
314.22846 	2911571.6
315.03006 	2885202.8
315.83166 	2858836
316.63327 	2832471.2
317.43487 	2806108.2
318.23647 	2779747.2
319.03808 	2753388.5
319.83968 	2727032.1
320.64128 	2700678.2
321.44289 	2674326.8
322.24449 	2647977.6
323.04609 	2621630.3
323.8477 	2595284.6
324.6493 	2568940.2
325.4509 	2542596.8
326.25251 	2516254.2
327.05411 	2489912.5
327.85571 	2463572
328.65731 	2437233
329.45892 	2410896
330.26052 	2384561.6
331.06212 	2358230.3
331.86373 	2331902.6
332.66533 	2305578.7
333.46693 	2279258.8
334.26854 	2252942.7
335.07014 	2226630.3
335.87174 	2200321.2
336.67335 	2174015.1
337.47495 	2147711.7
338.27655 	2121411
339.07816 	2095112.6
339.87976 	2068816.7
340.68136 	2042523.2
341.48297 	2016232.4
342.28457 	1989944.3
343.08617 	1963659.3
343.88778 	1937377.4
344.68938 	1911098.8
345.49098 	1884823.7
346.29259 	1858551.9
347.09419 	1832283.4
347.89579 	1806018.2
348.69739 	1779755.9
349.499 	1753496.5
350.3006 	1727239.8
351.1022 	1700985.5
351.90381 	1674733.5
352.70541 	1648483.6
353.50701 	1622235.8
354.30862 	1595989.8
355.11022 	1569745.5
355.91182 	1543502.7
356.71343 	1517261
357.51503 	1491020.4
358.31663 	1464780.5
359.11824 	1438541.2
359.91984 	1412302.2
360.72144 	1386063.5
361.52305 	1359825
362.32465 	1333586.5
363.12625 	1307348
363.92786 	1281109.6
364.72946 	1254871
365.53106 	1228632.4
366.33267 	1202393.6
367.13427 	1176154.7
367.93587 	1149915.6
368.73747 	1123676.3
369.53908 	1097436.8
370.34068 	1071197.2
371.14228 	1044957.3
371.94389 	1018717.2
372.74549 	992476.91
373.54709 	966236.34
374.3487 	939995.48
375.1503 	913754.27
375.9519 	887512.66
376.75351 	861270.6
377.55511 	835028.03
379.15832 	782541.2
379.95992 	756296.86
381.56313 	703806.16
382.36473 	677559.74
383.16633 	651312.58
383.96794 	625064.64
384.76954 	598815.9
385.57114 	572566.37
386.37275 	546316.03
387.17435 	520064.92
387.97595 	493813.06
388.77756 	467560.52
389.57916 	441307.38
390.38076 	415053.73
391.18236 	388799.67
391.98397 	362545.3
392.78557 	336290.72
393.58717 	310036.03
394.38878 	283781.3
395.19038 	257526.59
395.99198 	231271.94
396.79359 	205017.38
397.59519 	178762.92
399.1984 	126254.26
400 	100639.46
