0 	9167938.9
6.4128257 	9048493.6
34.468938 	8475365.5
37.675351 	8402181.6
40.881764 	8368651
50.501002 	8200207.2
53.707415 	8143841.4
62.52505 	7962842.2
65.731463 	7884942.5
68.937876 	7790874.8
69.739479 	7769100.2
96.993988 	7575067.7
103.40681 	7574021.4
106.61323 	7568060
116.23246 	7346214.2
123.44689 	7163109.9
125.05 	7122467.9
125.8517 	7102141.5
128.25651 	7041143.3
131.46293 	6959679
151.50301 	6446203.4
153.90782 	6384485.8
156.31263 	6322816
159.51904 	6240664.6
166.73347 	6056076.5
169.13828 	5994602.8
175.5511 	5830757.3
176.35271 	5810282.6
187.57515 	5523700.5
190.78156 	5441836.3
200.4008 	5196290.6
201.2024 	5175831.6
202.00401 	5155373
202.80561 	5134914.7
203.60721 	5114456.7
204.40882 	5093998.9
205.21042 	5073541.2
206.01202 	5053083.6
206.81363 	5032626.1
207.61523 	5012168.5
208.41683 	4991710.9
209.21844 	4971253.1
210.02004 	4950795.2
210.82164 	4930337.2
211.62325 	4909878.9
212.42485 	4889420.5
213.22645 	4868961.9
214.02806 	4848503.1
214.82966 	4828044.1
215.63126 	4807585
216.43287 	4787125.8
217.23447 	4766666.5
218.03607 	4746207.2
219.63928 	4705288.6
220.44088 	4684829.5
221.24248 	4664370.6
222.04409 	4643912
222.84569 	4623453.7
223.64729 	4602995.8
224.4489 	4582538.4
225.2505 	4562081.6
226.0521 	4541625.4
227.65531 	4500715.1
228.45691 	4480261.1
229.25852 	4459808
230.86172 	4418904.5
231.66333 	4398454.2
232.46493 	4378004.8
234.06814 	4337109
234.86974 	4316662.5
235.67134 	4296217
236.47295 	4275772.2
237.27455 	4255328.4
238.07615 	4234885.3
238.87776 	4214443
239.67936 	4194001.3
240.48096 	4173560.3
241.28257 	4153119.9
242.08417 	4132680
242.88577 	4112240.6
243.68737 	4091801.7
244.48898 	4071363.1
245.29058 	4050924.8
246.09218 	4030486.8
246.89379 	4010048.9
247.69539 	3989611.1
248.49699 	3969173.4
249.2986 	3948735.4
250.1002 	3928297.2
250.9018 	3907858.7
251.70341 	3887419.5
252.50501 	3866979.7
253.30661 	3846539
254.10822 	3826097.3
254.90982 	3805654.3
255.71142 	3785210
256.51303 	3764764.1
257.31463 	3744316.5
258.11623 	3723867
258.91784 	3703415.6
259.71944 	3682962.1
260.52104 	3662506.3
261.32265 	3642048.3
262.12425 	3621588
262.92585 	3601125.3
263.72745 	3580660.3
264.52906 	3560192.8
265.33066 	3539723
266.13226 	3519250.9
266.93387 	3498776.5
267.73547 	3478299.8
268.53707 	3457821.1
269.33868 	3437340.3
270.14028 	3416857.6
270.94188 	3396373
271.74349 	3375886.8
272.54509 	3355398.9
273.34669 	3334909.6
274.1483 	3314419
274.9499 	3293927.2
274.95 	3293924.7
275.7515 	3273434.4
276.55311 	3252940.6
277.35471 	3232446.1
278.95792 	3191455.4
279.75952 	3170959.3
280.56112 	3150463.1
281.36273 	3129966.8
282.16433 	3109470.5
282.96593 	3088974.3
283.76754 	3068478.4
284.56914 	3047982.9
285.37074 	3027487.8
286.17234 	3006993.4
286.97395 	2986499.7
288.57715 	2945515
289.37876 	2925024.1
290.18036 	2904534.4
290.98196 	2884046
291.78357 	2863558.9
292.58517 	2843073.3
293.38677 	2822589.3
294.18838 	2802107
294.98998 	2781626.5
295.79158 	2761147.9
296.59319 	2740671.4
297.39479 	2720197
298.19639 	2699724.8
298.998 	2679255
299.7996 	2658787.6
300.6012 	2638322.7
301.40281 	2617860.4
302.20441 	2597400.8
303.00601 	2576943.8
303.80762 	2556489.5
304.60922 	2536037.8
306.21242 	2495142.3
307.01403 	2474698.3
307.81563 	2454256.5
308.61723 	2433816.8
309.41884 	2413378.8
310.22044 	2392942.5
311.02204 	2372507.3
311.82365 	2352073
312.62525 	2331639
313.42685 	2311205.1
314.22846 	2290770.6
315.03006 	2270335.2
315.83166 	2249898.2
316.63327 	2229459.2
317.43487 	2209017.7
318.23647 	2188573.1
319.03808 	2168125.1
319.83968 	2147673.1
320.64128 	2127216.7
321.44289 	2106755.7
322.24449 	2086289.7
323.04609 	2065818.6
323.8477 	2045342.2
324.6493 	2024860.4
325.4509 	2004373.2
326.25251 	1983880.8
327.05411 	1963383.3
327.85571 	1942881
328.65731 	1922374.2
329.45892 	1901863.2
330.26052 	1881348.5
331.06212 	1860830.4
331.86373 	1840309.7
332.66533 	1819786.6
333.46693 	1799261.8
334.26854 	1778735.9
335.07014 	1758209.3
335.87174 	1737682.5
336.67335 	1717156
337.47495 	1696630.4
338.27655 	1676105.9
339.07816 	1655583
339.87976 	1635062.1
340.68136 	1614543.3
341.48297 	1594026.9
342.28457 	1573513.2
343.08617 	1553002.2
343.88778 	1532494
344.68938 	1511988.7
345.49098 	1491486.3
346.29259 	1470986.8
347.09419 	1450490.1
347.89579 	1429996.1
348.69739 	1409504.7
349.499 	1389015.8
350.3006 	1368529.3
351.1022 	1348045
351.90381 	1327562.8
352.70541 	1307082.5
353.50701 	1286604
354.30862 	1266127
355.11022 	1245651.5
355.91182 	1225177.4
356.71343 	1204704.4
357.51503 	1184232.5
358.31663 	1163761.5
359.11824 	1143291.5
359.91984 	1122822.1
360.72144 	1102353.5
361.52305 	1081885.6
362.32465 	1061418.2
363.12625 	1040951.4
363.92786 	1020485.1
364.72946 	1000019.3
365.53106 	979554.02
366.33267 	959089.19
367.13427 	938624.84
367.93587 	918160.98
368.73747 	897697.62
369.53908 	877234.76
370.34068 	856772.42
371.14228 	836310.62
371.94389 	815849.37
372.74549 	795388.68
373.54709 	774928.57
374.3487 	754469.05
375.1503 	734010.13
375.9519 	713551.8
376.75351 	693094.07
377.55511 	672636.95
379.15832 	631724.46
379.95992 	611269.08
381.56313 	570359.96
382.36473 	549906.18
383.16633 	529452.89
383.96794 	509000.06
384.76954 	488547.67
385.57114 	468095.68
386.37275 	447644.07
387.17435 	427192.8
387.97595 	406741.86
388.77756 	386291.2
389.57916 	365840.81
390.38076 	345390.65
391.18236 	324940.71
391.98397 	304490.96
392.78557 	284041.37
393.58717 	263591.93
394.38878 	243142.63
395.19038 	222693.44
395.99198 	202244.35
396.79359 	181795.34
397.59519 	161346.42
399.1984 	120448.76
400 	100498.06
