0 	9844462.9
6.4128257 	9740991.4
34.468938 	9111355.9
37.675351 	9032265.7
40.881764 	8953174
50.501002 	8715892.5
53.707415 	8636797.9
62.52505 	8419291.1
65.731463 	8340200.1
68.937876 	8261110.6
69.739479 	8241338.5
96.993988 	7569154.9
103.40681 	7411014.6
106.61323 	7331947.5
116.23246 	7094756.4
123.44689 	6916868.5
125.05 	6877340.5
125.8517 	6857572.8
128.25651 	6798277.2
131.46293 	6719216.6
151.50301 	6225103.4
153.90782 	6165812.4
156.31263 	6106521.9
159.51904 	6027468.7
166.73347 	5849602
169.13828 	5790313.8
175.5511 	5632213.8
176.35271 	5612451.5
187.57515 	5335781.1
190.78156 	5256732.9
200.4008 	5019588.2
201.2024 	4999826
202.00401 	4980063.9
202.80561 	4960301.7
203.60721 	4940539.6
204.40882 	4920777.4
205.21042 	4901015.2
206.01202 	4881253
206.81363 	4861490.7
207.61523 	4841728.5
208.41683 	4821966.2
209.21844 	4802203.9
210.02004 	4782441.6
210.82164 	4762679.3
211.62325 	4742917
212.42485 	4723154.6
213.22645 	4703392.3
214.02806 	4683629.9
214.82966 	4663867.5
215.63126 	4644105.1
216.43287 	4624342.8
217.23447 	4604580.4
218.03607 	4584818
219.63928 	4545293.2
220.44088 	4525530.9
221.24248 	4505768.5
222.04409 	4486006.2
222.84569 	4466243.9
223.64729 	4446481.6
224.4489 	4426719.3
225.2505 	4406957
226.0521 	4387194.8
227.65531 	4347670.4
228.45691 	4327908.3
229.25852 	4308146.2
230.86172 	4268622.2
231.66333 	4248860.2
232.46493 	4229098.3
234.06814 	4189574.7
234.86974 	4169813
235.67134 	4150051.4
236.47295 	4130289.8
237.27455 	4110528.2
238.07615 	4090766.8
238.87776 	4071005.4
239.67936 	4051244.1
240.48096 	4031482.8
241.28257 	4011721.7
242.08417 	3991960.6
242.88577 	3972199.6
243.68737 	3952438.7
244.48898 	3932677.8
245.29058 	3912917.1
246.09218 	3893156.4
246.89379 	3873395.8
247.69539 	3853635.3
248.49699 	3833874.9
249.2986 	3814114.6
250.1002 	3794354.3
250.9018 	3774594.2
251.70341 	3754834.1
252.50501 	3735074.1
253.30661 	3715314.2
254.10822 	3695554.4
254.90982 	3675794.7
255.71142 	3656035.1
256.51303 	3636275.6
257.31463 	3616516.1
258.11623 	3596756.8
258.91784 	3576997.5
259.71944 	3557238.3
260.52104 	3537479.2
261.32265 	3517720.2
262.12425 	3497961.2
262.92585 	3478202.4
263.72745 	3458443.6
264.52906 	3438684.9
265.33066 	3418926.3
266.13226 	3399167.8
266.93387 	3379409.4
267.73547 	3359651
268.53707 	3339892.7
269.33868 	3320134.5
270.14028 	3300376.3
270.94188 	3280618.2
271.74349 	3260860.2
272.54509 	3241102.3
273.34669 	3221344.4
274.1483 	3201586.6
274.9499 	3181828.9
274.95 	3181826.4
275.7515 	3162071.2
276.55311 	3142313.6
277.35471 	3122556
278.95792 	3083041
279.75952 	3063283.6
280.56112 	3043526.2
281.36273 	3023768.9
282.16433 	3004011.6
282.96593 	2984254.4
283.76754 	2964497.2
284.56914 	2944740.1
285.37074 	2924983
286.17234 	2905225.9
286.97395 	2885468.9
288.57715 	2845954.9
289.37876 	2826197.9
290.18036 	2806441
290.98196 	2786684.1
291.78357 	2766927.2
292.58517 	2747170.4
293.38677 	2727413.6
294.18838 	2707656.7
294.98998 	2687899.9
295.79158 	2668143.2
296.59319 	2648386.4
297.39479 	2628629.7
298.19639 	2608872.9
298.998 	2589116.2
299.7996 	2569359.5
300.6012 	2549602.8
301.40281 	2529846.1
302.20441 	2510089.4
303.00601 	2490332.8
303.80762 	2470576.1
304.60922 	2450819.5
306.21242 	2411306.2
307.01403 	2391549.6
307.81563 	2371793
308.61723 	2352036.4
309.41884 	2332279.9
310.22044 	2312523.3
311.02204 	2292766.8
311.82365 	2273010.2
312.62525 	2253253.7
313.42685 	2233497.2
314.22846 	2213740.7
315.03006 	2193984.2
315.83166 	2174227.8
316.63327 	2154471.3
317.43487 	2134714.9
318.23647 	2114958.5
319.03808 	2095202.1
319.83968 	2075445.8
320.64128 	2055689.4
321.44289 	2035933.1
322.24449 	2016176.8
323.04609 	1996420.5
323.8477 	1976664.3
324.6493 	1956908.1
325.4509 	1937151.9
326.25251 	1917395.7
327.05411 	1897639.6
327.85571 	1877883.5
328.65731 	1858127.5
329.45892 	1838371.4
330.26052 	1818615.4
331.06212 	1798859.4
331.86373 	1779103.5
332.66533 	1759347.6
333.46693 	1739591.7
334.26854 	1719835.9
335.07014 	1700080.1
335.87174 	1680324.3
336.67335 	1660568.6
337.47495 	1640812.9
338.27655 	1621057.3
339.07816 	1601301.7
339.87976 	1581546.1
340.68136 	1561790.6
341.48297 	1542035.1
342.28457 	1522279.6
343.08617 	1502524.2
343.88778 	1482768.8
344.68938 	1463013.5
345.49098 	1443258.2
346.29259 	1423503
347.09419 	1403747.7
347.89579 	1383992.6
348.69739 	1364237.4
349.499 	1344482.4
350.3006 	1324727.3
351.1022 	1304972.3
351.90381 	1285217.3
352.70541 	1265462.4
353.50701 	1245707.5
354.30862 	1225952.7
355.11022 	1206197.9
355.91182 	1186443.2
356.71343 	1166688.5
357.51503 	1146933.8
358.31663 	1127179.2
359.11824 	1107424.6
359.91984 	1087670.1
360.72144 	1067915.6
361.52305 	1048161.2
362.32465 	1028406.8
363.12625 	1008652.4
363.92786 	988898.09
364.72946 	969143.83
365.53106 	949389.61
366.33267 	929635.43
367.13427 	909881.3
367.93587 	890127.21
368.73747 	870373.17
369.53908 	850619.17
370.34068 	830865.22
371.14228 	811111.32
371.94389 	791357.45
372.74549 	771603.64
373.54709 	751849.87
374.3487 	732096.14
375.1503 	712342.46
375.9519 	692588.82
376.75351 	672835.23
377.55511 	653081.68
379.15832 	613574.72
379.95992 	593821.3
381.56313 	554314.61
382.36473 	534561.33
383.16633 	514808.09
383.96794 	495054.9
384.76954 	475301.75
385.57114 	455548.64
386.37275 	435795.58
387.17435 	416042.56
387.97595 	396289.58
388.77756 	376536.65
389.57916 	356783.76
390.38076 	337030.91
391.18236 	317278.11
391.98397 	297525.35
392.78557 	277772.63
393.58717 	258019.95
394.38878 	238267.31
395.19038 	218514.72
395.99198 	198762.16
396.79359 	179009.65
397.59519 	159257.18
399.1984 	119752.35
400 	100481.09
