0 	8949058.9
6.4128257 	8845427.6
34.468938 	8266301.6
37.675351 	8241646.5
40.881764 	8175295.4
50.501002 	7958025
53.707415 	7902335.2
62.52505 	7689915.8
65.731463 	7614889.6
68.937876 	7541663.7
69.739479 	7523712.1
96.993988 	6983403.7
103.40681 	6970912.9
106.61323 	6970187.4
116.23246 	6969274.3
123.44689 	6966267
125.05 	6965874.3
125.8517 	6965635.1
128.25651 	6964896.9
131.46293 	6963632.2
151.50301 	6538620.5
153.90782 	6476346.9
156.31263 	6414070.7
159.51904 	6331049.7
166.73347 	6144341.4
169.13828 	6082124.2
175.5511 	5916188.3
176.35271 	5895443.2
187.57515 	5605004.8
190.78156 	5522010.3
200.4008 	5272998.6
201.2024 	5252242.5
202.00401 	5231485
202.80561 	5210725.9
203.60721 	5189965.1
204.40882 	5169202.7
205.21042 	5148438.6
206.01202 	5127672.8
206.81363 	5106905.4
207.61523 	5086136.4
208.41683 	5065365.9
209.21844 	5044594.2
210.02004 	5023821.3
210.82164 	5003047.5
211.62325 	4982272.9
212.42485 	4961497.8
213.22645 	4940722.5
214.02806 	4919947.2
214.82966 	4899172.1
215.63126 	4878397.4
216.43287 	4857623.3
217.23447 	4836850
218.03607 	4816077.5
219.63928 	4774535.6
220.44088 	4753766.1
221.24248 	4732997.6
222.04409 	4712230.1
222.84569 	4691463.4
223.64729 	4670697.6
224.4489 	4649932.4
225.2505 	4629167.8
226.0521 	4608403.7
227.65531 	4566876.6
228.45691 	4546113.5
229.25852 	4525350.6
230.86172 	4483825.3
231.66333 	4463063
232.46493 	4442300.9
234.06814 	4400777.4
234.86974 	4380016.1
235.67134 	4359255.2
236.47295 	4338494.7
237.27455 	4317734.7
238.07615 	4296975.3
238.87776 	4276216.4
239.67936 	4255458.1
240.48096 	4234700.3
241.28257 	4213943.2
242.08417 	4193186.5
242.88577 	4172430.3
243.68737 	4151674.5
244.48898 	4130919
245.29058 	4110163.7
246.09218 	4089408.5
246.89379 	4068653.2
247.69539 	4047897.7
248.49699 	4027141.9
249.2986 	4006385.5
250.1002 	3985628.6
250.9018 	3964870.8
251.70341 	3944112.2
252.50501 	3923352.6
253.30661 	3902591.9
254.10822 	3881830
254.90982 	3861066.9
255.71142 	3840302.5
256.51303 	3819536.8
257.31463 	3798769.7
258.11623 	3778001.3
258.91784 	3757231.5
259.71944 	3736460.5
260.52104 	3715688.3
261.32265 	3694914.9
262.12425 	3674140.4
262.92585 	3653364.9
263.72745 	3632588.6
264.52906 	3611811.6
265.33066 	3591033.9
266.13226 	3570255.8
266.93387 	3549477.5
267.73547 	3528699.1
268.53707 	3507920.9
269.33868 	3487143
270.14028 	3466365.7
270.94188 	3445589.3
271.74349 	3424813.9
272.54509 	3404040
273.34669 	3383267.6
274.1483 	3362497.2
274.9499 	3341728.9
274.95 	3341726.3
275.7515 	3320963
276.55311 	3300199.9
277.35471 	3279439.6
278.95792 	3237928.8
279.75952 	3217178.5
280.56112 	3196431.9
281.36273 	3175689
282.16433 	3154949.8
282.96593 	3134214.4
283.76754 	3113482.6
284.56914 	3092754.3
285.37074 	3072029.4
286.17234 	3051307.6
286.97395 	3030588.5
288.57715 	2989156.9
289.37876 	2968443.5
290.18036 	2947731.1
290.98196 	2927018.9
291.78357 	2906306.4
292.58517 	2885593
293.38677 	2864878.1
294.18838 	2844160.9
294.98998 	2823440.9
295.79158 	2802717.5
296.59319 	2781990.1
297.39479 	2761258.2
298.19639 	2740521.3
298.998 	2719779
299.7996 	2699031.1
300.6012 	2678277.1
301.40281 	2657517
302.20441 	2636750.6
303.00601 	2615977.9
303.80762 	2595199
304.60922 	2574414
306.21242 	2532826.4
307.01403 	2512024.4
307.81563 	2491217.4
308.61723 	2470405.7
309.41884 	2449589.9
310.22044 	2428770.4
311.02204 	2407947.6
311.82365 	2387121.9
312.62525 	2366294
313.42685 	2345464.2
314.22846 	2324632.9
315.03006 	2303800.6
315.83166 	2282967.8
316.63327 	2262134.7
317.43487 	2241301.7
318.23647 	2220469.2
319.03808 	2199637.3
319.83968 	2178806.4
320.64128 	2157976.5
321.44289 	2137148
322.24449 	2116321
323.04609 	2095495.4
323.8477 	2074671.5
324.6493 	2053849.3
325.4509 	2033028.8
326.25251 	2012210
327.05411 	1991392.9
327.85571 	1970577.5
328.65731 	1949763.7
329.45892 	1928951.6
330.26052 	1908140.9
331.06212 	1887331.8
331.86373 	1866524
332.66533 	1845717.6
333.46693 	1824912.4
334.26854 	1804108.4
335.07014 	1783305.5
335.87174 	1762503.6
336.67335 	1741702.7
337.47495 	1720902.7
338.27655 	1700103.5
339.07816 	1679305.1
339.87976 	1658507.4
340.68136 	1637710.3
341.48297 	1616913.8
342.28457 	1596117.9
343.08617 	1575322.6
343.88778 	1554527.7
344.68938 	1533733.4
345.49098 	1512939.4
346.29259 	1492145.9
347.09419 	1471352.9
347.89579 	1450560.3
348.69739 	1429768.1
349.499 	1408976.3
350.3006 	1388185
351.1022 	1367394.2
351.90381 	1346603.8
352.70541 	1325813.9
353.50701 	1305024.5
354.30862 	1284235.7
355.11022 	1263447.5
355.91182 	1242659.9
356.71343 	1221872.8
357.51503 	1201086.5
358.31663 	1180300.8
359.11824 	1159515.9
359.91984 	1138731.6
360.72144 	1117948.2
361.52305 	1097165.5
362.32465 	1076383.5
363.12625 	1055602.4
363.92786 	1034822.1
364.72946 	1014042.6
365.53106 	993263.83
366.33267 	972485.9
367.13427 	951708.74
367.93587 	930932.35
368.73747 	910156.7
369.53908 	889381.75
370.34068 	868607.49
371.14228 	847833.86
371.94389 	827060.84
372.74549 	806288.37
373.54709 	785516.41
374.3487 	764744.9
375.1503 	743973.79
375.9519 	723203.01
376.75351 	702432.51
377.55511 	681662.23
379.15832 	640122.05
379.95992 	619352.04
381.56313 	577811.83
382.36473 	557041.51
383.16633 	536270.99
383.96794 	515500.2
384.76954 	494729.1
385.57114 	473957.64
386.37275 	453185.78
387.17435 	432413.5
387.97595 	411640.77
388.77756 	390867.56
389.57916 	370093.88
390.38076 	349319.71
391.18236 	328545.05
391.98397 	307769.93
392.78557 	286994.35
393.58717 	266218.35
394.38878 	245441.94
395.19038 	224665.19
395.99198 	203888.12
396.79359 	183110.79
397.59519 	162333.26
399.1984 	120777.8
400 	100506.07
