0 	3836479.8
0.35183948 	3829031.5
0.70367896 	3821191.9
1.0555184 	3813364.5
1.4073579 	3805492.2
1.7591974 	3797640.8
2.1110369 	3789805.4
2.4628764 	3782013.6
2.8147158 	3774128.2
3.1665553 	3766282.4
3.5183948 	3758445.8
3.8702343 	3750569.9
4.2220737 	3742883.4
4.9257527 	3727225.2
5.6294317 	3711507.5
5.9812711 	3703648.9
6.3331106 	3695796.7
8.092308 	3656514.6
8.795987 	3640798.5
9.1478265 	3632974.5
10.203345 	3609484.1
10.907024 	3593780.1
11.258863 	3585933.2
11.610703 	3578042.6
11.962542 	3570166.8
12.666221 	3557330.9
13.018061 	3549476.4
13.3699 	3541623.3
13.72174 	3533760.3
14.777258 	3512651.8
15.480937 	3496936.3
15.832777 	3489081
16.536456 	3473370.4
17.591974 	3449804.3
18.647492 	3426238.1
19.351171 	3410527
19.703011 	3402671.4
20.05485 	3394815.8
20.40669 	3386960.1
20.758529 	3379104.4
21.462208 	3363392.7
22.165887 	3347680.7
22.869566 	3331968.4
23.573245 	3316255.8
23.925085 	3308399.4
24.276924 	3300542.9
24.628764 	3292686.4
25.332442 	3276973
25.684282 	3269116.1
26.387961 	3253402.2
26.7398 	3245545.1
27.09164 	3237688
27.443479 	3229830.7
27.795319 	3221973.3
28.147158 	3214115.9
28.850837 	3198400.7
29.202677 	3190543
29.554516 	3182685.2
29.906356 	3174827.3
30.258195 	3166969.4
30.610035 	3159111.3
30.961874 	3151253.2
31.665553 	3135536.6
32.017393 	3127678.2
32.369232 	3119819.7
32.721072 	3111961.2
33.072911 	3104102.5
33.424751 	3096243.8
33.77659 	3088385
34.128429 	3080526.1
34.480269 	3072667.2
34.832108 	3064808.2
35.183948 	3056949.1
35.535787 	3049090
35.887627 	3041230.8
36.239466 	3033371.5
36.591306 	3025512.2
37.294985 	3009793.3
37.646824 	3001933.8
37.998664 	2994074.3
38.702343 	2978355
39.406022 	2962635.5
39.757861 	2954775.7
41.165219 	2923336
41.517059 	2915476
41.868898 	2907616
42.220737 	2899755.9
42.924416 	2884035.6
43.276256 	2876175.4
43.628095 	2868315.2
43.979935 	2860455
44.683614 	2844734.6
45.035453 	2836874.4
45.387293 	2829014.1
46.090972 	2813293.5
46.442811 	2805433.2
47.14649 	2789712.5
47.49833 	2781852
48.202009 	2766131.2
48.553848 	2758270.9
49.257527 	2742550.8
49.609367 	2734691.2
49.961206 	2726832.1
50.313045 	2718971
50.664885 	2711083.5
51.016724 	2703174.7
51.720403 	2696310.1
52.072243 	2696237.5
52.424082 	2696210.1
52.775922 	2696185.9
53.127761 	2696163.2
54.18328 	2696100.2
54.535119 	2696080.2
54.886959 	2696061.2
55.238798 	2696042.6
55.590638 	2696023.6
55.942477 	2696004.6
56.997996 	2695944.9
57.349835 	2695924
57.701675 	2695902
58.053514 	2695879.3
58.405354 	2695854.3
58.757193 	2695821.2
59.109032 	2695767.8
59.460872 	2695726.6
60.164551 	2687786
60.51639 	2679976.1
60.86823 	2672090.1
61.220069 	2664200.2
61.571909 	2656310.1
61.923748 	2648419.8
62.275588 	2640529.3
62.627427 	2632638.7
62.979267 	2624748
63.331106 	2616857.2
63.682946 	2608966.3
64.034785 	2601075.4
64.386625 	2593184.5
64.738464 	2585293.5
65.442143 	2569511.5
65.793983 	2561620.4
66.497662 	2545838.2
67.55318 	2522164.4
68.256859 	2506381.6
68.608698 	2498490.1
69.312377 	2482707
70.016056 	2466923.6
70.367896 	2459031.9
70.719735 	2451140
71.071575 	2443248.2
71.423414 	2435356.3
72.830772 	2403788.1
73.182612 	2395896
73.534451 	2388003.8
73.886291 	2380111.6
74.941809 	2356434.8
75.293648 	2348542.4
75.645488 	2340650.1
75.997327 	2332757.7
77.052846 	2309080.6
77.404685 	2301188.2
77.756525 	2293295.8
78.460204 	2277511
78.812043 	2269618.6
79.163883 	2261726.2
80.219401 	2238049.3
81.27492 	2214372.6
81.626759 	2206480.4
81.978599 	2198588.3
82.330438 	2190696.2
82.682278 	2182804.2
83.034117 	2174912.2
83.385957 	2167020.3
83.737796 	2159128.4
84.089635 	2151236.6
84.441475 	2143344.9
85.496993 	2119670
86.552512 	2095995.8
86.904351 	2088104.5
89.015388 	2040758.2
89.367228 	2032867.4
90.070907 	2017086
90.422746 	2009195.4
90.774586 	2001304.8
91.126425 	1993414.4
91.478265 	1985523.9
91.830104 	1977633.6
92.533783 	1961853.1
93.237462 	1946072.8
93.589301 	1938182.7
93.941141 	1930292.7
94.29298 	1922402.8
96.052178 	1882953.8
96.404017 	1875064.1
96.755857 	1867174.5
97.459536 	1851395.4
97.811375 	1843505.9
98.163215 	1835616.5
98.515054 	1827727
99.922412 	1796169.7
100.27425 	1788280.4
100.62609 	1780391.2
101.32977 	1764612.7
102.03345 	1748834.4
102.38529 	1740945.3
103.79265 	1709388.9
104.14449 	1701499.8
104.49633 	1693610.7
105.2 	1677832.6
105.90368 	1662054.5
106.25552 	1654165.5
106.60736 	1646276.5
108.01472 	1614720.3
108.36656 	1606831.2
108.7184 	1598942.1
109.07024 	1591053.1
109.77392 	1575274.9
110.12576 	1567385.8
110.82944 	1551607.5
111.18128 	1543718.4
111.53311 	1535829.2
111.88495 	1527940
112.58863 	1512161.6
112.94047 	1504272.3
113.29231 	1496383.1
113.64415 	1488493.8
113.99599 	1480604.5
114.34783 	1472715.1
114.69967 	1464825.8
115.05151 	1456936.4
115.40335 	1449047
115.75519 	1441157.6
116.45887 	1425378.6
116.81071 	1417489.1
117.16255 	1409599.6
117.51439 	1401710
118.21806 	1385930.8
118.5699 	1378041.2
118.92174 	1370151.5
119.27358 	1362261.8
119.62542 	1354372.1
119.97726 	1346482.3
120.3291 	1338592.6
120.68094 	1330702.7
121.03278 	1322812.9
121.38462 	1314923
121.73646 	1307033.1
122.0883 	1299143.2
122.79198 	1283363.3
123.14382 	1275473.3
123.49566 	1267583.3
123.8475 	1259693.2
124.19934 	1251803.1
124.55118 	1243913
124.90302 	1236022.9
125.25485 	1228132.8
125.60669 	1220242.6
126.66221 	1196571.9
127.01405 	1188681.6
127.36589 	1180791.4
127.71773 	1172901
128.06957 	1165010.7
128.42141 	1157120.4
128.77325 	1149230
129.12509 	1141339.6
129.47693 	1133449.2
130.18061 	1117668.4
130.53245 	1109778
130.88429 	1101887.5
131.23613 	1093997.1
132.29164 	1070325.6
132.64348 	1062435.1
132.99532 	1054544.6
133.699 	1038763.6
134.05084 	1030873.1
134.40268 	1022982.6
134.75452 	1015092.1
135.4582 	999311.03
135.81004 	991420.52
136.16188 	983530.02
136.51372 	975639.51
136.86556 	967749.02
137.56924 	951968.05
137.92108 	944077.58
138.27292 	936187.11
138.97659 	920406.23
139.68027 	904625.4
140.03211 	896735.01
140.38395 	888844.63
140.73579 	880954.28
141.08763 	873063.94
141.43947 	865173.63
141.79131 	857283.33
142.14315 	849393.06
142.49499 	841502.82
142.84683 	833612.6
144.25419 	802051.98
145.3097 	778381.83
145.66154 	770491.84
146.01338 	762601.89
146.36522 	754711.97
146.71706 	746822.08
147.0689 	738932.23
147.42074 	731042.42
148.12442 	715262.92
148.8281 	699483.56
149.17994 	691593.95
149.88362 	675814.84
150.23546 	667925.35
150.5873 	660035.9
151.29098 	644257.13
151.99465 	628478.54
152.69833 	612700.13
153.05017 	604810.99
153.40201 	596921.9
153.75385 	589032.86
154.45753 	573254.91
154.80937 	565366.01
155.16121 	557477.16
155.51305 	549588.35
155.86489 	541699.59
156.21673 	533810.88
156.56857 	525922.21
157.62409 	502256.5
157.97593 	494368.03
158.32777 	486479.6
158.67961 	478591.23
159.03144 	470702.9
159.38328 	462814.61
159.73512 	454926.37
160.08696 	447038.18
160.4388 	439150.04
160.79064 	431261.94
161.14248 	423373.89
161.49432 	415485.88
161.84616 	407597.92
162.90168 	383934.3
163.25352 	376046.51
163.9572 	360271.06
164.30904 	352383.4
164.66088 	344495.77
165.01272 	336608.19
165.71639 	320833.14
166.06823 	312945.67
167.12375 	289283.48
167.47559 	281396.16
167.82743 	273508.86
168.17927 	265621.6
168.53111 	257734.37
169.23479 	241960
169.58663 	234072.86
169.93847 	226185.75
170.64215 	210411.59
170.99399 	202524.55
171.34583 	194637.54
171.69767 	186750.54
172.04951 	178863.57
172.40134 	170976.62
172.75318 	163089.68
173.10502 	155202.76
174.16054 	131542.1
174.51238 	123655.24
174.86422 	115768.38
