0 	3836481.9
0.35183948 	3829099.8
0.70367896 	3821479.9
1.0555184 	3813701.4
1.4073579 	3805921.9
1.7591974 	3798315.2
2.1110369 	3790797.5
2.4628764 	3783036
2.8147158 	3775244.3
3.1665553 	3767462.9
3.5183948 	3759657.3
3.8702343 	3751877
4.2220737 	3744158.5
4.9257527 	3728564.5
5.6294317 	3713124.8
5.9812711 	3705315.5
6.3331106 	3697510.2
8.092308 	3660375.7
8.795987 	3644850.8
9.1478265 	3637068.3
10.203345 	3616932.5
10.907024 	3601318.8
11.258863 	3593513.1
11.610703 	3585707.3
11.962542 	3577901.6
12.666221 	3562290.2
13.018061 	3554484.5
13.3699 	3546678.8
13.72174 	3538873.2
14.777258 	3515456.5
15.480937 	3499845.6
15.832777 	3492040.2
16.536456 	3476429.7
17.591974 	3453014.4
18.647492 	3429599.7
19.351171 	3413990.4
19.703011 	3406185.8
20.05485 	3398381.3
20.40669 	3390576.8
20.758529 	3382772.4
21.462208 	3367163.7
22.165887 	3351555.2
22.869566 	3335946.8
23.573245 	3320338.4
23.925085 	3312534.3
24.276924 	3304730.2
24.628764 	3296926.2
25.332442 	3281318.4
25.684282 	3273514.6
26.387961 	3257907.4
26.7398 	3250103.9
27.09164 	3242300.6
27.443479 	3234497.3
27.795319 	3226694.2
28.147158 	3218889.8
28.850837 	3203239.1
29.202677 	3197300.4
29.554516 	3196155.9
29.906356 	3196065.7
30.258195 	3196025.1
30.610035 	3195986.7
30.961874 	3195949
31.665553 	3195876.5
32.017393 	3195841.6
32.369232 	3195807.3
32.721072 	3195773.5
33.072911 	3195739.9
33.424751 	3195706.4
33.77659 	3195672.9
34.128429 	3195639.3
34.480269 	3195604.9
34.832108 	3195569.9
35.183948 	3195541.3
35.535787 	3195496.3
35.887627 	3195434.9
36.239466 	3195011.9
36.591306 	3190144
37.294985 	3174713.4
37.646824 	3166888.1
37.998664 	3159062.5
38.702343 	3143411.2
39.406022 	3127759.8
39.757861 	3119934.1
41.165219 	3088631.2
41.517059 	3080805.5
41.868898 	3072979.8
42.220737 	3065154.2
42.924416 	3049502.9
43.276256 	3041677.2
43.628095 	3033851.6
43.979935 	3026026
44.683614 	3010374.8
45.035453 	3002549.3
45.387293 	2994723.7
46.090972 	2979072.5
46.442811 	2971247
47.14649 	2955595.8
47.49833 	2947770.2
48.202009 	2932119
48.553848 	2924293.4
49.257527 	2908642.1
49.609367 	2900816.5
49.961206 	2892990.8
50.313045 	2885165.2
50.664885 	2877339.5
51.016724 	2869513.8
51.720403 	2853862.5
52.072243 	2846036.8
52.424082 	2838211.1
52.775922 	2830385.5
53.127761 	2822559.8
54.18328 	2799082.9
54.535119 	2791257.2
54.886959 	2783431.6
55.238798 	2775606
55.590638 	2767780.4
55.942477 	2759954.9
56.997996 	2736478.3
57.349835 	2728652.8
57.701675 	2720827.4
58.053514 	2713002
58.405354 	2705176.6
58.757193 	2697351.2
59.109032 	2689525.9
59.460872 	2681700.6
60.164551 	2666050
60.51639 	2658224.8
60.86823 	2650399.6
61.220069 	2642574.5
61.571909 	2634749.4
61.923748 	2626924.3
62.275588 	2619099.2
62.627427 	2611274.2
62.979267 	2603449.2
63.331106 	2595624.2
63.682946 	2587799.3
64.034785 	2579974.4
64.386625 	2572149.5
64.738464 	2564324.7
65.442143 	2548675.1
65.793983 	2540850.4
66.497662 	2525200.9
67.55318 	2501727.1
68.256859 	2486077.9
68.608698 	2478253.4
69.312377 	2462604.5
70.016056 	2446955.6
70.367896 	2439131.2
70.719735 	2431306.8
71.071575 	2423482.5
71.423414 	2415658.2
72.830772 	2384361.2
73.182612 	2376537
73.534451 	2368712.8
73.886291 	2360888.6
74.941809 	2337416.3
75.293648 	2329592.2
75.645488 	2321768.2
75.997327 	2313944.2
77.052846 	2290472.2
77.404685 	2282648.3
77.756525 	2274824.3
78.460204 	2259176.5
78.812043 	2251352.7
79.163883 	2243528.8
80.219401 	2220057.4
81.27492 	2196586.1
81.626759 	2188762.3
81.978599 	2180938.6
82.330438 	2173114.9
82.682278 	2165291.2
83.034117 	2157467.6
83.385957 	2149643.9
83.737796 	2141820.2
84.089635 	2133996.6
84.441475 	2126173
85.496993 	2102702.2
86.552512 	2079231.6
86.904351 	2071408
89.015388 	2024467
89.367228 	2016643.5
90.070907 	2000996.6
90.422746 	1993173.1
90.774586 	1985349.7
91.126425 	1977526.2
91.478265 	1969702.8
91.830104 	1961879.4
92.533783 	1946232.5
93.237462 	1930585.7
93.589301 	1922762.3
93.941141 	1914938.9
94.29298 	1907115.4
96.052178 	1867998.4
96.404017 	1860175
96.755857 	1852351.7
97.459536 	1836704.9
97.811375 	1828881.5
98.163215 	1821058.1
98.515054 	1813234.7
99.922412 	1781941.2
100.27425 	1774117.9
100.62609 	1766294.5
101.32977 	1750647.8
102.03345 	1735001.1
102.38529 	1727177.8
103.79265 	1695884.4
104.14449 	1688061.1
104.49633 	1680237.8
105.2 	1664591.2
105.90368 	1648944.6
106.25552 	1641121.3
106.60736 	1633298.1
108.01472 	1602005
108.36656 	1594181.8
108.7184 	1586358.6
109.07024 	1578535.3
109.77392 	1562888.9
110.12576 	1555065.7
110.82944 	1539419.4
111.18128 	1531596.2
111.53311 	1523773
111.88495 	1515949.9
112.58863 	1500303.6
112.94047 	1492480.5
113.29231 	1484657.4
113.64415 	1476834.3
113.99599 	1469011.2
114.34783 	1461188.1
114.69967 	1453365
115.05151 	1445542
115.40335 	1437718.9
115.75519 	1429895.9
116.45887 	1414249.8
116.81071 	1406426.8
117.16255 	1398603.8
117.51439 	1390780.8
118.21806 	1375134.8
118.5699 	1367311.8
118.92174 	1359488.8
119.27358 	1351665.9
119.62542 	1343842.9
119.97726 	1336020
120.3291 	1328197
120.68094 	1320374.1
121.03278 	1312551.2
121.38462 	1304728.3
121.73646 	1296905.3
122.0883 	1289082.4
122.79198 	1273436.6
123.14382 	1265613.7
123.49566 	1257790.8
123.8475 	1249967.9
124.19934 	1242145.1
124.55118 	1234322.2
124.90302 	1226499.3
125.25485 	1218676.4
125.60669 	1210853.5
126.66221 	1187384.9
127.01405 	1179562.1
127.36589 	1171739.2
127.71773 	1163916.3
128.06957 	1156093.5
128.42141 	1148270.6
128.77325 	1140447.7
129.12509 	1132624.9
129.47693 	1124802
130.18061 	1109156.3
130.53245 	1101333.4
130.88429 	1093510.5
131.23613 	1085687.6
132.29164 	1062219
132.64348 	1054396.1
132.99532 	1046573.2
133.699 	1030927.4
134.05084 	1023104.5
134.40268 	1015281.5
134.75452 	1007458.6
135.4582 	991812.76
135.81004 	983989.82
136.16188 	976166.88
136.51372 	968343.93
136.86556 	960520.97
137.56924 	944875.04
137.92108 	937052.06
138.27292 	929229.08
138.97659 	913583.09
139.68027 	897937.08
140.03211 	890114.06
140.38395 	882291.03
140.73579 	874467.99
141.08763 	866644.95
141.43947 	858821.9
141.79131 	850998.85
142.14315 	843175.78
142.49499 	835352.71
142.84683 	827529.63
144.25419 	796237.24
145.3097 	772767.87
145.66154 	764944.73
146.01338 	757121.58
146.36522 	749298.43
146.71706 	741475.28
147.0689 	733652.11
147.42074 	725828.94
148.12442 	710182.58
148.8281 	694536.2
149.17994 	686713
149.88362 	671066.59
150.23546 	663243.38
150.5873 	655420.16
151.29098 	639773.71
151.99465 	624127.24
152.69833 	608480.77
153.05017 	600657.52
153.40201 	592834.27
153.75385 	585011.03
154.45753 	569364.52
154.80937 	561541.27
155.16121 	553718.01
155.51305 	545894.75
155.86489 	538071.49
156.21673 	530248.23
156.56857 	522424.97
157.62409 	498955.19
157.97593 	491131.93
158.32777 	483308.67
158.67961 	475485.41
159.03144 	467662.16
159.38328 	459838.9
159.73512 	452015.65
160.08696 	444192.39
160.4388 	436369.14
160.79064 	428545.9
161.14248 	420722.65
161.49432 	412899.41
161.84616 	405076.17
162.90168 	381606.47
163.25352 	373783.25
163.9572 	358136.81
164.30904 	350313.6
164.66088 	342490.39
165.01272 	334667.19
165.71639 	319020.79
166.06823 	311197.6
167.12375 	287728.07
167.47559 	279904.91
167.82743 	272081.75
168.17927 	264258.59
168.53111 	256435.44
169.23479 	240789.16
169.58663 	232966.03
169.93847 	225142.91
170.64215 	209496.69
170.99399 	201673.58
171.34583 	193850.49
171.69767 	186027.4
172.04951 	178204.32
172.40134 	170381.24
172.75318 	162558.17
173.10502 	154735.11
174.16054 	131265.98
174.51238 	123442.94
174.86422 	115619.89
