0 	3847622.6
0.3317994 	3842102.3
3.6497934 	3825155.6
4.3133922 	3814830.3
4.6451916 	3808506
4.976991 	3800477.5
5.3087904 	3795801.2
5.9723892 	3789780.6
6.3041886 	3786143.6
6.635988 	3785138.5
7.2995868 	3784748.3
7.6313862 	3784602.9
7.9631856 	3784400.7
8.6267844 	3784300.1
8.9585838 	3782958.6
9.953982 	3758930.7
11.944778 	3727590
12.276578 	3726237
12.608377 	3724565.2
12.940177 	3720940.2
13.271976 	3718799
13.603775 	3717416.8
13.935575 	3715247.3
14.267374 	3714208.9
14.599174 	3714799.7
15.262772 	3714216.2
15.594572 	3713979.6
15.926371 	3713748.1
16.258171 	3713533.9
16.58997 	3713283.3
16.921769 	3712947
17.253569 	3709525.7
17.585368 	3702581.7
18.248967 	3696246.7
18.580766 	3696006
18.912566 	3694924.8
19.244365 	3689650.3
19.576165 	3678942.4
19.907964 	3666502
20.571563 	3662037.5
20.903362 	3657762.8
22.562359 	3641421.7
22.894159 	3640252
23.225958 	3638295.4
23.889557 	3636341.5
24.221356 	3635161.7
24.884955 	3623042.9
25.216754 	3619524.6
25.880353 	3612236.2
26.875751 	3590590.6
27.207551 	3581732
27.53935 	3578636.3
27.871149 	3577571.9
28.202949 	3571407.6
28.534748 	3563121.7
28.866548 	3556597.4
29.198347 	3547832.1
29.861946 	3528013.6
30.193745 	3517440.2
30.525545 	3511690.6
30.857344 	3511284.4
31.189143 	3511187.7
31.852742 	3511489.7
32.184542 	3510984.8
32.516341 	3510269.9
32.84814 	3510237.6
33.17994 	3510216.8
33.511739 	3510187.7
33.843539 	3509469.7
34.175338 	3508299.1
34.507137 	3506077.5
35.834335 	3496010.7
36.166134 	3493047.9
36.497934 	3489872.1
36.829733 	3484815.8
37.161533 	3477828.5
37.825131 	3464854.7
38.156931 	3459757.2
38.48873 	3456212.4
39.152329 	3450050.2
39.484128 	3442020.1
39.815928 	3433345.5
40.147727 	3424722.9
40.479527 	3416040.1
41.806724 	3381114.3
42.138524 	3372377.9
42.802122 	3354909.1
43.133922 	3346177
43.465721 	3337446.5
43.797521 	3328718
44.461119 	3311267.2
44.792919 	3302545.3
45.124718 	3293825.8
45.456518 	3285109
46.120116 	3267682.9
46.783715 	3250267
47.115515 	3241562.4
47.779113 	3224162.8
48.110913 	3215489.2
48.442712 	3206826.3
49.106311 	3189473.8
49.43811 	3180797.6
49.76991 	3172122
50.101709 	3163446.7
50.433509 	3154771.4
50.765308 	3146095.9
51.097107 	3137419.6
51.428907 	3128742.4
51.760706 	3120063.8
52.092506 	3111383.6
52.756104 	3094017.1
53.087904 	3085330.1
53.419703 	3076640.4
53.751503 	3067947.5
54.083302 	3059251.3
54.415101 	3050551.6
54.746901 	3041848.1
55.0787 	3033140.7
55.4105 	3024429.3
55.742299 	3015713.7
56.074098 	3006993.9
57.069497 	2980808.1
57.401296 	2972070.7
57.733095 	2963329
58.396694 	2945832.5
58.728494 	2937078
59.060293 	2928319.5
59.392092 	2919557
59.723892 	2910790.9
60.055691 	2902021.1
60.71929 	2884471.8
61.051089 	2875692.6
62.046488 	2849340.2
62.710086 	2831762.2
63.041886 	2822971.1
63.373685 	2814179
63.705485 	2805386.1
64.369083 	2787799.2
65.032682 	2770212.5
65.364482 	2761419.9
65.696281 	2752628.1
66.02808 	2743837.4
66.35988 	2735047.9
66.691679 	2726259.8
67.023479 	2717473.4
67.355278 	2708688.8
67.687077 	2699906.2
68.350676 	2682347.5
68.682476 	2673571.6
69.014275 	2664798.3
69.346074 	2656027.5
69.677874 	2647259.3
70.009673 	2638493.8
71.005071 	2612213.9
71.336871 	2603459.6
71.66867 	2594708
72.664068 	2568469.9
72.995868 	2559729.2
73.659467 	2542255.7
73.991266 	2533522.7
74.323065 	2524792.1
75.650263 	2489891.7
76.313862 	2472453.2
76.645661 	2463736.5
76.977461 	2455021.2
77.30926 	2446307.3
77.641059 	2437594.5
77.972859 	2428882.8
78.304658 	2420172
78.636458 	2411461.9
78.968257 	2402752.4
79.300056 	2394043.3
79.963655 	2376625.4
80.959053 	2350497.2
81.290853 	2341786.7
81.622652 	2333075.3
81.954452 	2324362.9
82.286251 	2315649.3
82.61805 	2306934.4
83.613448 	2280779.8
83.945248 	2272057.8
84.277047 	2263333.8
84.608847 	2254607.5
84.940646 	2245878.9
88.922239 	2140924
89.254038 	2132159.4
89.585838 	2123391.9
89.917637 	2114621.8
90.249436 	2105849.1
90.913035 	2088296.3
91.244835 	2079516.4
92.240233 	2053164
92.572032 	2044376.2
93.235631 	2026795.6
93.56743 	2018003.2
93.89923 	2009209.6
94.231029 	2000414.9
94.562829 	1991619.3
94.894628 	1982822.9
95.226427 	1974025.9
95.558227 	1965228.3
95.890026 	1956430.5
96.221826 	1947632.3
96.553625 	1938834.1
96.885424 	1930035.8
98.544421 	1886047.5
98.876221 	1877251
99.53982 	1859659.4
99.871619 	1850864.5
100.86702 	1824482.9
101.19882 	1815690.1
101.86242 	1798105.9
102.19421 	1789314.5
102.52601 	1780523.4
102.85781 	1771732.5
103.18961 	1762941.9
103.52141 	1754151.5
103.85321 	1745361.1
104.51681 	1727780.1
104.84861 	1718989.4
105.51221 	1701407.1
105.84401 	1692615.3
107.17121 	1657442
107.50301 	1648646.7
108.1666 	1631053.3
108.4984 	1622255.1
108.8302 	1613455.7
109.8256 	1587050.4
110.1574 	1578246.1
110.4892 	1569440.5
110.821 	1560633.5
111.1528 	1551825.2
111.4846 	1543015.5
112.48 	1516578
113.14359 	1498946.1
113.47539 	1490128.1
114.13899 	1472488.2
114.80259 	1454843.2
115.13439 	1446018.8
116.12979 	1419538.9
116.46159 	1410710.1
117.78879 	1375385.8
118.12059 	1366552.6
119.11598 	1340049.1
119.77958 	1322377.2
121.10678 	1287028.7
121.77038 	1269352.9
122.10218 	1260514.7
122.43398 	1251676.4
122.76578 	1242838
123.09758 	1233999.6
123.76118 	1216322.8
124.09298 	1207484.3
124.75657 	1189807.6
125.08837 	1180969.3
125.42017 	1172131
125.75197 	1163292.7
126.08377 	1154454.4
126.41557 	1145616.2
127.07917 	1127939.5
127.41097 	1119101
128.07457 	1101423.6
128.40637 	1092584.6
130.39716 	1039543.1
131.72436 	1004171
132.05616 	995326.15
132.38796 	986480.4
132.71976 	977633.76
133.05156 	968786.18
133.38336 	959937.63
133.71516 	951088.07
134.04696 	942237.48
134.71056 	924533.1
135.04236 	915679.29
135.37415 	906824.37
135.70595 	897968.36
136.36955 	880253.07
136.70135 	871393.8
137.03315 	862533.49
137.36495 	853672.14
137.69675 	844809.8
138.02855 	835946.5
138.36035 	827082.27
139.02395 	809351.21
140.01935 	782748.84
140.68295 	765010.7
141.01474 	756140.84
141.67834 	738399.81
142.01014 	729528.76
143.00554 	702914.17
143.33734 	694042.35
144.00094 	676298.57
144.33274 	667426.71
144.66454 	658554.93
144.99634 	649683.27
145.32814 	640811.77
145.65994 	631940.46
145.99174 	623069.38
146.32353 	614198.56
146.65533 	605328.01
146.98713 	596457.76
147.31893 	587587.84
147.65073 	578718.24
147.98253 	569849
148.31433 	560980.11
148.64613 	552111.59
148.97793 	543243.43
149.30973 	534375.63
149.64153 	525508.21
150.30513 	507774.42
150.63693 	498908.05
150.96873 	490042.02
151.30053 	481176.3
151.63233 	472310.89
151.96412 	463445.76
153.29132 	427987.8
153.62312 	419123.84
154.28672 	401396.39
154.61852 	392532.87
154.95032 	383669.44
155.61392 	365942.8
155.94572 	357079.53
156.60932 	339353
156.94112 	330489.7
157.27292 	321626.34
157.93651 	303899.4
158.26831 	295035.78
158.60011 	286172.04
158.93191 	277308.17
159.26371 	268444.16
160.59091 	232986.53
160.92271 	224121.71
162.24991 	188660.75
162.58171 	179795.13
162.9135 	170929.37
163.2453 	162063.48
163.9089 	144331.38
164.2407 	135465.2
164.5725 	126598.96
164.9043 	117732.66
165.2361 	108866.34
165.5679 	100440.35
