0 	7262282.6
6.4128257 	7200349.9
34.468938 	6540872.3
37.675351 	6462898
40.881764 	6396907.6
50.501002 	6237548.4
53.707415 	6227598.5
62.52505 	6054658.8
65.731463 	5977914.5
68.937876 	5916811.7
69.739479 	5900286.4
96.993988 	5450145.8
103.40681 	5323288.7
106.61323 	5312092.9
116.23246 	5090703.2
123.44689 	4971861.2
125.05 	4931598.8
125.8517 	4917427.9
128.25651 	4904017.7
131.46293 	4902257.7
151.50301 	4493324.6
153.90782 	4419350.2
156.31263 	4371029.9
159.51904 	4315427.9
166.73347 	4144312.2
169.13828 	4129512
175.5511 	3990914.9
176.35271 	3967798
187.57515 	3638034.1
190.78156 	3551707.5
200.4008 	3330648.1
201.2024 	3319551
202.00401 	3307918.3
202.80561 	3294753
203.60721 	3281855.6
204.40882 	3272622.4
205.21042 	3267294.5
206.01202 	3264786.4
206.81363 	3263598.4
207.61523 	3262884.3
208.41683 	3262365.7
209.21844 	3261996.8
210.02004 	3261762.9
210.82164 	3261809.3
211.62325 	3262394
212.42485 	3263107
213.22645 	3263327.3
214.02806 	3263213.9
214.82966 	3263041.5
215.63126 	3262949.7
216.43287 	3262946.7
217.23447 	3262990.2
218.03607 	3263059.3
219.63928 	3263285.5
220.44088 	3263511.1
221.24248 	3263793.6
222.04409 	3264147.5
222.84569 	3264574.2
223.64729 	3265033.7
224.4489 	3265484.6
225.2505 	3265820.8
226.0521 	3265890.4
227.65531 	3265231.1
228.45691 	3264814.5
229.25852 	3264505.6
230.86172 	3264285.3
231.66333 	3264343.3
232.46493 	3264420.8
234.06814 	3264498.3
234.86974 	3264508.9
235.67134 	3264528.4
236.47295 	3264551.9
237.27455 	3264568
238.07615 	3264577.3
238.87776 	3264557.7
239.67936 	3264509.1
240.48096 	3264398.1
241.28257 	3264234.1
242.08417 	3264036.3
242.88577 	3263827.7
243.68737 	3263566.5
244.48898 	3263222.4
245.29058 	3262782.2
246.09218 	3262293
246.89379 	3261777.7
247.69539 	3261257
248.49699 	3260731.8
249.2986 	3260170.9
250.1002 	3259557
250.9018 	3258943.3
251.70341 	3258420.6
252.50501 	3258009.6
253.30661 	3257560.5
254.10822 	3257063.6
254.90982 	3256561.7
255.71142 	3256089.5
256.51303 	3255681.4
257.31463 	3255314.7
258.11623 	3254994.3
258.91784 	3254743.6
259.71944 	3254513.4
260.52104 	3254314
261.32265 	3254163.3
262.12425 	3254055.8
262.92585 	3253996.6
263.72745 	3253981.9
264.52906 	3253987.6
265.33066 	3254006.5
266.13226 	3254034.3
266.93387 	3254074
267.73547 	3254136.8
268.53707 	3254218.2
269.33868 	3254309.4
270.14028 	3254385.8
270.94188 	3254437.4
271.74349 	3254457.8
272.54509 	3254444.3
273.34669 	3254405.2
274.1483 	3254334.8
274.9499 	3254209.6
274.95 	3254209.6
275.7515 	3254037.5
276.55311 	3253836.6
277.35471 	3253613.2
278.95792 	3253049.2
279.75952 	3252697.8
280.56112 	3252323.4
281.36273 	3251938.7
282.16433 	3251569.8
282.96593 	3251221.6
283.76754 	3250887.7
284.56914 	3250568.1
285.37074 	3250275.7
286.17234 	3250004.1
286.97395 	3249761.9
288.57715 	3249382.1
289.37876 	3249245.7
290.18036 	3249161.7
290.98196 	3249137.7
291.78357 	3249154.3
292.58517 	3249183.8
293.38677 	3249208.5
294.18838 	3249201.5
294.98998 	3249144.6
295.79158 	3249149.3
296.59319 	3249271.4
297.39479 	3249467.8
298.19639 	3249740.3
298.998 	3249992.2
299.7996 	3250210
300.6012 	3250466.5
301.40281 	3250653.6
302.20441 	3250818.8
303.00601 	3250993.6
303.80762 	3251189.9
304.60922 	3251400.9
306.21242 	3251804.6
307.01403 	3252036.9
307.81563 	3252272.4
308.61723 	3252461.3
309.41884 	3252472.7
310.22044 	3252240
311.02204 	3251886.9
311.82365 	3251551.2
312.62525 	3251193.4
313.42685 	3250752.1
314.22846 	3250255.5
315.03006 	3249769.6
315.83166 	3249317.5
316.63327 	3248944.9
317.43487 	3248652.3
318.23647 	3248335.9
319.03808 	3248041.6
319.83968 	3247745.7
320.64128 	3247290.4
321.44289 	3246343.3
322.24449 	3244744.7
323.04609 	3241474.8
323.8477 	3234501.1
324.6493 	3221017.6
325.4509 	3198536.5
326.25251 	3168341.7
327.05411 	3135278.5
327.85571 	3101990.4
328.65731 	3068793.7
329.45892 	3035641.4
330.26052 	3002508.5
331.06212 	2969383.9
331.86373 	2936262.4
332.66533 	2903140.3
333.46693 	2870011.5
334.26854 	2836869.6
335.07014 	2803711.1
335.87174 	2770536.1
336.67335 	2737346.8
337.47495 	2704145.4
338.27655 	2670933.5
339.07816 	2637711.3
339.87976 	2604478.6
340.68136 	2571235.6
341.48297 	2537982.3
342.28457 	2504719.2
343.08617 	2471446.6
343.88778 	2438166.1
344.68938 	2404881
345.49098 	2371595.6
346.29259 	2338314.3
347.09419 	2305040.3
347.89579 	2271775.1
348.69739 	2238518.1
349.499 	2205267.4
350.3006 	2172020.5
351.1022 	2138775.9
351.90381 	2105532.6
352.70541 	2072291.1
353.50701 	2039051.8
354.30862 	2005815.4
355.11022 	1972581.8
355.91182 	1939350.4
356.71343 	1906120.3
357.51503 	1872890.5
358.31663 	1839660.7
359.11824 	1806430.3
359.91984 	1773199.2
360.72144 	1739966.5
361.52305 	1706730.6
362.32465 	1673489.1
363.12625 	1640238.8
363.92786 	1606976.1
364.72946 	1573697.6
365.53106 	1540400.5
366.33267 	1507082.7
367.13427 	1473743.2
367.93587 	1440381.7
368.73747 	1406999.1
369.53908 	1373596.7
370.34068 	1340176.3
371.14228 	1306739.7
371.94389 	1273288.4
372.74549 	1239823.6
373.54709 	1206345.4
374.3487 	1172853.8
375.1503 	1139347.9
375.9519 	1105826.9
376.75351 	1072290.3
377.55511 	1038738.3
379.15832 	971594.05
379.95992 	938007.3
381.56313 	870824
382.36473 	837235.81
383.16633 	803654.72
383.96794 	770083.22
384.76954 	736522.65
385.57114 	702973.32
386.37275 	669434.73
387.17435 	635905.9
387.97595 	602385.71
388.77756 	568873.09
389.57916 	535367.17
390.38076 	501867.17
391.18236 	468372.38
391.98397 	434881.99
392.78557 	401395
393.58717 	367910.28
394.38878 	334426.56
395.19038 	300942.62
395.99198 	267457.39
396.79359 	233970.13
397.59519 	200480.47
399.1984 	133494.78
400 	100815.83
