0 	9669955.4
6.4128257 	9530831.5
34.468938 	9135789.1
37.675351 	9102666.7
40.881764 	9023307.3
50.501002 	8784539.3
53.707415 	8704913.7
62.52505 	8485826.1
65.731463 	8406111.8
68.937876 	8326377.7
69.739479 	8306442.2
96.993988 	7629030.5
103.40681 	7469819.2
106.61323 	7390222
116.23246 	7151403.6
123.44689 	6972199.9
125.05 	6932365.3
125.8517 	6912442.4
128.25651 	6852674.9
131.46293 	6772972.8
151.50301 	6274904.7
153.90782 	6215173.2
156.31263 	6155449.3
159.51904 	6075826.5
166.73347 	5896689.5
169.13828 	5836975.1
175.5511 	5677717.3
176.35271 	5657807.7
187.57515 	5379007.9
190.78156 	5299328.6
200.4008 	5060240.9
201.2024 	5040314.4
202.00401 	5020387.6
202.80561 	5000460.6
203.60721 	4980533.5
204.40882 	4960606.2
205.21042 	4940678.8
206.01202 	4920751.5
206.81363 	4900824.1
207.61523 	4880896.8
208.41683 	4860969.6
209.21844 	4841042.6
210.02004 	4821115.7
210.82164 	4801189.1
211.62325 	4781262.7
212.42485 	4761336.7
213.22645 	4741411
214.02806 	4721485.8
214.82966 	4701560.9
215.63126 	4681636.5
216.43287 	4661712.5
217.23447 	4641789
218.03607 	4621866.1
219.63928 	4582021.7
220.44088 	4562100.3
221.24248 	4542179.5
222.04409 	4522259.1
222.84569 	4502339.3
223.64729 	4482420
224.4489 	4462501.2
225.2505 	4442582.8
226.0521 	4422664.9
227.65531 	4382830.3
228.45691 	4362913.5
229.25852 	4342997.1
230.86172 	4303165
231.66333 	4283249.2
232.46493 	4263333.7
234.06814 	4223502.9
234.86974 	4203587.6
235.67134 	4183672.4
236.47295 	4163757.1
237.27455 	4143841.7
238.07615 	4123926.3
238.87776 	4104010.8
239.67936 	4084095.1
240.48096 	4064179.3
241.28257 	4044263.3
242.08417 	4024347
242.88577 	4004430.6
243.68737 	3984513.9
244.48898 	3964597
245.29058 	3944679.8
246.09218 	3924762.3
246.89379 	3904844.6
247.69539 	3884926.6
248.49699 	3865008.3
249.2986 	3845089.7
250.1002 	3825170.8
250.9018 	3805251.6
251.70341 	3785332.1
252.50501 	3765412.4
253.30661 	3745492.3
254.10822 	3725572
254.90982 	3705651.4
255.71142 	3685730.5
256.51303 	3665809.3
257.31463 	3645887.9
258.11623 	3625966.2
258.91784 	3606044.3
259.71944 	3586122.1
260.52104 	3566199.7
261.32265 	3546277
262.12425 	3526354.2
262.92585 	3506431.1
263.72745 	3486507.8
264.52906 	3466584.3
265.33066 	3446660.7
266.13226 	3426736.9
266.93387 	3406813
267.73547 	3386888.9
268.53707 	3366964.8
269.33868 	3347040.6
270.14028 	3327116.3
270.94188 	3307192
271.74349 	3287267.6
272.54509 	3267343.3
273.34669 	3247419
274.1483 	3227494.8
274.9499 	3207570.7
274.95 	3207568.2
275.7515 	3187646.6
276.55311 	3167722.8
277.35471 	3147799.1
278.95792 	3107952.3
279.75952 	3088029.2
280.56112 	3068106.4
281.36273 	3048183.9
282.16433 	3028261.7
282.96593 	3008339.8
283.76754 	2988418.3
284.56914 	2968497.1
285.37074 	2948576.3
286.17234 	2928655.9
286.97395 	2908735.8
288.57715 	2868896.9
289.37876 	2848978
290.18036 	2829059.5
290.98196 	2809141.3
291.78357 	2789223.6
292.58517 	2769306.2
293.38677 	2749389.1
294.18838 	2729472.4
294.98998 	2709555.9
295.79158 	2689639.8
296.59319 	2669723.9
297.39479 	2649808.3
298.19639 	2629892.9
298.998 	2609977.7
299.7996 	2590062.6
300.6012 	2570147.7
301.40281 	2550232.9
302.20441 	2530318.2
303.00601 	2510403.6
303.80762 	2490488.9
304.60922 	2470574.3
306.21242 	2430745
307.01403 	2410830.2
307.81563 	2390915.4
308.61723 	2371000.4
309.41884 	2351085.3
310.22044 	2331170
311.02204 	2311254.5
311.82365 	2291338.9
312.62525 	2271423
313.42685 	2251506.9
314.22846 	2231590.6
315.03006 	2211674.1
315.83166 	2191757.3
316.63327 	2171840.2
317.43487 	2151922.9
318.23647 	2132005.3
319.03808 	2112087.4
319.83968 	2092169.3
320.64128 	2072250.9
321.44289 	2052332.2
322.24449 	2032413.3
323.04609 	2012494.1
323.8477 	1992574.6
324.6493 	1972654.9
325.4509 	1952734.9
326.25251 	1932814.8
327.05411 	1912894.3
327.85571 	1892973.7
328.65731 	1873052.8
329.45892 	1853131.7
330.26052 	1833210.4
331.06212 	1813288.9
331.86373 	1793367.2
332.66533 	1773445.4
333.46693 	1753523.4
334.26854 	1733601.2
335.07014 	1713678.9
335.87174 	1693756.4
336.67335 	1673833.8
337.47495 	1653911
338.27655 	1633988.2
339.07816 	1614065.2
339.87976 	1594142.2
340.68136 	1574219
341.48297 	1554295.8
342.28457 	1534372.5
343.08617 	1514449.1
343.88778 	1494525.7
344.68938 	1474602.2
345.49098 	1454678.7
346.29259 	1434755.2
347.09419 	1414831.7
347.89579 	1394908.1
348.69739 	1374984.5
349.499 	1355060.9
350.3006 	1335137.4
351.1022 	1315213.8
351.90381 	1295290.3
352.70541 	1275366.8
353.50701 	1255443.4
354.30862 	1235519.9
355.11022 	1215596.6
355.91182 	1195673.2
356.71343 	1175750
357.51503 	1155826.8
358.31663 	1135903.7
359.11824 	1115980.6
359.91984 	1096057.6
360.72144 	1076134.7
361.52305 	1056211.9
362.32465 	1036289.2
363.12625 	1016366.5
363.92786 	996443.93
364.72946 	976521.45
365.53106 	956599.06
366.33267 	936676.75
367.13427 	916754.54
367.93587 	896832.41
368.73747 	876910.38
369.53908 	856988.43
370.34068 	837066.56
371.14228 	817144.78
371.94389 	797223.09
372.74549 	777301.47
373.54709 	757379.94
374.3487 	737458.48
375.1503 	717537.09
375.9519 	697615.78
376.75351 	677694.54
377.55511 	657773.36
379.15832 	617931.2
379.95992 	598010.21
381.56313 	558168.4
382.36473 	538247.58
383.16633 	518326.8
383.96794 	498406.07
384.76954 	478485.39
385.57114 	458564.76
386.37275 	438644.17
387.17435 	418723.62
387.97595 	398803.11
388.77756 	378882.64
389.57916 	358962.21
390.38076 	339041.81
391.18236 	319121.46
391.98397 	299201.14
392.78557 	279280.86
393.58717 	259360.61
394.38878 	239440.4
395.19038 	219520.23
395.99198 	199600.1
396.79359 	179680
397.59519 	159759.94
399.1984 	119919.94
400 	100485.17
