0 	8550044.1
6.4128257 	8480014.2
34.468938 	7829727.8
37.675351 	7748983.2
40.881764 	7696265.5
50.501002 	7513356.7
53.707415 	7492937
62.52505 	7374320.6
65.731463 	7325049.7
68.937876 	7253618.3
69.739479 	7235080.2
96.993988 	6645595.9
103.40681 	6492716
106.61323 	6429290.5
116.23246 	6201890.6
123.44689 	6014963.9
125.05 	5973369.4
125.8517 	5952819.5
128.25651 	5892799.6
131.46293 	5828978.1
151.50301 	5815758.3
153.90782 	5815922.5
156.31263 	5816545.9
159.51904 	5818033.1
166.73347 	5814051.7
169.13828 	5812733.8
175.5511 	5813633.9
176.35271 	5813309.8
187.57515 	5793251.3
190.78156 	5712357.6
200.4008 	5453697.2
201.2024 	5432203.5
202.00401 	5410717.3
202.80561 	5389238.2
203.60721 	5367766.3
204.40882 	5346301.4
205.21042 	5324843.4
206.01202 	5303391.6
206.81363 	5281944.7
207.61523 	5260501.1
208.41683 	5239059.2
209.21844 	5217617.1
210.02004 	5196173.4
210.82164 	5174727.3
211.62325 	5153278.2
212.42485 	5131826
213.22645 	5110370.8
214.02806 	5088913.1
214.82966 	5067453.2
215.63126 	5045991.5
216.43287 	5024528.7
217.23447 	5003065.1
218.03607 	4981601.5
219.63928 	4938675.9
220.44088 	4917214.3
221.24248 	4895753.3
222.04409 	4874292.6
222.84569 	4852831.6
223.64729 	4831369.5
224.4489 	4809905.5
225.2505 	4788439
226.0521 	4766969.4
227.65531 	4724020
228.45691 	4702540.1
229.25852 	4681057.1
230.86172 	4638082.3
231.66333 	4616591.2
232.46493 	4595098.1
234.06814 	4552108.5
234.86974 	4530613.1
235.67134 	4509117.7
236.47295 	4487622.6
237.27455 	4466127.5
238.07615 	4444632.2
238.87776 	4423136.6
239.67936 	4401640.2
240.48096 	4380143.1
241.28257 	4358645.3
242.08417 	4337147.2
242.88577 	4315649
243.68737 	4294151.2
244.48898 	4272654.2
245.29058 	4251158.3
246.09218 	4229664
246.89379 	4208171.5
247.69539 	4186681.1
248.49699 	4165192.9
249.2986 	4143706.9
250.1002 	4122223.2
250.9018 	4100741.6
251.70341 	4079262.1
252.50501 	4057784.3
253.30661 	4036307.9
254.10822 	4014832.4
254.90982 	3993357.3
255.71142 	3971882
256.51303 	3950405.7
257.31463 	3928927.6
258.11623 	3907446.9
258.91784 	3885962.8
259.71944 	3864474.4
260.52104 	3842981.2
261.32265 	3821482.3
262.12425 	3799977.4
262.92585 	3778466.1
263.72745 	3756948
264.52906 	3735423.3
265.33066 	3713891.9
266.13226 	3692354
266.93387 	3670809.9
267.73547 	3649259.9
268.53707 	3627704.4
269.33868 	3606143.7
270.14028 	3584578.5
270.94188 	3563009
271.74349 	3541435.8
272.54509 	3519859.4
273.34669 	3498280.3
274.1483 	3476699.1
274.9499 	3455116.4
274.95 	3455113.7
275.7515 	3433532.7
276.55311 	3411948.6
277.35471 	3390364.6
278.95792 	3347199.3
279.75952 	3325618.9
280.56112 	3304040.4
281.36273 	3282464.1
282.16433 	3260890.3
282.96593 	3239319.1
283.76754 	3217750.4
284.56914 	3196184.3
285.37074 	3174620.8
286.17234 	3153059.5
286.97395 	3131500.5
288.57715 	3088388.1
289.37876 	3066834.1
290.18036 	3045281.2
290.98196 	3023729.2
291.78357 	3002177.7
292.58517 	2980626.4
293.38677 	2959075.1
294.18838 	2937523.6
294.98998 	2915971.9
295.79158 	2894419.6
296.59319 	2872867
297.39479 	2851313.9
298.19639 	2829760.3
298.998 	2808206.5
299.7996 	2786652.5
300.6012 	2765098.3
301.40281 	2743544.1
302.20441 	2721989.8
303.00601 	2700435.6
303.80762 	2678881.4
304.60922 	2657327.2
306.21242 	2614218.1
307.01403 	2592663.1
307.81563 	2571107.6
308.61723 	2549551.6
309.41884 	2527994.9
310.22044 	2506437.6
311.02204 	2484879.6
311.82365 	2463321
312.62525 	2441761.8
313.42685 	2420202.1
314.22846 	2398642.1
315.03006 	2377081.9
315.83166 	2355521.5
316.63327 	2333961.1
317.43487 	2312400.8
318.23647 	2290840.8
319.03808 	2269281.1
319.83968 	2247721.9
320.64128 	2226163.5
321.44289 	2204606
322.24449 	2183049.6
323.04609 	2161494.7
323.8477 	2139941.6
324.6493 	2118390.7
325.4509 	2096842.5
326.25251 	2075297.4
327.05411 	2053756.1
327.85571 	2032218.9
328.65731 	2010686.5
329.45892 	1989159.5
330.26052 	1967638.3
331.06212 	1946123.4
331.86373 	1924615.2
332.66533 	1903114
333.46693 	1881620
334.26854 	1860133.5
335.07014 	1838654.4
335.87174 	1817182.8
336.67335 	1795718.4
337.47495 	1774261.1
338.27655 	1752810.5
339.07816 	1731366.3
339.87976 	1709928.1
340.68136 	1688495.3
341.48297 	1667067.5
342.28457 	1645644
343.08617 	1624224.4
343.88778 	1602808
344.68938 	1581394.4
345.49098 	1559983
346.29259 	1538573.4
347.09419 	1517165.1
347.89579 	1495757.8
348.69739 	1474351
349.499 	1452944.5
350.3006 	1431538
351.1022 	1410131.2
351.90381 	1388724
352.70541 	1367316.2
353.50701 	1345907.6
354.30862 	1324498.1
355.11022 	1303087.5
355.91182 	1281675.7
356.71343 	1260262.6
357.51503 	1238848
358.31663 	1217431.9
359.11824 	1196014.1
359.91984 	1174594.6
360.72144 	1153173.3
361.52305 	1131750.1
362.32465 	1110325
363.12625 	1088897.9
363.92786 	1067468.8
364.72946 	1046037.7
365.53106 	1024604.6
366.33267 	1003169.5
367.13427 	981732.44
367.93587 	960293.41
368.73747 	938852.39
369.53908 	917409.38
370.34068 	895964.34
371.14228 	874517.21
371.94389 	853067.91
372.74549 	831616.34
373.54709 	810162.36
374.3487 	788705.81
375.1503 	767246.51
375.9519 	745784.26
376.75351 	724318.84
377.55511 	702850.03
379.15832 	659901.31
379.95992 	638420.94
381.56313 	595447.11
382.36473 	573953.28
383.16633 	552454.64
383.96794 	530951.06
384.76954 	509442.46
385.57114 	487928.81
386.37275 	466410.09
387.17435 	444886.35
387.97595 	423357.67
388.77756 	401824.19
389.57916 	380286.06
390.38076 	358743.5
391.18236 	337196.76
391.98397 	315646.1
392.78557 	294091.86
393.58717 	272534.34
394.38878 	250973.9
395.19038 	229410.91
395.99198 	207845.72
396.79359 	186278.72
397.59519 	164710.28
399.1984 	121570.55
400 	100525.38
