0 	3836483
0.35183948 	3829053.6
0.70367896 	3821221.1
1.0555184 	3813403.9
1.4073579 	3805533.1
1.7591974 	3797685.8
2.1110369 	3789851.5
2.4628764 	3782098.1
2.8147158 	3774194.1
3.1665553 	3766350.9
3.5183948 	3758523.3
3.8702343 	3750663
4.2220737 	3742979
4.9257527 	3727340.3
5.6294317 	3711629.8
5.9812711 	3703779.2
6.3331106 	3695927.2
8.092308 	3656682.6
8.795987 	3640981.2
9.1478265 	3633103.8
10.203345 	3609680.2
10.907024 	3593979.7
11.258863 	3586009
11.610703 	3579789.9
11.962542 	3573272.5
12.666221 	3557572.7
13.018061 	3549724.3
13.3699 	3541848
13.72174 	3533903.7
14.777258 	3512923.8
15.480937 	3497227.1
15.832777 	3489378.8
16.536456 	3473682.2
17.591974 	3450137.3
18.647492 	3426592.3
19.351171 	3410895.5
19.703011 	3403047.1
20.05485 	3395198.6
20.40669 	3387350
20.758529 	3379501.5
21.462208 	3363804.2
22.165887 	3348106.7
22.869566 	3332409
23.573245 	3316711.1
23.925085 	3308862.1
24.276924 	3301013
24.628764 	3293163.8
25.332442 	3277465.3
25.684282 	3269615.9
26.387961 	3253916.9
26.7398 	3246067.4
27.09164 	3238217.7
27.443479 	3230368
27.795319 	3222518.2
28.147158 	3214668.4
28.850837 	3198968.4
29.202677 	3191118.3
29.554516 	3183268.2
29.906356 	3175417.9
30.258195 	3167567.6
30.610035 	3159717.3
30.961874 	3151866.8
31.665553 	3136165.7
32.017393 	3128315.1
32.369232 	3120464.3
32.721072 	3112613.6
33.072911 	3104762.7
33.424751 	3096911.8
33.77659 	3089060.8
34.128429 	3081209.7
34.480269 	3073358.6
34.832108 	3065507.4
35.183948 	3057656.2
35.535787 	3049804.9
35.887627 	3041953.6
36.239466 	3034102.2
36.591306 	3026250.7
37.294985 	3010547.6
37.646824 	3002696.1
37.998664 	2994844.4
38.702343 	2979141.1
39.406022 	2963437.6
39.757861 	2955585.8
41.165219 	2924178.8
41.517059 	2916327.1
41.868898 	2908475.4
42.220737 	2900623.8
42.924416 	2884920.6
43.276256 	2877069.2
43.628095 	2869217.8
43.979935 	2861366.4
44.683614 	2845664
45.035453 	2837812.8
45.387293 	2829961.7
46.090972 	2814259.3
46.442811 	2806407.9
47.14649 	2790704.9
47.49833 	2782853.2
48.202009 	2767143.6
48.553848 	2759243.4
49.257527 	2747243.1
49.609367 	2746779.1
49.961206 	2746735.3
50.313045 	2746706.6
50.664885 	2746676.8
51.016724 	2746648.5
51.720403 	2746593.6
52.072243 	2746565.7
52.424082 	2746538
52.775922 	2746510.5
53.127761 	2746483
54.18328 	2746400.6
54.535119 	2746372.7
54.886959 	2746344.3
55.238798 	2746315.8
55.590638 	2746286.7
55.942477 	2746256.8
56.997996 	2746116.1
57.349835 	2745527.4
57.701675 	2740212.1
58.053514 	2732510.9
58.405354 	2724634.9
58.757193 	2716750.8
59.109032 	2708866.6
59.460872 	2700982.7
60.164551 	2685215.3
60.51639 	2677331.7
60.86823 	2669448.1
61.220069 	2661564.4
61.571909 	2653680.7
61.923748 	2645796.9
62.275588 	2637913
62.627427 	2630029.1
62.979267 	2622145.1
63.331106 	2614261.1
63.682946 	2606377
64.034785 	2598492.9
64.386625 	2590608.7
64.738464 	2582724.5
65.442143 	2566956
65.793983 	2559071.7
66.497662 	2543303.1
67.55318 	2519650.1
68.256859 	2503881.4
68.608698 	2495997.1
69.312377 	2480228.4
70.016056 	2464459.9
70.367896 	2456575.6
70.719735 	2448691.3
71.071575 	2440807.1
71.423414 	2432922.9
72.830772 	2401386.4
73.182612 	2393502.4
73.534451 	2385618.4
73.886291 	2377734.4
74.941809 	2354082.8
75.293648 	2346199
75.645488 	2338315.2
75.997327 	2330431.5
77.052846 	2306780.7
77.404685 	2298897.2
77.756525 	2291013.7
78.460204 	2275247
78.812043 	2267363.7
79.163883 	2259480.4
80.219401 	2235831
81.27492 	2212182.1
81.626759 	2204299.3
81.978599 	2196416.5
82.330438 	2188533.7
82.682278 	2180651.1
83.034117 	2172768.4
83.385957 	2164885.9
83.737796 	2157003.4
84.089635 	2149120.9
84.441475 	2141238.5
85.496993 	2117591.7
86.552512 	2093945.4
86.904351 	2086063.4
89.015388 	2038772.4
89.367228 	2030890.7
90.070907 	2015127.6
90.422746 	2007246
90.774586 	1999364.5
91.126425 	1991483.1
91.478265 	1983601.7
91.830104 	1975720.3
92.533783 	1959957.7
93.237462 	1944195.2
93.589301 	1936314.1
93.941141 	1928432.9
94.29298 	1920551.8
96.052178 	1881146.5
96.404017 	1873265.5
96.755857 	1865384.5
97.459536 	1849622.6
97.811375 	1841741.6
98.163215 	1833860.7
98.515054 	1825979.8
99.922412 	1794456.1
100.27425 	1786575.2
100.62609 	1778694.3
101.32977 	1762932.5
102.03345 	1747170.6
102.38529 	1739289.7
103.79265 	1707765.8
104.14449 	1699884.8
104.49633 	1692003.8
105.2 	1676241.8
105.90368 	1660479.6
106.25552 	1652598.5
106.60736 	1644717.4
108.01472 	1613192.6
108.36656 	1605311.4
108.7184 	1597430.1
109.07024 	1589548.8
109.77392 	1573786.1
110.12576 	1565904.7
110.82944 	1550141.9
111.18128 	1542260.4
111.53311 	1534378.9
111.88495 	1526497.4
112.58863 	1510734.3
112.94047 	1502852.7
113.29231 	1494971.1
113.64415 	1487089.4
113.99599 	1479207.8
114.34783 	1471326.1
114.69967 	1463444.4
115.05151 	1455562.6
115.40335 	1447680.9
115.75519 	1439799.1
116.45887 	1424035.4
116.81071 	1416153.6
117.16255 	1408271.7
117.51439 	1400389.8
118.21806 	1384626
118.5699 	1376744.1
118.92174 	1368862.1
119.27358 	1360980.1
119.62542 	1353098.2
119.97726 	1345216.2
120.3291 	1337334.2
120.68094 	1329452.2
121.03278 	1321570.1
121.38462 	1313688.1
121.73646 	1305806.1
122.0883 	1297924.1
122.79198 	1282160
123.14382 	1274277.9
123.49566 	1266395.9
123.8475 	1258513.8
124.19934 	1250631.8
124.55118 	1242749.7
124.90302 	1234867.7
125.25485 	1226985.7
125.60669 	1219103.6
126.66221 	1195457.6
127.01405 	1187575.6
127.36589 	1179693.6
127.71773 	1171811.6
128.06957 	1163929.7
128.42141 	1156047.7
128.77325 	1148165.8
129.12509 	1140283.9
129.47693 	1132402
130.18061 	1116638.2
130.53245 	1108756.4
130.88429 	1100874.5
131.23613 	1092992.7
132.29164 	1069347.4
132.64348 	1061465.6
132.99532 	1053583.9
133.699 	1037820.6
134.05084 	1029938.9
134.40268 	1022057.3
134.75452 	1014175.7
135.4582 	998412.56
135.81004 	990531.03
136.16188 	982649.53
136.51372 	974768.05
136.86556 	966886.59
137.56924 	951123.75
137.92108 	943242.37
138.27292 	935361.02
138.97659 	919598.38
139.68027 	903835.84
140.03211 	895954.6
140.38395 	888073.39
140.73579 	880192.21
141.08763 	872311.04
141.43947 	864429.9
141.79131 	856548.78
142.14315 	848667.69
142.49499 	840786.61
142.84683 	832905.56
144.25419 	801381.55
145.3097 	777738.75
145.66154 	769857.85
146.01338 	761976.97
146.36522 	754096.1
146.71706 	746215.25
147.0689 	738334.41
147.42074 	730453.59
148.12442 	714691.98
148.8281 	698930.43
149.17994 	691049.66
149.88362 	675288.17
150.23546 	667407.44
150.5873 	659526.71
151.29098 	643765.29
151.99465 	628003.88
152.69833 	612242.5
153.05017 	604361.82
153.40201 	596481.13
153.75385 	588600.45
154.45753 	572839.1
154.80937 	564958.43
155.16121 	557077.75
155.51305 	549197.08
155.86489 	541316.4
156.21673 	533435.72
156.56857 	525555.05
157.62409 	501913
157.97593 	494032.31
158.32777 	486151.62
158.67961 	478270.93
159.03144 	470390.23
159.38328 	462509.52
159.73512 	454628.82
160.08696 	446748.1
160.4388 	438867.39
160.79064 	430986.66
161.14248 	423105.94
161.49432 	415225.2
161.84616 	407344.46
162.90168 	383702.21
163.25352 	375821.45
163.9572 	360059.91
164.30904 	352179.14
164.66088 	344298.35
165.01272 	336417.56
165.71639 	320655.97
166.06823 	312775.17
167.12375 	289132.74
167.47559 	281251.92
167.82743 	273371.1
168.17927 	265490.27
168.53111 	257609.44
169.23479 	241847.78
169.58663 	233966.95
169.93847 	226086.12
170.64215 	210324.45
170.99399 	202443.61
171.34583 	194562.78
171.69767 	186681.95
172.04951 	178801.12
172.40134 	170920.29
172.75318 	163039.46
173.10502 	155158.64
174.16054 	131516.2
174.51238 	123635.39
174.86422 	115754.59
