0 	9667384.5
6.4128257 	9538225
34.468938 	9125665.7
37.675351 	9101498.2
40.881764 	9023355.7
50.501002 	8784303.8
53.707415 	8704609.9
62.52505 	8485446.3
65.731463 	8405747.3
68.937876 	8326046.4
69.739479 	8306121.1
96.993988 	7628839.8
103.40681 	7469495.3
106.61323 	7389821.2
116.23246 	7150795.7
123.44689 	6971520.6
125.05 	6931682.9
125.8517 	6911760.1
128.25651 	6851998.6
131.46293 	6772315.3
151.50301 	6274310
153.90782 	6214555
156.31263 	6154801.1
159.51904 	6075130.7
166.73347 	5895875
169.13828 	5836123.1
175.5511 	5676782.4
176.35271 	5656864.6
187.57515 	5378005.8
190.78156 	5298328.8
200.4008 	5059292.8
201.2024 	5039372.9
202.00401 	5019453.1
202.80561 	4999533.4
203.60721 	4979613.6
204.40882 	4959693.9
205.21042 	4939774.2
206.01202 	4919854.6
206.81363 	4899935
207.61523 	4880015.5
208.41683 	4860096
209.21844 	4840176.6
210.02004 	4820257.3
210.82164 	4800338.1
211.62325 	4780418.9
212.42485 	4760499.9
213.22645 	4740580.9
214.02806 	4720662
214.82966 	4700743.2
215.63126 	4680824.5
216.43287 	4660905.9
217.23447 	4640987.3
218.03607 	4621068.9
219.63928 	4581232.3
220.44088 	4561314.1
221.24248 	4541396
222.04409 	4521477.9
222.84569 	4501560
223.64729 	4481642.1
224.4489 	4461724.3
225.2505 	4441806.5
226.0521 	4421888.8
227.65531 	4382053.5
228.45691 	4362136
229.25852 	4342218.5
230.86172 	4302383.5
231.66333 	4282466.1
232.46493 	4262548.7
234.06814 	4222713.9
234.86974 	4202796.5
235.67134 	4182879.1
236.47295 	4162961.7
237.27455 	4143044.3
238.07615 	4123127
238.87776 	4103209.5
239.67936 	4083292.1
240.48096 	4063374.6
241.28257 	4043457.2
242.08417 	4023539.6
242.88577 	4003622.1
243.68737 	3983704.5
244.48898 	3963786.9
245.29058 	3943869.2
246.09218 	3923951.4
246.89379 	3904033.6
247.69539 	3884115.8
248.49699 	3864197.9
249.2986 	3844279.9
250.1002 	3824361.9
250.9018 	3804443.8
251.70341 	3784525.7
252.50501 	3764607.5
253.30661 	3744689.2
254.10822 	3724770.9
254.90982 	3704852.5
255.71142 	3684934
256.51303 	3665015.5
257.31463 	3645096.9
258.11623 	3625178.2
258.91784 	3605259.5
259.71944 	3585340.8
260.52104 	3565422
261.32265 	3545503.2
262.12425 	3525584.3
262.92585 	3505665.3
263.72745 	3485746.4
264.52906 	3465827.4
265.33066 	3445908.4
266.13226 	3425989.4
266.93387 	3406070.4
267.73547 	3386151.4
268.53707 	3366232.3
269.33868 	3346313.3
270.14028 	3326394.3
270.94188 	3306475.3
271.74349 	3286556.4
272.54509 	3266637.5
273.34669 	3246718.6
274.1483 	3226799.8
274.9499 	3206881
274.95 	3206878.5
275.7515 	3186962.2
276.55311 	3167043.6
277.35471 	3147125
278.95792 	3107288
279.75952 	3087369.6
280.56112 	3067451.4
281.36273 	3047533.2
282.16433 	3027615.1
282.96593 	3007697.1
283.76754 	2987779.2
284.56914 	2967861.3
285.37074 	2947943.6
286.17234 	2928026
286.97395 	2908108.5
288.57715 	2868273.9
289.37876 	2848356.7
290.18036 	2828439.6
290.98196 	2808522.6
291.78357 	2788605.8
292.58517 	2768689
293.38677 	2748772.3
294.18838 	2728855.7
294.98998 	2708939.2
295.79158 	2689022.8
296.59319 	2669106.5
297.39479 	2649190.2
298.19639 	2629274
298.998 	2609357.9
299.7996 	2589441.8
300.6012 	2569525.9
301.40281 	2549609.9
302.20441 	2529694
303.00601 	2509778.1
303.80762 	2489862.3
304.60922 	2469946.5
306.21242 	2430114.9
307.01403 	2410199.2
307.81563 	2390283.4
308.61723 	2370367.7
309.41884 	2350451.9
310.22044 	2330536.1
311.02204 	2310620.3
311.82365 	2290704.5
312.62525 	2270788.6
313.42685 	2250872.8
314.22846 	2230956.8
315.03006 	2211040.9
315.83166 	2191124.9
316.63327 	2171208.8
317.43487 	2151292.7
318.23647 	2131376.6
319.03808 	2111460.4
319.83968 	2091544.1
320.64128 	2071627.8
321.44289 	2051711.4
322.24449 	2031795
323.04609 	2011878.6
323.8477 	1991962
324.6493 	1972045.5
325.4509 	1952128.8
326.25251 	1932212.2
327.05411 	1912295.5
327.85571 	1892378.7
328.65731 	1872461.9
329.45892 	1852545.1
330.26052 	1832628.2
331.06212 	1812711.3
331.86373 	1792794.4
332.66533 	1772877.5
333.46693 	1752960.6
334.26854 	1733043.6
335.07014 	1713126.7
335.87174 	1693209.7
336.67335 	1673292.8
337.47495 	1653375.8
338.27655 	1633458.9
339.07816 	1613542
339.87976 	1593625.1
340.68136 	1573708.3
341.48297 	1553791.4
342.28457 	1533874.6
343.08617 	1513957.9
343.88778 	1494041.2
344.68938 	1474124.5
345.49098 	1454207.9
346.29259 	1434291.4
347.09419 	1414374.9
347.89579 	1394458.5
348.69739 	1374542.1
349.499 	1354625.8
350.3006 	1334709.6
351.1022 	1314793.4
351.90381 	1294877.3
352.70541 	1274961.3
353.50701 	1255045.3
354.30862 	1235129.4
355.11022 	1215213.6
355.91182 	1195297.9
356.71343 	1175382.2
357.51503 	1155466.7
358.31663 	1135551.1
359.11824 	1115635.7
359.91984 	1095720.3
360.72144 	1075805
361.52305 	1055889.8
362.32465 	1035974.6
363.12625 	1016059.5
363.92786 	996144.4
364.72946 	976229.41
365.53106 	956314.47
366.33267 	936399.59
367.13427 	916484.76
367.93587 	896569.98
368.73747 	876655.25
369.53908 	856740.56
370.34068 	836825.91
371.14228 	816911.31
371.94389 	796996.74
372.74549 	777082.21
373.54709 	757167.71
374.3487 	737253.24
375.1503 	717338.8
375.9519 	697424.39
376.75351 	677510
377.55511 	657595.63
379.15832 	617766.96
379.95992 	597852.64
381.56313 	558024.07
382.36473 	538109.8
383.16633 	518195.55
383.96794 	498281.31
384.76954 	478367.08
385.57114 	458452.87
386.37275 	438538.67
387.17435 	418624.48
387.97595 	398710.3
388.77756 	378796.13
389.57916 	358881.98
390.38076 	338967.85
391.18236 	319053.73
391.98397 	299139.63
392.78557 	279225.55
393.58717 	259311.49
394.38878 	239397.45
395.19038 	219483.44
395.99198 	199569.45
396.79359 	179655.5
397.59519 	159741.57
399.1984 	119913.82
400 	100485.03
