0 	6635823.5
6.4128257 	6557337.9
34.468938 	5991402.8
37.675351 	5911258
40.881764 	5838115.5
50.501002 	5589811.6
53.707415 	5518955.9
62.52505 	5331000.4
65.731463 	5291889.4
68.937876 	5287795.2
69.739479 	5285061.7
96.993988 	4745994.4
103.40681 	4744267.8
106.61323 	4699949.7
116.23246 	4490614.5
123.44689 	4313033.4
125.05 	4257563.1
125.8517 	4226541.3
128.25651 	4154329.5
131.46293 	4078965.7
151.50301 	3869365.3
153.90782 	3870079.6
156.31263 	3872027.9
159.51904 	3874688.3
166.73347 	3821421.2
169.13828 	3750180.5
175.5511 	3595291.1
176.35271 	3577024.8
187.57515 	3276864.8
190.78156 	3227607.5
200.4008 	3073429.1
201.2024 	3044547.7
202.00401 	3015799.9
202.80561 	2987505.9
203.60721 	2959259.1
204.40882 	2931119.5
205.21042 	2903673.7
206.01202 	2876466.9
206.81363 	2849239.2
207.61523 	2823137.8
208.41683 	2798060.4
209.21844 	2772657.5
210.02004 	2747485.9
210.82164 	2723299.3
211.62325 	2699008.1
212.42485 	2674646.1
213.22645 	2650975
214.02806 	2626250
214.82966 	2599123.8
215.63126 	2571793
216.43287 	2545281.8
217.23447 	2517282.6
218.03607 	2488313.1
219.63928 	2450762.8
220.44088 	2444348.4
221.24248 	2441507.8
222.04409 	2440348.8
222.84569 	2439795.5
223.64729 	2439378.7
224.4489 	2439062
225.2505 	2438967.2
226.0521 	2439377.1
227.65531 	2440095.2
228.45691 	2438937
229.25852 	2437780.7
230.86172 	2436360.9
231.66333 	2435839.4
232.46493 	2435318.7
234.06814 	2434387.8
234.86974 	2434035.9
235.67134 	2433789.5
236.47295 	2433601.2
237.27455 	2433466.6
238.07615 	2433381.4
238.87776 	2433326.2
239.67936 	2433298.5
240.48096 	2433287.7
241.28257 	2433248.8
242.08417 	2433174.6
242.88577 	2433078.4
243.68737 	2433016.8
244.48898 	2433000.3
245.29058 	2433003.6
246.09218 	2432994.9
246.89379 	2433026.6
247.69539 	2433164
248.49699 	2433360.6
249.2986 	2433513.3
250.1002 	2433603.9
250.9018 	2433661.9
251.70341 	2433754.2
252.50501 	2434003.4
253.30661 	2434603.6
254.10822 	2435661.6
254.90982 	2436629.2
255.71142 	2437208.3
256.51303 	2437591.6
257.31463 	2437901.2
258.11623 	2438176.4
258.91784 	2438393.5
259.71944 	2438542.3
260.52104 	2438620.3
261.32265 	2438686.4
262.12425 	2438826.4
262.92585 	2439116.9
263.72745 	2439570.7
264.52906 	2440091.2
265.33066 	2440559.2
266.13226 	2440903.2
266.93387 	2441108.1
267.73547 	2441199.2
268.53707 	2441234.7
269.33868 	2441272.9
270.14028 	2441320.8
270.94188 	2441283.7
271.74349 	2441069.9
272.54509 	2440699.4
273.34669 	2440293.2
274.1483 	2439998.1
274.9499 	2439878
274.95 	2439878
275.7515 	2439867.4
276.55311 	2439802.4
277.35471 	2439542.1
278.95792 	2438625.6
279.75952 	2438344.5
280.56112 	2438256.2
281.36273 	2438306.5
282.16433 	2438420.4
282.96593 	2438524.5
283.76754 	2438597.2
284.56914 	2438634
285.37074 	2438636.7
286.17234 	2438632.5
286.97395 	2438665.1
288.57715 	2438884.8
289.37876 	2439075.6
290.18036 	2439223
290.98196 	2439269.7
291.78357 	2439259.9
292.58517 	2439231.3
293.38677 	2439221.8
294.18838 	2439288.4
294.98998 	2439369
295.79158 	2439500.5
296.59319 	2439716.9
297.39479 	2439908.4
298.19639 	2440081.4
298.998 	2440187.3
299.7996 	2440318.3
300.6012 	2440472.6
301.40281 	2440591.4
302.20441 	2440726.5
303.00601 	2440893.3
303.80762 	2441089.9
304.60922 	2441354.8
306.21242 	2441935.9
307.01403 	2442136.7
307.81563 	2442354.8
308.61723 	2442643.4
309.41884 	2442995.9
310.22044 	2443395.2
311.02204 	2443821
311.82365 	2444257.9
312.62525 	2444702
313.42685 	2445118
314.22846 	2445475.9
315.03006 	2445773.8
315.83166 	2446023.6
316.63327 	2446225.3
317.43487 	2446311.2
318.23647 	2446354.9
319.03808 	2446356.6
319.83968 	2446335.9
320.64128 	2446327.3
321.44289 	2446370.3
322.24449 	2446384
323.04609 	2446292.8
323.8477 	2446150.9
324.6493 	2445925.3
325.4509 	2445588.7
326.25251 	2445170.9
327.05411 	2444644.2
327.85571 	2443939
328.65731 	2443247.4
329.45892 	2442771.8
330.26052 	2442546.3
331.06212 	2442616.4
331.86373 	2442738.9
332.66533 	2442498
333.46693 	2441993.6
334.26854 	2441422.7
335.07014 	2440977.9
335.87174 	2440741.6
336.67335 	2440447.5
337.47495 	2439987
338.27655 	2439476
339.07816 	2439007.3
339.87976 	2438541.2
340.68136 	2438070.4
341.48297 	2437730.6
342.28457 	2437423.3
343.08617 	2437025.6
343.88778 	2436634.5
344.68938 	2436169.1
345.49098 	2435737.9
346.29259 	2435419.3
347.09419 	2435287.3
347.89579 	2435200.3
348.69739 	2435014.1
349.499 	2434783.4
350.3006 	2434587.1
351.1022 	2434517.2
351.90381 	2434589.6
352.70541 	2434645.1
353.50701 	2434559.4
354.30862 	2434321
355.11022 	2433923.3
355.91182 	2433421.1
356.71343 	2432837.7
357.51503 	2432263.4
358.31663 	2431660.5
359.11824 	2430931
359.91984 	2430428.8
360.72144 	2430188.6
361.52305 	2430072.5
362.32465 	2430078.8
363.12625 	2430175.6
363.92786 	2430230
364.72946 	2430306.6
365.53106 	2430304.8
366.33267 	2430199.1
367.13427 	2430137
367.93587 	2430058.7
368.73747 	2429979.6
369.53908 	2429874.3
370.34068 	2429752.3
371.14228 	2429686.2
371.94389 	2429627.2
372.74549 	2429618.9
373.54709 	2429626.1
374.3487 	2429564.1
375.1503 	2429501.7
375.9519 	2429390.4
376.75351 	2429083.9
377.55511 	2428508.8
379.15832 	2426247.3
379.95992 	2423526.5
381.56313 	2406513.3
382.36473 	2386464.6
383.16633 	2349345.7
383.96794 	2285897.5
384.76954 	2194261.8
385.57114 	2087247.3
386.37275 	1976646
387.17435 	1866007.6
387.97595 	1755588.9
388.77756 	1645209.5
389.57916 	1534874.9
390.38076 	1424671.3
391.18236 	1314344.8
391.98397 	1203769
392.78557 	1093006.7
393.58717 	982226.3
394.38878 	871673.9
395.19038 	761379.29
395.99198 	651246.31
396.79359 	541200.52
397.59519 	431147.75
399.1984 	210571.92
400 	102694.5
