0 	3836404.5
0.35183948 	3828250.2
0.70367896 	3819862.2
1.0555184 	3811484.9
1.4073579 	3803108.2
1.7591974 	3794731.6
2.1110369 	3786355.1
2.4628764 	3777978.6
2.8147158 	3769642.1
3.1665553 	3761243
3.5183948 	3752868.9
3.8702343 	3744495.7
4.2220737 	3736122.7
4.9257527 	3719377.5
5.6294317 	3702683.3
5.9812711 	3694320.5
6.3331106 	3685960.6
8.092308 	3644167.8
8.795987 	3627454.1
9.1478265 	3619098.2
10.203345 	3594033.8
10.907024 	3577327
11.258863 	3568988.8
11.610703 	3560640.4
11.962542 	3552298.4
12.666221 	3535609
13.018061 	3527243.9
13.3699 	3518958.1
13.72174 	3510831.1
14.777258 	3485950.7
15.480937 	3469523
15.832777 	3461268.3
16.536456 	3444764.4
17.591974 	3419980.5
18.647492 	3395187.3
19.351171 	3378710.7
19.703011 	3370582.2
20.05485 	3362534.1
20.40669 	3354266.3
20.758529 	3345999.3
21.462208 	3329467
22.165887 	3312937.4
22.869566 	3296411.3
23.573245 	3279888.8
23.925085 	3271629
24.276924 	3263370
24.628764 	3255111.7
25.332442 	3238597.2
25.684282 	3230340.7
26.387961 	3213828.9
26.7398 	3205573.5
27.09164 	3197318.2
27.443479 	3189063
27.795319 	3180807.8
28.147158 	3172552.7
28.850837 	3156042.3
29.202677 	3147786.7
29.554516 	3139531.8
29.906356 	3131309.9
30.258195 	3123052.4
30.610035 	3114794.3
30.961874 	3106536.2
31.665553 	3090019.7
32.017393 	3081761.4
32.369232 	3073503.1
32.721072 	3065244.9
33.072911 	3056986.7
33.424751 	3048728.5
33.77659 	3040470.2
34.128429 	3032211.8
34.480269 	3023953.1
34.832108 	3015694.1
35.183948 	3007434.6
35.535787 	2999174.4
35.887627 	2990911.8
36.239466 	2982633.6
36.591306 	2974313.3
37.294985 	2961668.9
37.646824 	2953136.5
37.998664 	2944117
38.702343 	2928126.6
39.406022 	2918526.4
39.757861 	2913248.8
41.165219 	2892287.3
41.517059 	2887089.6
41.868898 	2881907.1
42.220737 	2876736.7
42.924416 	2866412.1
43.276256 	2861244.3
43.628095 	2856061.6
43.979935 	2850853.8
44.683614 	2840318.1
45.035453 	2834965.2
45.387293 	2829538.6
46.090972 	2818409.3
46.442811 	2812680.6
47.14649 	2800830.8
47.49833 	2794687.3
48.202009 	2781914.3
48.553848 	2775268.4
49.257527 	2761433.8
49.609367 	2754238.8
49.961206 	2746858.3
50.313045 	2739292.6
50.664885 	2731545.6
51.016724 	2723622.1
51.720403 	2707269
52.072243 	2698855.3
52.424082 	2690295.4
52.775922 	2681600.2
53.127761 	2672779.8
54.18328 	2645690.2
54.535119 	2636492.6
54.886959 	2627232.9
55.238798 	2617925.5
55.590638 	2608584.8
55.942477 	2599225.9
56.997996 	2571205.9
57.349835 	2561944.6
57.701675 	2552756.3
58.053514 	2543662.4
58.405354 	2534687
58.757193 	2525855.7
59.109032 	2517195
59.460872 	2508735.6
60.164551 	2492540.9
60.51639 	2484873.2
60.86823 	2477536.5
61.220069 	2470569.6
61.571909 	2464007
61.923748 	2457885.4
62.275588 	2452244
62.627427 	2447115
62.979267 	2442537.6
63.331106 	2438545.8
63.682946 	2435167.1
64.034785 	2432439.4
64.386625 	2430379.3
64.738464 	2429012.1
65.442143 	2428427.7
65.793983 	2429240
66.497662 	2433113.7
67.55318 	2444614.5
68.256859 	2456058.6
68.608698 	2462897.6
69.312377 	2478760.6
70.016056 	2497467.3
70.367896 	2507854.2
70.719735 	2518903.6
71.071575 	2530594.6
71.423414 	2542902.1
72.830772 	2597546.4
73.182612 	2612322.4
73.534451 	2627421.7
73.886291 	2642773.5
74.941809 	2689540.6
75.293648 	2705086.3
75.645488 	2720469.8
75.997327 	2735610.6
77.052846 	2778845.8
77.404685 	2792357.7
77.756525 	2805366.4
78.460204 	2829842.3
78.812043 	2841324.4
79.163883 	2852336.6
80.219401 	2882938.2
81.27492 	2910957.5
81.626759 	2919964.9
81.978599 	2928879.2
82.330438 	2937733.6
82.682278 	2946553.4
83.034117 	2955354.3
83.385957 	2964143.1
83.737796 	2972917.6
84.089635 	2981666.7
84.441475 	2990371.3
85.496993 	3015912.9
86.552512 	3039682.5
86.904351 	3046959.4
89.015388 	3079725.7
89.367228 	3082963.8
90.070907 	3087477.8
90.422746 	3088840
90.774586 	3089707.6
91.126425 	3090179
91.478265 	3090371
91.830104 	3090411.1
92.533783 	3090539.1
93.237462 	3091435.2
93.589301 	3092330.6
93.941141 	3093531.2
94.29298 	3094979
96.052178 	3100412.2
96.404017 	3099453.6
96.755857 	3097127.8
97.459536 	3087256
97.811375 	3079205.1
98.163215 	3068839.8
98.515054 	3056038
99.922412 	2981200.5
100.27425 	2957432.5
100.62609 	2932220.7
101.32977 	2878933.3
102.03345 	2824203.4
102.38529 	2797051.7
103.79265 	2693671.4
104.14449 	2669362
104.49633 	2645626
105.2 	2599738.8
105.90368 	2555855.5
106.25552 	2534691.8
106.60736 	2514099.1
108.01472 	2438538.4
108.36656 	2421584.2
108.7184 	2405003
109.07024 	2381428.4
109.77392 	2252974.5
110.12576 	2184700.7
110.82944 	2047597
111.18128 	1978501.7
111.53311 	1909088.6
111.88495 	1839473.3
112.58863 	1697119
112.94047 	1631949.1
113.29231 	1563381.3
113.64415 	1493557.2
113.99599 	1423775
114.34783 	1354119.6
114.69967 	1284644.3
115.05151 	1216479.8
115.40335 	1160829.6
115.75519 	1125098.6
116.45887 	1099210.7
116.81071 	1091399.3
117.16255 	1087735.9
117.51439 	1084788.8
118.21806 	1084139.6
118.5699 	1084084.9
118.92174 	1083985.7
119.27358 	1083841.1
119.62542 	1083681.9
119.97726 	1083498.7
120.3291 	1083266.8
120.68094 	1082978.8
121.03278 	1082700.9
121.38462 	1082521.9
121.73646 	1082573.1
122.0883 	1082862.3
122.79198 	1083312.8
123.14382 	1083477
123.49566 	1083632.3
123.8475 	1083722.8
124.19934 	1083726.3
124.55118 	1083701.7
124.90302 	1083642.1
125.25485 	1083542.2
125.60669 	1083422.6
126.66221 	1083089.3
127.01405 	1082984.8
127.36589 	1082917.7
127.71773 	1082865.9
128.06957 	1082827.8
128.42141 	1082822.6
128.77325 	1082856
129.12509 	1082914.7
129.47693 	1082984.3
130.18061 	1083093.2
130.53245 	1083121.7
130.88429 	1083114.9
131.23613 	1083068.7
132.29164 	1082657.6
132.64348 	1082466.5
132.99532 	1082297.5
133.699 	1082190.3
134.05084 	1082286.2
134.40268 	1082429.9
134.75452 	1082526.5
135.4582 	1082367.4
135.81004 	1081720.4
136.16188 	1077149.8
136.51372 	1068973.8
136.86556 	1060283.4
137.56924 	1042837.3
137.92108 	1034114.3
138.27292 	1025391.2
138.97659 	1007942.3
139.68027 	990484
140.03211 	981748.61
140.38395 	973007.49
140.73579 	964259.74
141.08763 	955504.8
141.43947 	946742.52
141.79131 	937973.44
142.14315 	929198.54
142.49499 	920419.33
142.84683 	911637.71
144.25419 	876528.89
145.3097 	850265.67
145.66154 	841530.02
146.01338 	832804.16
146.36522 	824087.78
146.71706 	815380.39
147.0689 	806681.2
147.42074 	797989.29
148.12442 	780623.23
148.8281 	763273.53
149.17994 	754602.13
149.88362 	737261.4
150.23546 	728590.35
150.5873 	719917.87
151.29098 	702566.26
151.99465 	685202.78
152.69833 	667825.04
153.05017 	659130.37
153.40201 	650431.74
153.75385 	641729.09
154.45753 	624311.74
154.80937 	615597.11
155.16121 	606878.55
155.51305 	598156.15
155.86489 	589429.93
156.21673 	580700.01
156.56857 	571966.44
157.62409 	545744.69
157.97593 	536997.44
158.32777 	528247.06
158.67961 	519493.67
159.03144 	510737.45
159.38328 	501978.55
159.73512 	493217.17
160.08696 	484453.51
160.4388 	475687.76
160.79064 	466920.15
161.14248 	458150.89
161.49432 	449380.2
161.84616 	440608.31
162.90168 	414287.52
163.25352 	405512.89
163.9572 	387963.25
164.30904 	379188.61
164.66088 	370414.35
165.01272 	361640.69
165.71639 	344095.98
166.06823 	335325.45
167.12375 	309024.59
167.47559 	300262.32
167.82743 	291503.03
168.17927 	282747.07
168.53111 	273994.88
169.23479 	256503.26
169.58663 	247764.59
169.93847 	239031.1
170.64215 	221580.7
170.99399 	212864.13
171.34583 	204153.49
171.69767 	195448.7
172.04951 	186749.71
172.40134 	178056.34
172.75318 	169368.3
173.10502 	160685.29
174.16054 	134661.6
174.51238 	125993.61
174.86422 	117327.83
