0 	9279640.4
6.4128257 	9166400.9
34.468938 	8615457.1
37.675351 	8541751.4
40.881764 	8472869.8
50.501002 	8230857.1
53.707415 	8163699
62.52505 	7965439
65.731463 	7908258.4
68.937876 	7902941.9
69.739479 	7902735.7
96.993988 	7765461.3
103.40681 	7602843.6
106.61323 	7521504.4
116.23246 	7277545
123.44689 	7094684.2
125.05 	7054065.6
125.8517 	7033754.8
128.25651 	6972838.9
131.46293 	6891637.3
151.50301 	6384723.7
153.90782 	6323950.4
156.31263 	6263181.5
159.51904 	6182161.5
166.73347 	5999879.4
169.13828 	5939116.3
175.5511 	5777056.3
176.35271 	5756795.9
187.57515 	5473097.3
190.78156 	5392023
200.4008 	5148721.5
201.2024 	5128439.3
202.00401 	5108156
202.80561 	5087871.4
203.60721 	5067585.6
204.40882 	5047298.5
205.21042 	5027010.3
206.01202 	5006720.9
206.81363 	4986430.4
207.61523 	4966138.7
208.41683 	4945845.9
209.21844 	4925552.1
210.02004 	4905257.3
210.82164 	4884961.6
211.62325 	4864665
212.42485 	4844367.5
213.22645 	4824069.2
214.02806 	4803770.3
214.82966 	4783470.7
215.63126 	4763170.5
216.43287 	4742869.8
217.23447 	4722568.6
218.03607 	4702267
219.63928 	4661662.9
220.44088 	4641360.6
221.24248 	4621058.1
222.04409 	4600755.4
222.84569 	4580452.8
223.64729 	4560150.1
224.4489 	4539847.5
225.2505 	4519545
226.0521 	4499242.5
227.65531 	4458638.2
228.45691 	4438336.3
229.25852 	4418034.6
230.86172 	4377431.8
231.66333 	4357130.8
232.46493 	4336829.9
234.06814 	4296228.9
234.86974 	4275928.7
235.67134 	4255628.6
236.47295 	4235328.8
237.27455 	4215029
238.07615 	4194729.4
238.87776 	4174429.8
239.67936 	4154130.3
240.48096 	4133830.9
241.28257 	4113531.4
242.08417 	4093232
242.88577 	4072932.5
243.68737 	4052633
244.48898 	4032333.4
245.29058 	4012033.8
246.09218 	3991734.1
246.89379 	3971434.3
247.69539 	3951134.4
248.49699 	3930834.5
249.2986 	3910534.5
250.1002 	3890234.5
250.9018 	3869934.6
251.70341 	3849634.6
252.50501 	3829334.7
253.30661 	3809035
254.10822 	3788735.4
254.90982 	3768436.1
255.71142 	3748137
256.51303 	3727838.3
257.31463 	3707539.9
258.11623 	3687242.1
258.91784 	3666944.7
259.71944 	3646647.9
260.52104 	3626351.8
261.32265 	3606056.3
262.12425 	3585761.6
262.92585 	3565467.7
263.72745 	3545174.7
264.52906 	3524882.5
265.33066 	3504591.3
266.13226 	3484301
266.93387 	3464011.7
267.73547 	3443723.3
268.53707 	3423436
269.33868 	3403149.7
270.14028 	3382864.5
270.94188 	3362580.2
271.74349 	3342297
272.54509 	3322014.7
273.34669 	3301733.4
274.1483 	3281453.1
274.9499 	3261173.7
274.95 	3261171.2
275.7515 	3240895.2
276.55311 	3220617.7
277.35471 	3200341
278.95792 	3159790
279.75952 	3139515.8
280.56112 	3119242.3
281.36273 	3098969.6
282.16433 	3078697.7
282.96593 	3058426.4
283.76754 	3038155.9
284.56914 	3017886.1
285.37074 	2997617
286.17234 	2977348.6
286.97395 	2957080.8
288.57715 	2916547.4
289.37876 	2896281.8
290.18036 	2876016.8
290.98196 	2855752.5
291.78357 	2835489
292.58517 	2815226.1
293.38677 	2794964
294.18838 	2774702.5
294.98998 	2754441.8
295.79158 	2734181.9
296.59319 	2713922.7
297.39479 	2693664.2
298.19639 	2673406.5
298.998 	2653149.5
299.7996 	2632893.3
300.6012 	2612637.8
301.40281 	2592383.1
302.20441 	2572129.1
303.00601 	2551875.8
303.80762 	2531623.3
304.60922 	2511371.5
306.21242 	2470869.9
307.01403 	2450620.1
307.81563 	2430371
308.61723 	2410122.5
309.41884 	2389874.6
310.22044 	2369627.3
311.02204 	2349380.5
311.82365 	2329134.2
312.62525 	2308888.4
313.42685 	2288643
314.22846 	2268398.1
315.03006 	2248153.5
315.83166 	2227909.3
316.63327 	2207665.4
317.43487 	2187421.7
318.23647 	2167178.3
319.03808 	2146935.1
319.83968 	2126692
320.64128 	2106449.1
321.44289 	2086206.3
322.24449 	2065963.5
323.04609 	2045720.8
323.8477 	2025478.1
324.6493 	2005235.4
325.4509 	1984992.7
326.25251 	1964749.9
327.05411 	1944507
327.85571 	1924264.1
328.65731 	1904021
329.45892 	1883777.9
330.26052 	1863534.6
331.06212 	1843291.3
331.86373 	1823047.7
332.66533 	1802804.1
333.46693 	1782560.3
334.26854 	1762316.3
335.07014 	1742072.2
335.87174 	1721827.9
336.67335 	1701583.5
337.47495 	1681338.9
338.27655 	1661094.1
339.07816 	1640849
339.87976 	1620603.8
340.68136 	1600358.3
341.48297 	1580112.6
342.28457 	1559866.7
343.08617 	1539620.4
343.88778 	1519373.8
344.68938 	1499126.8
345.49098 	1478879.5
346.29259 	1458631.8
347.09419 	1438383.5
347.89579 	1418134.8
348.69739 	1397885.6
349.499 	1377635.7
350.3006 	1357385.3
351.1022 	1337134.1
351.90381 	1316882.2
352.70541 	1296629.6
353.50701 	1276376.1
354.30862 	1256121.7
355.11022 	1235866.4
355.91182 	1215610.1
356.71343 	1195352.8
357.51503 	1175094.4
358.31663 	1154835
359.11824 	1134574.4
359.91984 	1114312.6
360.72144 	1094049.6
361.52305 	1073785.4
362.32465 	1053519.9
363.12625 	1033253.1
363.92786 	1012985.1
364.72946 	992715.76
365.53106 	972445.11
366.33267 	952173.16
367.13427 	931899.92
367.93587 	911625.39
368.73747 	891349.58
369.53908 	871072.51
370.34068 	850794.21
371.14228 	830514.7
371.94389 	810234.01
372.74549 	789952.18
373.54709 	769669.24
374.3487 	749385.23
375.1503 	729100.19
375.9519 	708814.18
376.75351 	688527.22
377.55511 	668239.37
379.15832 	627661.22
379.95992 	607371
381.56313 	566788.55
382.36473 	546496.42
383.16633 	526203.75
383.96794 	505910.58
384.76954 	485616.97
385.57114 	465322.96
386.37275 	445028.58
387.17435 	424733.9
387.97595 	404438.93
388.77756 	384143.72
389.57916 	363848.3
390.38076 	343552.71
391.18236 	323256.96
391.98397 	302961.1
392.78557 	282665.14
393.58717 	262369.1
394.38878 	242073.01
395.19038 	221776.88
395.99198 	201480.72
396.79359 	181184.56
397.59519 	160888.39
399.1984 	120296.11
400 	100494.34
