0 	3836485.1
0.35183948 	3829326.4
0.70367896 	3821563.8
1.0555184 	3813816.3
1.4073579 	3805957.3
1.7591974 	3798111.2
2.1110369 	3790264.5
2.4628764 	3782523.8
2.8147158 	3774630.7
3.1665553 	3766772.2
3.5183948 	3758926.7
3.8702343 	3751087.5
4.2220737 	3743275.3
4.9257527 	3727666.4
5.6294317 	3712054.9
5.9812711 	3704210.7
6.3331106 	3696366.6
8.092308 	3657152.1
8.795987 	3641470.3
9.1478265 	3633626.9
10.203345 	3610065.3
10.907024 	3597320.2
11.258863 	3589470.5
11.610703 	3581652.3
11.962542 	3573818.9
12.666221 	3558015
13.018061 	3552081.1
13.3699 	3545003.2
13.72174 	3537159
14.777258 	3513640.5
15.480937 	3497961.6
15.832777 	3490122.2
16.536456 	3474443.3
17.591974 	3450924.9
18.647492 	3427406.5
19.351171 	3411727.5
19.703011 	3403888
20.05485 	3396048.5
20.40669 	3388209
20.758529 	3380369.4
21.462208 	3364690.3
22.165887 	3349011.1
22.869566 	3333331.8
23.573245 	3317652.4
23.925085 	3309812.6
24.276924 	3301972.9
24.628764 	3294133.1
25.332442 	3278453.4
25.684282 	3270613.5
26.387961 	3254933.6
26.7398 	3247093.6
27.09164 	3239253.5
27.443479 	3231413.4
27.795319 	3223573.3
28.147158 	3215733.1
28.850837 	3200052.6
29.202677 	3192212.3
29.554516 	3184372
29.906356 	3176531.6
30.258195 	3168691.1
30.610035 	3160850.6
30.961874 	3153010.1
31.665553 	3137328.9
32.017393 	3129488.3
32.369232 	3121647.7
32.721072 	3113807
33.072911 	3105966.3
33.424751 	3098125.6
33.77659 	3090284.9
34.128429 	3082444.2
34.480269 	3074603.5
34.832108 	3066762.8
35.183948 	3058922.1
35.535787 	3051081.5
35.887627 	3043240.9
36.239466 	3035400.3
36.591306 	3027559.8
37.294985 	3011878.9
37.646824 	3004038.5
37.998664 	2996198.2
38.702343 	2980517.9
39.406022 	2964837.9
39.757861 	2956998.1
41.165219 	2925639.9
41.517059 	2917800.7
41.868898 	2909961.6
42.220737 	2902122.7
42.924416 	2886445.5
43.276256 	2878607.2
43.628095 	2870769.1
43.979935 	2862927.5
44.683614 	2847256.5
45.035453 	2842465.9
45.387293 	2841849
46.090972 	2841741
46.442811 	2841702.8
47.14649 	2841627.8
47.49833 	2841591.4
48.202009 	2841518.5
48.553848 	2841482.7
49.257527 	2841415.5
49.609367 	2841381.2
49.961206 	2841347.3
50.313045 	2841314.2
50.664885 	2841280.9
51.016724 	2841247.6
51.720403 	2841179.1
52.072243 	2841133.9
52.424082 	2841069.5
52.775922 	2840942.9
53.127761 	2837482.6
54.18328 	2814377.4
54.535119 	2806509.3
54.886959 	2798641
55.238798 	2790772.7
55.590638 	2782904.3
55.942477 	2775035.8
56.997996 	2751430.5
57.349835 	2743562.1
57.701675 	2735693.7
58.053514 	2727825.3
58.405354 	2719956.9
58.757193 	2712088.6
59.109032 	2704220.3
59.460872 	2696351.9
60.164551 	2680615.4
60.51639 	2672747.1
60.86823 	2664878.8
61.220069 	2657010.6
61.571909 	2649142.3
61.923748 	2641274.1
62.275588 	2633405.8
62.627427 	2625537.6
62.979267 	2617669.4
63.331106 	2609801.2
63.682946 	2601933
64.034785 	2594064.8
64.386625 	2586196.6
64.738464 	2578328.4
65.442143 	2562592.1
65.793983 	2554724
66.497662 	2538987.7
67.55318 	2515383.4
68.256859 	2499647.3
68.608698 	2491779.2
69.312377 	2476043.2
70.016056 	2460307.1
70.367896 	2452439.1
70.719735 	2444571.1
71.071575 	2436703.2
71.423414 	2428835.2
72.830772 	2397363.2
73.182612 	2389495.3
73.534451 	2381627.3
73.886291 	2373759.3
74.941809 	2350155.3
75.293648 	2342287.3
75.645488 	2334419.3
75.997327 	2326551.3
77.052846 	2302947.2
77.404685 	2295079.1
77.756525 	2287211.1
78.460204 	2271474.9
78.812043 	2263606.8
79.163883 	2255738.7
80.219401 	2232134.3
81.27492 	2208529.9
81.626759 	2200661.7
81.978599 	2192793.5
82.330438 	2184925.2
82.682278 	2177057
83.034117 	2169188.7
83.385957 	2161320.5
83.737796 	2153452.2
84.089635 	2145583.9
84.441475 	2137715.6
85.496993 	2114110.5
86.552512 	2090505.3
86.904351 	2082636.9
89.015388 	2035425.8
89.367228 	2027557.2
90.070907 	2011820
90.422746 	2003951.4
90.774586 	1996082.7
91.126425 	1988214
91.478265 	1980345.3
91.830104 	1972476.6
92.533783 	1956739.1
93.237462 	1941001.5
93.589301 	1933132.7
93.941141 	1925263.9
94.29298 	1917395
96.052178 	1878050.6
96.404017 	1870181.7
96.755857 	1862312.8
97.459536 	1846574.9
97.811375 	1838705.9
98.163215 	1830836.9
98.515054 	1822968
99.922412 	1791492
100.27425 	1783623.1
100.62609 	1775754.1
101.32977 	1760016.1
102.03345 	1744278.2
102.38529 	1736409.2
103.79265 	1704933.4
104.14449 	1697064.5
104.49633 	1689195.6
105.2 	1673457.8
105.90368 	1657720
106.25552 	1649851.2
106.60736 	1641982.4
108.01472 	1610507.3
108.36656 	1602638.6
108.7184 	1594769.8
109.07024 	1586901.2
109.77392 	1571163.9
110.12576 	1563295.3
110.82944 	1547558.1
111.18128 	1539689.6
111.53311 	1531821.1
111.88495 	1523952.6
112.58863 	1508215.7
112.94047 	1500347.4
113.29231 	1492479
113.64415 	1484610.7
113.99599 	1476742.4
114.34783 	1468874.1
114.69967 	1461005.8
115.05151 	1453137.6
115.40335 	1445269.4
115.75519 	1437401.3
116.45887 	1421665.1
116.81071 	1413797
117.16255 	1405929
117.51439 	1398061
118.21806 	1382325.1
118.5699 	1374457.2
118.92174 	1366589.3
119.27358 	1358721.5
119.62542 	1350853.7
119.97726 	1342985.9
120.3291 	1335118.2
120.68094 	1327250.5
121.03278 	1319382.8
121.38462 	1311515.1
121.73646 	1303647.5
122.0883 	1295779.9
122.79198 	1280044.8
123.14382 	1272177.2
123.49566 	1264309.8
123.8475 	1256442.3
124.19934 	1248574.9
124.55118 	1240707.4
124.90302 	1232840.1
125.25485 	1224972.7
125.60669 	1217105.4
126.66221 	1193503.5
127.01405 	1185636.2
127.36589 	1177769
127.71773 	1169901.8
128.06957 	1162034.6
128.42141 	1154167.5
128.77325 	1146300.3
129.12509 	1138433.2
129.47693 	1130566.1
130.18061 	1114831.9
130.53245 	1106964.8
130.88429 	1099097.8
131.23613 	1091230.7
132.29164 	1067629.7
132.64348 	1059762.7
132.99532 	1051895.8
133.699 	1036161.8
134.05084 	1028294.9
134.40268 	1020428
134.75452 	1012561
135.4582 	996827.2
135.81004 	988960.29
136.16188 	981093.39
136.51372 	973226.49
136.86556 	965359.59
137.56924 	949625.81
137.92108 	941758.92
138.27292 	933892.03
138.97659 	918158.26
139.68027 	902424.5
140.03211 	894557.61
140.38395 	886690.72
140.73579 	878823.84
141.08763 	870956.95
141.43947 	863090.05
141.79131 	855223.16
142.14315 	847356.26
142.49499 	839489.36
142.84683 	831622.46
144.25419 	800154.8
145.3097 	776554.01
145.66154 	768687.07
146.01338 	760820.12
146.36522 	752953.17
146.71706 	745086.22
147.0689 	737219.25
147.42074 	729352.29
148.12442 	713618.34
148.8281 	697884.36
149.17994 	690017.37
149.88362 	674283.36
150.23546 	666416.35
150.5873 	658549.33
151.29098 	642815.29
151.99465 	627081.22
152.69833 	611347.13
153.05017 	603480.08
153.40201 	595613.03
153.75385 	587745.97
154.45753 	572011.84
154.80937 	564144.77
155.16121 	556277.7
155.51305 	548410.63
155.86489 	540543.55
156.21673 	532676.47
156.56857 	524809.39
157.62409 	501208.13
157.97593 	493341.04
158.32777 	485473.95
158.67961 	477606.85
159.03144 	469739.76
159.38328 	461872.67
159.73512 	454005.58
160.08696 	446138.48
160.4388 	438271.39
160.79064 	430404.3
161.14248 	422537.21
161.49432 	414670.11
161.84616 	406803.03
162.90168 	383201.77
163.25352 	375334.69
163.9572 	359600.53
164.30904 	351733.45
164.66088 	343866.38
165.01272 	335999.31
165.71639 	320265.19
166.06823 	312398.13
167.12375 	288796.98
167.47559 	280929.94
167.82743 	273062.91
168.17927 	265195.88
168.53111 	257328.85
169.23479 	241594.81
169.58663 	233727.8
169.93847 	225860.8
170.64215 	210126.81
170.99399 	202259.82
171.34583 	194392.84
171.69767 	186525.87
172.04951 	178658.9
172.40134 	170791.94
172.75318 	162924.98
173.10502 	155058.04
174.16054 	131457.24
174.51238 	123590.32
174.86422 	115723.39
