0 	6716942.9
6.4128257 	6678806.1
34.468938 	6058238.7
37.675351 	5976451.9
40.881764 	5903939.2
50.501002 	5678418.8
53.707415 	5605524.6
62.52505 	5417789.1
65.731463 	5407160.8
68.937876 	5397123.9
69.739479 	5385422.5
96.993988 	4893057.4
103.40681 	4864141
106.61323 	4776407.9
116.23246 	4564817.7
123.44689 	4371707.2
125.05 	4326183.7
125.8517 	4308339.5
128.25651 	4244921.8
131.46293 	4209001.5
151.50301 	4058136.4
153.90782 	4052767.2
156.31263 	4050880.9
159.51904 	4048282.1
166.73347 	3897214.1
169.13828 	3853970.6
175.5511 	3694819.8
176.35271 	3672661.9
187.57515 	3450657.4
190.78156 	3431618.7
200.4008 	3176940.6
201.2024 	3159593.1
202.00401 	3142948.7
202.80561 	3126593.6
203.60721 	3109368.7
204.40882 	3089604.1
205.21042 	3065889.9
206.01202 	3037976
206.81363 	3007000.6
207.61523 	2975539.7
208.41683 	2944554
209.21844 	2912602.1
210.02004 	2880593
210.82164 	2851155.7
211.62325 	2823579.3
212.42485 	2796416.2
213.22645 	2770893
214.02806 	2746827.4
214.82966 	2721330.6
215.63126 	2694963.5
216.43287 	2673594.2
217.23447 	2661506.3
218.03607 	2656098.1
219.63928 	2652912
220.44088 	2652550.8
221.24248 	2652522.5
222.04409 	2652691
222.84569 	2652867.9
223.64729 	2653020.7
224.4489 	2653175.2
225.2505 	2653312.7
226.0521 	2653425.7
227.65531 	2653583.7
228.45691 	2653639.4
229.25852 	2653695.7
230.86172 	2653705.6
231.66333 	2653617.8
232.46493 	2653495.2
234.06814 	2653073.4
234.86974 	2652795.4
235.67134 	2652548.4
236.47295 	2652371.4
237.27455 	2652214.4
238.07615 	2652057.8
238.87776 	2651887
239.67936 	2651729.4
240.48096 	2651664
241.28257 	2651699.7
242.08417 	2651821.7
242.88577 	2652005.8
243.68737 	2652222.3
244.48898 	2652424.1
245.29058 	2652616.6
246.09218 	2652800.9
246.89379 	2652975.5
247.69539 	2653170
248.49699 	2653382
249.2986 	2653589.2
250.1002 	2653774.5
250.9018 	2653942.2
251.70341 	2654093.2
252.50501 	2654245.6
253.30661 	2654417.7
254.10822 	2654597.1
254.90982 	2654800.5
255.71142 	2655057.5
256.51303 	2655353.5
257.31463 	2655667.7
258.11623 	2655990.7
258.91784 	2656293
259.71944 	2656571.3
260.52104 	2656851.6
261.32265 	2657180.4
262.12425 	2657614.4
262.92585 	2658039.2
263.72745 	2658352.1
264.52906 	2658562.6
265.33066 	2658738.2
266.13226 	2658907.1
266.93387 	2659106.9
267.73547 	2659378.2
268.53707 	2659767.9
269.33868 	2660239.3
270.14028 	2660590.5
270.94188 	2660748.1
271.74349 	2660771.6
272.54509 	2660717.8
273.34669 	2660623
274.1483 	2660479.4
274.9499 	2660261.5
274.95 	2660261.4
275.7515 	2659953.6
276.55311 	2659587.6
277.35471 	2659234.8
278.95792 	2658705.9
279.75952 	2658534.1
280.56112 	2658389.3
281.36273 	2658277.1
282.16433 	2658237.7
282.96593 	2658266.6
283.76754 	2658348.6
284.56914 	2658424.5
285.37074 	2658434.2
286.17234 	2658333.5
286.97395 	2658130.8
288.57715 	2657645.9
289.37876 	2657472.6
290.18036 	2657404.5
290.98196 	2657382.7
291.78357 	2657323.4
292.58517 	2657226
293.38677 	2657074.3
294.18838 	2656884.3
294.98998 	2656729.5
295.79158 	2656568.8
296.59319 	2656429.5
297.39479 	2656356.8
298.19639 	2656290.3
298.998 	2656220.2
299.7996 	2656212.5
300.6012 	2656360.4
301.40281 	2656677.2
302.20441 	2657027.9
303.00601 	2657282.1
303.80762 	2657342.1
304.60922 	2657221.5
306.21242 	2656904
307.01403 	2656798.3
307.81563 	2656695.7
308.61723 	2656631.1
309.41884 	2656638.2
310.22044 	2656668.3
311.02204 	2656685.1
311.82365 	2656664.3
312.62525 	2656588.9
313.42685 	2656468.1
314.22846 	2656301.3
315.03006 	2656101.5
315.83166 	2655914.1
316.63327 	2655774.8
317.43487 	2655691.8
318.23647 	2655663.6
319.03808 	2655660.7
319.83968 	2655687.9
320.64128 	2655752.4
321.44289 	2655878.7
322.24449 	2656068.8
323.04609 	2656330.1
323.8477 	2656605.1
324.6493 	2656795.2
325.4509 	2656884.8
326.25251 	2656913.7
327.05411 	2656863.2
327.85571 	2656642.9
328.65731 	2656225.9
329.45892 	2655596.2
330.26052 	2655043.9
331.06212 	2654656.4
331.86373 	2654621.9
332.66533 	2654873.5
333.46693 	2654949.2
334.26854 	2654697.9
335.07014 	2654183.2
335.87174 	2653626.2
336.67335 	2653268.5
337.47495 	2652948.9
338.27655 	2652447.4
339.07816 	2651847.9
339.87976 	2651293.8
340.68136 	2650755.3
341.48297 	2650160.5
342.28457 	2649660.7
343.08617 	2649250.2
343.88778 	2648753.2
344.68938 	2648235.1
345.49098 	2647664.2
346.29259 	2646960.2
347.09419 	2646276.6
347.89579 	2645796.8
348.69739 	2645469.5
349.499 	2645139.3
350.3006 	2644782.7
351.1022 	2644429.1
351.90381 	2644184
352.70541 	2644053.8
353.50701 	2643854.2
354.30862 	2643467.7
355.11022 	2642923.6
355.91182 	2642238.2
356.71343 	2641517.1
357.51503 	2640778.8
358.31663 	2640166.8
359.11824 	2639662.2
359.91984 	2639057.6
360.72144 	2638486.9
361.52305 	2637989.6
362.32465 	2637748.6
363.12625 	2637486.3
363.92786 	2636765.9
364.72946 	2635509.8
365.53106 	2633704.9
366.33267 	2629604.4
367.13427 	2621485.6
367.93587 	2606214.4
368.73747 	2579387.2
369.53908 	2536284
370.34068 	2478413.9
371.14228 	2414935.5
371.94389 	2350770.4
372.74549 	2286527.8
373.54709 	2222130.9
374.3487 	2157673.4
375.1503 	2093204.3
375.9519 	2028713
376.75351 	1964313.5
377.55511 	1900050.6
379.15832 	1771656
379.95992 	1707455.3
381.56313 	1579111.9
382.36473 	1514989.3
383.16633 	1450883.5
383.96794 	1386754.8
384.76954 	1322561.1
385.57114 	1258284.9
386.37275 	1193937.4
387.17435 	1129548.4
387.97595 	1065155.2
388.77756 	1000783.9
389.57916 	936435
390.38076 	872094.48
391.18236 	807755.11
391.98397 	743423.52
392.78557 	679110.85
393.58717 	614820.88
394.38878 	550544.5
395.19038 	486262.27
395.99198 	421953.51
396.79359 	357607.05
397.59519 	293225.97
399.1984 	164412.34
400 	101568.99
