0 	9513378.8
6.4128257 	9408778.5
34.468938 	8840692
37.675351 	8766354
40.881764 	8710384.6
50.501002 	8704334.1
53.707415 	8701983.2
62.52505 	8523524
65.731463 	8443447.1
68.937876 	8363373.1
69.739479 	8343355.1
96.993988 	7662617.7
103.40681 	7502453
106.61323 	7422391.3
116.23246 	7182283
123.44689 	7002238.3
125.05 	6962229
125.8517 	6942219.9
128.25651 	6882196.9
131.46293 	6802157.6
151.50301 	6301759.2
153.90782 	6241707.7
156.31263 	6181657.8
159.51904 	6101594.1
166.73347 	5921461.5
169.13828 	5861419.7
175.5511 	5701309.9
176.35271 	5681296.2
187.57515 	5401107.9
190.78156 	5321058.9
200.4008 	5080938.7
201.2024 	5060930.5
202.00401 	5040922.6
202.80561 	5020915
203.60721 	5000907.5
204.40882 	4980900.3
205.21042 	4960893.2
206.01202 	4940886.2
206.81363 	4920879.4
207.61523 	4900872.7
208.41683 	4880866
209.21844 	4860859.4
210.02004 	4840852.8
210.82164 	4820846.3
211.62325 	4800839.7
212.42485 	4780833.1
213.22645 	4760826.4
214.02806 	4740819.7
214.82966 	4720812.9
215.63126 	4700806
216.43287 	4680799
217.23447 	4660791.8
218.03607 	4640784.5
219.63928 	4600769.6
220.44088 	4580761.8
221.24248 	4560754
222.04409 	4540746
222.84569 	4520737.8
223.64729 	4500729.5
224.4489 	4480721
225.2505 	4460712.4
226.0521 	4440703.6
227.65531 	4400685.8
228.45691 	4380676.7
229.25852 	4360667.5
230.86172 	4320648.9
231.66333 	4300639.4
232.46493 	4280630
234.06814 	4240610.9
234.86974 	4220601.4
235.67134 	4200591.9
236.47295 	4180582.3
237.27455 	4160572.9
238.07615 	4140563.4
238.87776 	4120554.1
239.67936 	4100544.8
240.48096 	4080535.6
241.28257 	4060526.5
242.08417 	4040517.5
242.88577 	4020508.6
243.68737 	4000499.9
244.48898 	3980491.4
245.29058 	3960483
246.09218 	3940474.8
246.89379 	3920466.7
247.69539 	3900458.9
248.49699 	3880451.2
249.2986 	3860443.8
250.1002 	3840436.5
250.9018 	3820429.5
251.70341 	3800422.7
252.50501 	3780416.1
253.30661 	3760409.7
254.10822 	3740403.5
254.90982 	3720397.6
255.71142 	3700391.9
256.51303 	3680386.3
257.31463 	3660381
258.11623 	3640375.9
258.91784 	3620370.9
259.71944 	3600366.2
260.52104 	3580361.6
261.32265 	3560357.2
262.12425 	3540352.9
262.92585 	3520348.8
263.72745 	3500344.8
264.52906 	3480340.9
265.33066 	3460337.2
266.13226 	3440333.5
266.93387 	3420329.9
267.73547 	3400326.4
268.53707 	3380322.9
269.33868 	3360319.5
270.14028 	3340316.1
270.94188 	3320312.8
271.74349 	3300309.4
272.54509 	3280306
273.34669 	3260302.6
274.1483 	3240299.2
274.9499 	3220295.7
274.95 	3220293.2
275.7515 	3200292.2
276.55311 	3180288.7
277.35471 	3160285.1
278.95792 	3120277.6
279.75952 	3100273.8
280.56112 	3080269.8
281.36273 	3060265.8
282.16433 	3040261.7
282.96593 	3020257.5
283.76754 	3000253.3
284.56914 	2980248.9
285.37074 	2960244.4
286.17234 	2940239.9
286.97395 	2920235.3
288.57715 	2880225.8
289.37876 	2860220.9
290.18036 	2840216
290.98196 	2820211
291.78357 	2800205.9
292.58517 	2780200.8
293.38677 	2760195.6
294.18838 	2740190.4
294.98998 	2720185.2
295.79158 	2700179.9
296.59319 	2680174.6
297.39479 	2660169.2
298.19639 	2640163.9
298.998 	2620158.5
299.7996 	2600153.2
300.6012 	2580147.8
301.40281 	2560142.4
302.20441 	2540137.1
303.00601 	2520131.7
303.80762 	2500126.4
304.60922 	2480121.1
306.21242 	2440110.6
307.01403 	2420105.4
307.81563 	2400100.2
308.61723 	2380095.1
309.41884 	2360090.1
310.22044 	2340085.1
311.02204 	2320080.1
311.82365 	2300075.2
312.62525 	2280070.4
313.42685 	2260065.7
314.22846 	2240061
315.03006 	2220056.4
315.83166 	2200051.9
316.63327 	2180047.4
317.43487 	2160043.1
318.23647 	2140038.8
319.03808 	2120034.6
319.83968 	2100030.5
320.64128 	2080026.6
321.44289 	2060022.7
322.24449 	2040018.9
323.04609 	2020015.3
323.8477 	2000011.7
324.6493 	1980008.3
325.4509 	1960005
326.25251 	1940001.9
327.05411 	1919998.8
327.85571 	1899995.9
328.65731 	1879993.1
329.45892 	1859990.5
330.26052 	1839988
331.06212 	1819985.6
331.86373 	1799983.4
332.66533 	1779981.3
333.46693 	1759979.4
334.26854 	1739977.6
335.07014 	1719976
335.87174 	1699974.5
336.67335 	1679973.2
337.47495 	1659972
338.27655 	1639971
339.07816 	1619970.1
339.87976 	1599969.4
340.68136 	1579968.8
341.48297 	1559968.4
342.28457 	1539968.1
343.08617 	1519967.9
343.88778 	1499967.9
344.68938 	1479968
345.49098 	1459968.2
346.29259 	1439968.6
347.09419 	1419969
347.89579 	1399969.6
348.69739 	1379970.3
349.499 	1359971.1
350.3006 	1339971.9
351.1022 	1319972.9
351.90381 	1299973.9
352.70541 	1279975
353.50701 	1259976.1
354.30862 	1239977.4
355.11022 	1219978.6
355.91182 	1199979.9
356.71343 	1179981.2
357.51503 	1159982.6
358.31663 	1139983.9
359.11824 	1119985.3
359.91984 	1099986.7
360.72144 	1079988
361.52305 	1059989.4
362.32465 	1039990.7
363.12625 	1019992
363.92786 	999993.27
364.72946 	979994.51
365.53106 	959995.7
366.33267 	939996.85
367.13427 	919997.95
367.93587 	899998.99
368.73747 	879999.97
369.53908 	860000.9
370.34068 	840001.76
371.14228 	820002.55
371.94389 	800003.29
372.74549 	780003.95
373.54709 	760004.55
374.3487 	740005.07
375.1503 	720005.53
375.9519 	700005.93
376.75351 	680006.25
377.55511 	660006.52
379.15832 	620006.86
379.95992 	600006.94
381.56313 	560006.93
382.36473 	540006.86
383.16633 	520006.73
383.96794 	500006.56
384.76954 	480006.35
385.57114 	460006.11
386.37275 	440005.83
387.17435 	420005.52
387.97595 	400005.19
388.77756 	380004.84
389.57916 	360004.47
390.38076 	340004.09
391.18236 	320003.7
391.98397 	300003.3
392.78557 	280002.91
393.58717 	260002.52
394.38878 	240002.13
395.19038 	220001.76
395.99198 	200001.4
396.79359 	180001.07
397.59519 	160000.75
399.1984 	120000.22
400 	100487.13
