0 	9398361.6
6.4128257 	9288225.2
34.468938 	8673905.4
37.675351 	8607354.3
40.881764 	8541496.6
50.501002 	8380713.1
53.707415 	8379468.4
62.52505 	8375818.2
65.731463 	8375646.5
68.937876 	8374575.9
69.739479 	8373747.4
96.993988 	7752762.6
103.40681 	7590491.6
106.61323 	7509373.4
116.23246 	7266238.4
123.44689 	7084027.6
125.05 	7043544.2
125.8517 	7023299.5
128.25651 	6962575.6
131.46293 	6881613.4
151.50301 	6375417.8
153.90782 	6314658.4
156.31263 	6253902.1
159.51904 	6172900.9
166.73347 	5990674.6
169.13828 	5929937.7
175.5511 	5767980.8
176.35271 	5747737.1
187.57515 	5464336.4
190.78156 	5383358.3
200.4008 	5140351.6
201.2024 	5120095.7
202.00401 	5099839.1
202.80561 	5079581.9
203.60721 	5059324.1
204.40882 	5039065.7
205.21042 	5018806.9
206.01202 	4998547.8
206.81363 	4978288.2
207.61523 	4958028.4
208.41683 	4937768.4
209.21844 	4917508.3
210.02004 	4897248
210.82164 	4876987.7
211.62325 	4856727.3
212.42485 	4836467
213.22645 	4816206.8
214.02806 	4795946.7
214.82966 	4775686.7
215.63126 	4755426.9
216.43287 	4735167.4
217.23447 	4714908.1
218.03607 	4694649
219.63928 	4654131.9
220.44088 	4633873.7
221.24248 	4613616
222.04409 	4593358.5
222.84569 	4573101.4
223.64729 	4552844.7
224.4489 	4532588.2
225.2505 	4512332.1
226.0521 	4492076.3
227.65531 	4451565.6
228.45691 	4431310.6
229.25852 	4411055.9
230.86172 	4370546.9
231.66333 	4350292.6
232.46493 	4330038.4
234.06814 	4289530.3
234.86974 	4269276.2
235.67134 	4249022.1
236.47295 	4228768
237.27455 	4208513.8
238.07615 	4188259.5
238.87776 	4168005.1
239.67936 	4147750.6
240.48096 	4127495.9
241.28257 	4107241.1
242.08417 	4086986.1
242.88577 	4066730.9
243.68737 	4046475.5
244.48898 	4026220
245.29058 	4005964.3
246.09218 	3985708.4
246.89379 	3965452.4
247.69539 	3945196.2
248.49699 	3924939.9
249.2986 	3904683.4
250.1002 	3884426.9
250.9018 	3864170.2
251.70341 	3843913.5
252.50501 	3823656.8
253.30661 	3803400
254.10822 	3783143.3
254.90982 	3762886.6
255.71142 	3742629.9
256.51303 	3722373.4
257.31463 	3702117
258.11623 	3681860.8
258.91784 	3661604.8
259.71944 	3641349
260.52104 	3621093.5
261.32265 	3600838.2
262.12425 	3580583.3
262.92585 	3560328.8
263.72745 	3540074.7
264.52906 	3519821
265.33066 	3499567.8
266.13226 	3479315
266.93387 	3459062.9
267.73547 	3438811.2
268.53707 	3418560.1
269.33868 	3398309.7
270.14028 	3378059.9
270.94188 	3357810.7
271.74349 	3337562.2
272.54509 	3317314.5
273.34669 	3297067.4
274.1483 	3276821
274.9499 	3256575.4
274.95 	3256572.9
275.7515 	3236330.6
276.55311 	3216086.4
277.35471 	3195843.1
278.95792 	3155358.7
279.75952 	3135117.6
280.56112 	3114877.3
281.36273 	3094637.7
282.16433 	3074398.9
282.96593 	3054160.8
283.76754 	3033923.4
284.56914 	3013686.7
285.37074 	2993450.7
286.17234 	2973215.4
286.97395 	2952980.8
288.57715 	2912513.5
289.37876 	2892280.7
290.18036 	2872048.6
290.98196 	2851817
291.78357 	2831586
292.58517 	2811355.5
293.38677 	2791125.6
294.18838 	2770896.2
294.98998 	2750667.3
295.79158 	2730438.9
296.59319 	2710210.9
297.39479 	2689983.5
298.19639 	2669756.5
298.998 	2649529.9
299.7996 	2629303.8
300.6012 	2609078.1
301.40281 	2588852.9
302.20441 	2568628.1
303.00601 	2548403.7
303.80762 	2528179.7
304.60922 	2507956.2
306.21242 	2467510.3
307.01403 	2447288
307.81563 	2427066.1
308.61723 	2406844.5
309.41884 	2386623.4
310.22044 	2366402.7
311.02204 	2346182.3
311.82365 	2325962.4
312.62525 	2305742.8
313.42685 	2285523.6
314.22846 	2265304.7
315.03006 	2245086.2
315.83166 	2224867.9
316.63327 	2204650
317.43487 	2184432.4
318.23647 	2164215
319.03808 	2143997.9
319.83968 	2123781
320.64128 	2103564.3
321.44289 	2083347.7
322.24449 	2063131.3
323.04609 	2042915
323.8477 	2022698.7
324.6493 	2002482.4
325.4509 	1982266.1
326.25251 	1962049.8
327.05411 	1941833.4
327.85571 	1921616.8
328.65731 	1901400
329.45892 	1881183
330.26052 	1860965.7
331.06212 	1840748.2
331.86373 	1820530.3
332.66533 	1800312
333.46693 	1780093.2
334.26854 	1759874
335.07014 	1739654.4
335.87174 	1719434.2
336.67335 	1699213.4
337.47495 	1678992
338.27655 	1658770.1
339.07816 	1638547.5
339.87976 	1618324.2
340.68136 	1598100.3
341.48297 	1577875.7
342.28457 	1557650.3
343.08617 	1537424.3
343.88778 	1517197.5
344.68938 	1496970
345.49098 	1476741.8
346.29259 	1456512.8
347.09419 	1436283.1
347.89579 	1416052.6
348.69739 	1395821.5
349.499 	1375589.6
350.3006 	1355357
351.1022 	1335123.6
351.90381 	1314889.6
352.70541 	1294655
353.50701 	1274419.6
354.30862 	1254183.6
355.11022 	1233946.9
355.91182 	1213709.7
356.71343 	1193471.8
357.51503 	1173233.3
358.31663 	1152994.2
359.11824 	1132754.5
359.91984 	1112514.3
360.72144 	1092273.6
361.52305 	1072032.3
362.32465 	1051790.5
363.12625 	1031548.2
363.92786 	1011305.4
364.72946 	991062.09
365.53106 	970818.32
366.33267 	950574.09
367.13427 	930329.39
367.93587 	910084.24
368.73747 	889838.65
369.53908 	869592.62
370.34068 	849346.16
371.14228 	829099.27
371.94389 	808851.96
372.74549 	788604.23
373.54709 	768356.1
374.3487 	748107.56
375.1503 	727858.62
375.9519 	707609.29
376.75351 	687359.57
377.55511 	667109.48
379.15832 	626608.19
379.95992 	606357
381.56313 	565853.61
382.36473 	545601.43
383.16633 	525348.93
383.96794 	505096.13
384.76954 	484843.04
385.57114 	464589.68
386.37275 	444336.06
387.17435 	424082.19
387.97595 	403828.09
388.77756 	383573.78
389.57916 	363319.27
390.38076 	343064.57
391.18236 	322809.7
391.98397 	302554.68
392.78557 	282299.53
393.58717 	262044.27
394.38878 	241788.9
395.19038 	221533.45
395.99198 	201277.94
396.79359 	181022.38
397.59519 	160766.78
399.1984 	120255.58
400 	100493.35
