0 	9222436.2
6.4128257 	9087892
34.468938 	8602282.6
37.675351 	8528880.4
40.881764 	8462629.2
50.501002 	8256482.6
53.707415 	8179160.9
62.52505 	7956483.7
65.731463 	7885336.5
68.937876 	7802036.8
69.739479 	7781447.9
96.993988 	7733344.6
103.40681 	7619389.5
106.61323 	7538022.8
116.23246 	7293867.4
123.44689 	7110737.5
125.05 	7070062.7
125.8517 	7049726.4
128.25651 	6988747.8
131.46293 	6907498.3
151.50301 	6400385.5
153.90782 	6339468.7
156.31263 	6278514.9
159.51904 	6197187.7
166.73347 	6014037.1
169.13828 	5952965.3
175.5511 	5790136.9
176.35271 	5769790
187.57515 	5485161.7
190.78156 	5403915.4
200.4008 	5160309.9
201.2024 	5140014.6
202.00401 	5119719.7
202.80561 	5099424.8
203.60721 	5079130.1
204.40882 	5058835.2
205.21042 	5038540.1
206.01202 	5018244.8
206.81363 	4997949
207.61523 	4977652.7
208.41683 	4957355.9
209.21844 	4937058.3
210.02004 	4916760
210.82164 	4896460.9
211.62325 	4876160.8
212.42485 	4855859.8
213.22645 	4835557.8
214.02806 	4815254.7
214.82966 	4794950.5
215.63126 	4774645.2
216.43287 	4754338.8
217.23447 	4734031.2
218.03607 	4713722.4
219.63928 	4673101.3
220.44088 	4652788.9
221.24248 	4632475.4
222.04409 	4612160.7
222.84569 	4591844.9
223.64729 	4571527.9
224.4489 	4551209.8
225.2505 	4530890.6
226.0521 	4510570.3
227.65531 	4469926.5
228.45691 	4449603
229.25852 	4429278.5
230.86172 	4388626.5
231.66333 	4368299.1
232.46493 	4347970.9
234.06814 	4307311.7
234.86974 	4286981
235.67134 	4266649.5
236.47295 	4246317.4
237.27455 	4225984.7
238.07615 	4205651.4
238.87776 	4185317.6
239.67936 	4164983.4
240.48096 	4144648.9
241.28257 	4124314
242.08417 	4103978.9
242.88577 	4083643.6
243.68737 	4063308.1
244.48898 	4042972.6
245.29058 	4022637
246.09218 	4002301.4
246.89379 	3981965.9
247.69539 	3961630.3
248.49699 	3941294.9
249.2986 	3920959.6
250.1002 	3900624.3
250.9018 	3880289.2
251.70341 	3859954.2
252.50501 	3839619.2
253.30661 	3819284.4
254.10822 	3798949.6
254.90982 	3778614.9
255.71142 	3758280.2
256.51303 	3737945.5
257.31463 	3717610.8
258.11623 	3697276
258.91784 	3676941.1
259.71944 	3656606.1
260.52104 	3636270.9
261.32265 	3615935.6
262.12425 	3595600
262.92585 	3575264.1
263.72745 	3554928
264.52906 	3534591.6
265.33066 	3514254.8
266.13226 	3493917.6
266.93387 	3473580.1
267.73547 	3453242.1
268.53707 	3432903.8
269.33868 	3412565.1
270.14028 	3392225.9
270.94188 	3371886.4
271.74349 	3351546.5
272.54509 	3331206.3
273.34669 	3310865.7
274.1483 	3290524.8
274.9499 	3270183.7
274.95 	3270181.2
275.7515 	3249842.4
276.55311 	3229500.9
277.35471 	3209159.3
278.95792 	3168476.1
279.75952 	3148134.6
280.56112 	3127793.2
281.36273 	3107452.1
282.16433 	3087111.2
282.96593 	3066770.7
283.76754 	3046430.7
284.56914 	3026091.2
285.37074 	3005752.4
286.17234 	2985414.2
286.97395 	2965076.7
288.57715 	2924404.5
289.37876 	2904069.8
290.18036 	2883736.2
290.98196 	2863403.7
291.78357 	2843072.5
292.58517 	2822742.5
293.38677 	2802413.9
294.18838 	2782086.6
294.98998 	2761760.9
295.79158 	2741436.6
296.59319 	2721113.9
297.39479 	2700792.8
298.19639 	2680473.4
298.998 	2660155.6
299.7996 	2639839.6
300.6012 	2619525.2
301.40281 	2599212.6
302.20441 	2578901.6
303.00601 	2558592.4
303.80762 	2538284.9
304.60922 	2517979
306.21242 	2477372
307.01403 	2457070.8
307.81563 	2436771
308.61723 	2416472.6
309.41884 	2396175.4
310.22044 	2375879.4
311.02204 	2355584.5
311.82365 	2335290.4
312.62525 	2314997.2
313.42685 	2294704.7
314.22846 	2274412.7
315.03006 	2254121.2
315.83166 	2233829.9
316.63327 	2213538.7
317.43487 	2193247.5
318.23647 	2172956.1
319.03808 	2152664.4
319.83968 	2132372.3
320.64128 	2112079.6
321.44289 	2091786.1
322.24449 	2071491.8
323.04609 	2051196.5
323.8477 	2030900
324.6493 	2010602.4
325.4509 	1990303.5
326.25251 	1970003.2
327.05411 	1949701.4
327.85571 	1929398
328.65731 	1909093.1
329.45892 	1888786.5
330.26052 	1868478.3
331.06212 	1848168.3
331.86373 	1827856.7
332.66533 	1807543.4
333.46693 	1787228.4
334.26854 	1766911.7
335.07014 	1746593.4
335.87174 	1726273.5
336.67335 	1705952.1
337.47495 	1685629.3
338.27655 	1665305
339.07816 	1644979.4
339.87976 	1624652.6
340.68136 	1604324.7
341.48297 	1583995.7
342.28457 	1563665.7
343.08617 	1543334.9
343.88778 	1523003.3
344.68938 	1502671
345.49098 	1482338.2
346.29259 	1462004.9
347.09419 	1441671.2
347.89579 	1421337.2
348.69739 	1401003.1
349.499 	1380668.8
350.3006 	1360334.5
351.1022 	1340000.3
351.90381 	1319666.2
352.70541 	1299332.2
353.50701 	1278998.6
354.30862 	1258665.2
355.11022 	1238332.2
355.91182 	1217999.5
356.71343 	1197667.3
357.51503 	1177335.6
358.31663 	1157004.3
359.11824 	1136673.5
359.91984 	1116343.3
360.72144 	1096013.5
361.52305 	1075684.3
362.32465 	1055355.5
363.12625 	1035027.2
363.92786 	1014699.4
364.72946 	994372.1
365.53106 	974045.18
366.33267 	953718.65
367.13427 	933392.5
367.93587 	913066.67
368.73747 	892741.14
369.53908 	872415.87
370.34068 	852090.83
371.14228 	831765.97
371.94389 	811441.25
372.74549 	791116.64
373.54709 	770792.1
374.3487 	750467.59
375.1503 	730143.07
375.9519 	709818.52
376.75351 	689493.91
377.55511 	669169.19
379.15832 	628519.36
379.95992 	608194.19
381.56313 	567543.29
382.36473 	547217.51
383.16633 	526891.51
383.96794 	506565.26
384.76954 	486238.78
385.57114 	465912.06
386.37275 	445585.1
387.17435 	425257.9
387.97595 	404930.46
388.77756 	384602.8
389.57916 	364274.93
390.38076 	343946.85
391.18236 	323618.59
391.98397 	303290.14
392.78557 	282961.54
393.58717 	262632.79
394.38878 	242303.92
395.19038 	221974.95
395.99198 	201645.89
396.79359 	181316.76
397.59519 	160987.59
399.1984 	120329.19
400 	100495.14
