0 	3836477.5
0.35183948 	3828945.6
0.70367896 	3821016.6
1.0555184 	3813115
1.4073579 	3805194
1.7591974 	3797287
2.1110369 	3789364.5
2.4628764 	3781451.4
2.8147158 	3773473.8
3.1665553 	3765650.5
3.5183948 	3757728.4
3.8702343 	3749801.8
4.2220737 	3741869.8
4.9257527 	3726145.4
5.6294317 	3710374.4
5.9812711 	3702446.9
6.3331106 	3694520.1
8.092308 	3654886.2
8.795987 	3639031.7
9.1478265 	3631109.2
10.203345 	3607540.3
10.907024 	3591678.1
11.258863 	3583780.8
11.610703 	3575855
11.962542 	3567931.9
12.666221 	3552090.8
13.018061 	3544165.8
13.3699 	3536241.1
13.72174 	3528316.4
14.777258 	3504542.4
15.480937 	3488693.1
15.832777 	3480768.6
16.536456 	3464901.1
17.591974 	3444408
18.647492 	3420636.9
19.351171 	3407297.9
19.703011 	3399618.5
20.05485 	3391692
20.40669 	3383766.3
20.758529 	3375840.7
21.462208 	3359989.4
22.165887 	3344138.2
22.869566 	3328286.9
23.573245 	3312435.8
23.925085 	3304510.2
24.276924 	3296584.7
24.628764 	3288659.2
25.332442 	3272808.4
25.684282 	3264883
26.387961 	3249032.4
26.7398 	3241107.1
27.09164 	3233181.9
27.443479 	3225256.7
27.795319 	3217331.6
28.147158 	3209406.5
28.850837 	3193556.5
29.202677 	3185631.5
29.554516 	3177706.6
29.906356 	3169781.7
30.258195 	3161856.9
30.610035 	3153932.1
30.961874 	3146007.4
31.665553 	3130158
32.017393 	3122233.3
32.369232 	3114308.7
32.721072 	3106384.1
33.072911 	3098459.6
33.424751 	3090535
33.77659 	3082610.5
34.128429 	3074686.1
34.480269 	3066761.6
34.832108 	3058837.2
35.183948 	3050912.8
35.535787 	3042988.5
35.887627 	3035064.1
36.239466 	3027139.8
36.591306 	3019215.5
37.294985 	3003366.9
37.646824 	2995442.7
37.998664 	2987518.5
38.702343 	2971670.1
39.406022 	2955821.8
39.757861 	2947897.6
41.165219 	2916201.3
41.517059 	2908277.3
41.868898 	2900353.2
42.220737 	2892429.2
42.924416 	2876581.3
43.276256 	2868657.4
43.628095 	2860733.5
43.979935 	2852809.6
44.683614 	2836961.9
45.035453 	2829038
45.387293 	2821114.2
46.090972 	2805266.6
46.442811 	2797342.8
47.14649 	2781495.2
47.49833 	2773571.5
48.202009 	2757723.9
48.553848 	2749800.1
49.257527 	2733952.6
49.609367 	2726028.7
49.961206 	2718104.9
50.313045 	2710181.1
50.664885 	2702257.2
51.016724 	2694333.3
51.720403 	2678485.4
52.072243 	2670561.4
52.424082 	2662637.4
52.775922 	2654713.3
53.127761 	2646789.2
54.18328 	2623016.8
54.535119 	2615092.6
54.886959 	2607168.4
55.238798 	2599244.2
55.590638 	2591319.9
55.942477 	2583395.6
56.997996 	2559622.8
57.349835 	2551698.5
57.701675 	2543774.2
58.053514 	2535850
58.405354 	2527925.7
58.757193 	2520001.5
59.109032 	2512077.3
59.460872 	2504153.1
60.164551 	2488304.7
60.51639 	2480380.6
60.86823 	2472456.5
61.220069 	2464532.4
61.571909 	2456608.3
61.923748 	2448684.2
62.275588 	2440760.2
62.627427 	2432836.1
62.979267 	2424912.1
63.331106 	2416988.1
63.682946 	2409064.1
64.034785 	2401140.1
64.386625 	2393216.1
64.738464 	2385292.1
65.442143 	2369444.2
65.793983 	2361520.2
66.497662 	2345672.2
67.55318 	2321900
68.256859 	2306051.4
68.608698 	2298126.8
69.312377 	2282272.3
70.016056 	2266268.3
70.367896 	2260270.8
70.719735 	2259098.4
71.071575 	2259023.7
71.423414 	2258997
72.830772 	2258901.1
73.182612 	2258880.7
73.534451 	2258860
73.886291 	2258835.9
74.941809 	2258767
75.293648 	2258744.5
75.645488 	2258720.4
75.997327 	2258694
77.052846 	2258610.5
77.404685 	2258582.5
77.756525 	2258553.6
78.460204 	2258490.3
78.812043 	2258459.8
79.163883 	2258429.2
80.219401 	2258134.8
81.27492 	2238783.1
81.626759 	2230800.3
81.978599 	2222816.7
82.330438 	2214834
82.682278 	2206852.1
83.034117 	2198870.8
83.385957 	2190890
83.737796 	2182909.6
84.089635 	2174929.6
84.441475 	2166949.8
85.496993 	2143011.7
86.552512 	2119075.3
86.904351 	2111096.7
89.015388 	2063227
89.367228 	2055248.8
90.070907 	2039292.5
90.422746 	2031314.4
90.774586 	2023336.3
91.126425 	2015358.1
91.478265 	2007379.9
91.830104 	1999401.7
92.533783 	1983445.2
93.237462 	1967488.4
93.589301 	1959509.9
93.941141 	1951531.3
94.29298 	1943552.7
96.052178 	1903658.1
96.404017 	1895678.8
96.755857 	1887699.5
97.459536 	1871740.4
97.811375 	1863760.7
98.163215 	1855780.8
98.515054 	1847800.8
99.922412 	1815879.6
100.27425 	1807898.9
100.62609 	1799918.2
101.32977 	1783956.3
102.03345 	1767994
102.38529 	1760012.7
103.79265 	1728086.5
104.14449 	1720104.7
104.49633 	1712122.9
105.2 	1696159.1
105.90368 	1680195
106.25552 	1672213
106.60736 	1664230.8
108.01472 	1632302.1
108.36656 	1624319.9
108.7184 	1616337.7
109.07024 	1608355.4
109.77392 	1592391
110.12576 	1584408.7
110.82944 	1568444.3
111.18128 	1560462.1
111.53311 	1552479.9
111.88495 	1544497.8
112.58863 	1528533.5
112.94047 	1520551.4
113.29231 	1512569.3
113.64415 	1504587.2
113.99599 	1496605.2
114.34783 	1488623.2
114.69967 	1480641.2
115.05151 	1472659.2
115.40335 	1464677.2
115.75519 	1456695.3
116.45887 	1440731.4
116.81071 	1432749.5
117.16255 	1424767.7
117.51439 	1416785.8
118.21806 	1400822.2
118.5699 	1392840.4
118.92174 	1384858.6
119.27358 	1376876.8
119.62542 	1368895.1
119.97726 	1360913.3
120.3291 	1352931.6
120.68094 	1344949.9
121.03278 	1336968.2
121.38462 	1328986.5
121.73646 	1321004.9
122.0883 	1313023.2
122.79198 	1297060
123.14382 	1289078.4
123.49566 	1281096.8
123.8475 	1273115.3
124.19934 	1265133.7
124.55118 	1257152.2
124.90302 	1249170.7
125.25485 	1241189.2
125.60669 	1233207.7
126.66221 	1209263.3
127.01405 	1201281.9
127.36589 	1193300.5
127.71773 	1185319.1
128.06957 	1177337.8
128.42141 	1169356.4
128.77325 	1161375.1
129.12509 	1153393.8
129.47693 	1145412.5
130.18061 	1129450
130.53245 	1121468.7
130.88429 	1113487.5
131.23613 	1105506.3
132.29164 	1081562.8
132.64348 	1073581.7
132.99532 	1065600.6
133.699 	1049638.4
134.05084 	1041657.4
134.40268 	1033676.3
134.75452 	1025695.3
135.4582 	1009733.4
135.81004 	1001752.4
136.16188 	993771.45
136.51372 	985790.52
136.86556 	977809.61
137.56924 	961847.83
137.92108 	953866.97
138.27292 	945886.13
138.97659 	929924.48
139.68027 	913962.91
140.03211 	905982.14
140.38395 	898001.39
140.73579 	890020.65
141.08763 	882039.93
141.43947 	874059.22
141.79131 	866078.53
142.14315 	858097.85
142.49499 	850117.19
142.84683 	842136.54
144.25419 	810214.09
145.3097 	786272.41
145.66154 	778291.87
146.01338 	770311.35
146.36522 	762330.85
146.71706 	754350.36
147.0689 	746369.88
147.42074 	738389.42
148.12442 	722428.54
148.8281 	706467.72
149.17994 	698487.33
149.88362 	682526.6
150.23546 	674546.26
150.5873 	666565.93
151.29098 	650605.32
151.99465 	634644.78
152.69833 	618684.29
153.05017 	610704.07
153.40201 	602723.87
153.75385 	594743.68
154.45753 	578783.35
154.80937 	570803.21
155.16121 	562823.08
155.51305 	554842.98
155.86489 	546862.88
156.21673 	538882.8
156.56857 	530902.74
157.62409 	506962.65
157.97593 	498982.66
158.32777 	491002.67
158.67961 	483022.7
159.03144 	475042.75
159.38328 	467062.82
159.73512 	459082.9
160.08696 	451102.99
160.4388 	443123.1
160.79064 	435143.22
161.14248 	427163.36
161.49432 	419183.52
161.84616 	411203.69
162.90168 	387264.28
163.25352 	379284.51
163.9572 	363325
164.30904 	355345.27
164.66088 	347365.55
165.01272 	339385.84
165.71639 	323426.47
166.06823 	315446.81
167.12375 	291507.88
167.47559 	283528.27
167.82743 	275548.66
168.17927 	267569.07
168.53111 	259589.49
169.23479 	243630.36
169.58663 	235650.81
169.93847 	227671.27
170.64215 	211712.23
170.99399 	203732.72
171.34583 	195753.23
171.69767 	187773.74
172.04951 	179794.26
172.40134 	171814.8
172.75318 	163835.34
173.10502 	155855.89
174.16054 	131917.6
174.51238 	123938.19
174.86422 	115958.78
