0 	7922771.3
6.4128257 	7841079.6
34.468938 	7379478.8
37.675351 	7300465
40.881764 	7225725.7
50.501002 	7002614.6
53.707415 	6926837.1
62.52505 	6712965.4
65.731463 	6693231.5
68.937876 	6693186.7
69.739479 	6692984
96.993988 	6108066.6
103.40681 	5946491
106.61323 	5868571.4
116.23246 	5660364.8
123.44689 	5517605
125.05 	5500980.3
125.8517 	5497974.5
128.25651 	5483071.8
131.46293 	5415248.6
151.50301 	4976189.5
153.90782 	4915203.5
156.31263 	4849306.3
159.51904 	4750263.9
166.73347 	4551081
169.13828 	4529359.8
175.5511 	4525464.9
176.35271 	4525400
187.57515 	4524434.7
190.78156 	4524586.4
200.4008 	4524754.4
201.2024 	4524782.4
202.00401 	4524824.2
202.80561 	4524971.1
203.60721 	4525233.2
204.40882 	4525363.7
205.21042 	4525344.5
206.01202 	4525469.9
206.81363 	4525718
207.61523 	4525891.8
208.41683 	4526005.6
209.21844 	4526064.3
210.02004 	4526141.5
210.82164 	4526215.2
211.62325 	4526289.8
212.42485 	4526374.4
213.22645 	4526438.4
214.02806 	4526498.5
214.82966 	4526553.4
215.63126 	4526569.3
216.43287 	4526552.1
217.23447 	4526455
218.03607 	4526281.8
219.63928 	4525906.6
220.44088 	4525684.7
221.24248 	4525475.9
222.04409 	4525311.2
222.84569 	4525026.5
223.64729 	4524805.6
224.4489 	4524701.4
225.2505 	4524526.1
226.0521 	4524379.8
227.65531 	4523965.2
228.45691 	4523821.6
229.25852 	4523565.8
230.86172 	4523215.9
231.66333 	4523170.9
232.46493 	4523158.9
234.06814 	4523060.6
234.86974 	4523055.2
235.67134 	4523152
236.47295 	4523306.7
237.27455 	4523558.2
238.07615 	4523853.2
238.87776 	4524077.8
239.67936 	4524121.6
240.48096 	4523987.3
241.28257 	4523694
242.08417 	4523296.1
242.88577 	4522933.9
243.68737 	4522613.5
244.48898 	4522326.2
245.29058 	4522069.6
246.09218 	4521912.5
246.89379 	4521815.3
247.69539 	4521702.8
248.49699 	4521630.8
249.2986 	4521559.6
250.1002 	4521476.4
250.9018 	4521363.4
251.70341 	4521225.7
252.50501 	4521039.1
253.30661 	4520773.7
254.10822 	4520277.3
254.90982 	4518958.9
255.71142 	4515649.3
256.51303 	4508389.7
257.31463 	4494177.2
258.11623 	4472841.7
258.91784 	4448380.4
259.71944 	4423537.5
260.52104 	4398756.5
261.32265 	4374005.5
262.12425 	4349261.4
262.92585 	4324519.4
263.72745 	4299777.9
264.52906 	4275035.5
265.33066 	4250290.9
266.13226 	4225543.8
266.93387 	4200795.1
267.73547 	4176046.1
268.53707 	4151298.2
269.33868 	4126552.9
270.14028 	4101811.2
270.94188 	4077073.4
271.74349 	4052339.1
272.54509 	4027607.8
273.34669 	4002878.9
274.1483 	3978152.4
274.9499 	3953428.8
274.95 	3953425.7
275.7515 	3928708.8
276.55311 	3903992.7
277.35471 	3879280.6
278.95792 	3829866.5
279.75952 	3805163.2
280.56112 	3780461.9
281.36273 	3755762.2
282.16433 	3731064.4
282.96593 	3706368.4
283.76754 	3681674.4
284.56914 	3656982.4
285.37074 	3632292.3
286.17234 	3607603.7
286.97395 	3582916.7
288.57715 	3533546.2
289.37876 	3508862.5
290.18036 	3484179.7
290.98196 	3459497.7
291.78357 	3434816.2
292.58517 	3410135
293.38677 	3385453.9
294.18838 	3360772.7
294.98998 	3336091.1
295.79158 	3311409.3
296.59319 	3286727.1
297.39479 	3262044.8
298.19639 	3237362.6
298.998 	3212680.6
299.7996 	3187998.9
300.6012 	3163317.7
301.40281 	3138637.1
302.20441 	3113957
303.00601 	3089277.6
303.80762 	3064598.7
304.60922 	3039920.6
306.21242 	2990566.7
307.01403 	2965891.2
307.81563 	2941216.7
308.61723 	2916543.2
309.41884 	2891870.7
310.22044 	2867199.1
311.02204 	2842528.4
311.82365 	2817858.4
312.62525 	2793189
313.42685 	2768519.8
314.22846 	2743850.9
315.03006 	2719182.1
315.83166 	2694513.3
316.63327 	2669844.4
317.43487 	2645175.5
318.23647 	2620506.6
319.03808 	2595837.6
319.83968 	2571168.6
320.64128 	2546499.6
321.44289 	2521830.5
322.24449 	2497161.4
323.04609 	2472492.1
323.8477 	2447822.6
324.6493 	2423152.9
325.4509 	2398483
326.25251 	2373812.9
327.05411 	2349142.7
327.85571 	2324472.4
328.65731 	2299802.4
329.45892 	2275132.6
330.26052 	2250463.2
331.06212 	2225794.4
331.86373 	2201126.2
332.66533 	2176458.6
333.46693 	2151791.6
334.26854 	2127125.1
335.07014 	2102459.1
335.87174 	2077793.3
336.67335 	2053127.6
337.47495 	2028461.9
338.27655 	2003795.9
339.07816 	1979129.4
339.87976 	1954462.4
340.68136 	1929794.6
341.48297 	1905125.9
342.28457 	1880456.2
343.08617 	1855785.5
343.88778 	1831113.6
344.68938 	1806440.4
345.49098 	1781765.9
346.29259 	1757090
347.09419 	1732412.7
347.89579 	1707733.9
348.69739 	1683053.6
349.499 	1658371.8
350.3006 	1633688.4
351.1022 	1609003.5
351.90381 	1584317.2
352.70541 	1559629.3
353.50701 	1534940.1
354.30862 	1510249.5
355.11022 	1485557.6
355.91182 	1460864.6
356.71343 	1436170.5
357.51503 	1411475.5
358.31663 	1386779.6
359.11824 	1362082.9
359.91984 	1337385.6
360.72144 	1312687.7
361.52305 	1287989.3
362.32465 	1263290.4
363.12625 	1238591
363.92786 	1213891.2
364.72946 	1189190.9
365.53106 	1164490.1
366.33267 	1139788.7
367.13427 	1115086.6
367.93587 	1090383.6
368.73747 	1065679.6
369.53908 	1040974.4
370.34068 	1016267.8
371.14228 	991559.49
371.94389 	966849.3
372.74549 	942136.96
373.54709 	917422.23
374.3487 	892704.86
375.1503 	867984.63
375.9519 	843261.31
376.75351 	818534.71
377.55511 	793804.64
379.15832 	744333.48
379.95992 	719592.14
381.56313 	670097.54
382.36473 	645344.19
383.16633 	620586.83
383.96794 	595825.49
384.76954 	571060.25
385.57114 	546291.22
386.37275 	521518.52
387.17435 	496742.3
387.97595 	471962.74
388.77756 	447180.02
389.57916 	422394.31
390.38076 	397605.83
391.18236 	372814.75
391.98397 	348021.28
392.78557 	323225.61
393.58717 	298427.94
394.38878 	273628.47
395.19038 	248827.41
395.99198 	224024.97
396.79359 	199221.37
397.59519 	174416.84
399.1984 	124805.91
400 	100604.19
