0 	9264940.4
6.4128257 	9131420.8
34.468938 	8622609.2
37.675351 	8550489.1
40.881764 	8479090.1
50.501002 	8258171.2
53.707415 	8172470.9
62.52505 	7964393.6
65.731463 	7887589.7
68.937876 	7863071.1
69.739479 	7862360.8
96.993988 	7767678.9
103.40681 	7604924.4
106.61323 	7523507
116.23246 	7279382.4
123.44689 	7096500.6
125.05 	7055885.8
125.8517 	7035577.4
128.25651 	6974671.1
131.46293 	6893488.7
151.50301 	6386522.4
153.90782 	6325701.3
156.31263 	6264875.6
159.51904 	6183762.7
166.73347 	6001171
169.13828 	5940270.6
175.5511 	5777781.7
176.35271 	5757463.7
187.57515 	5473018.5
190.78156 	5391807.2
200.4008 	5148562.4
201.2024 	5128325.3
202.00401 	5108093.6
202.80561 	5087867.1
203.60721 	5067645.7
204.40882 	5047429
205.21042 	5027216.6
206.01202 	5007008
206.81363 	4986802.6
207.61523 	4966599.8
208.41683 	4946399
209.21844 	4926199.3
210.02004 	4905999.9
210.82164 	4885799.9
211.62325 	4865598.6
212.42485 	4845395
213.22645 	4825188.3
214.02806 	4804977.9
214.82966 	4784762.8
215.63126 	4764542.5
216.43287 	4744316.5
217.23447 	4724084.3
218.03607 	4703845.6
219.63928 	4663348
220.44088 	4643089
221.24248 	4622823.4
222.04409 	4602551.5
222.84569 	4582273.7
223.64729 	4561990.5
224.4489 	4541702.4
225.2505 	4521410
226.0521 	4501114
227.65531 	4460513.9
228.45691 	4440211.3
229.25852 	4419907.9
230.86172 	4379301.4
231.66333 	4358999.5
232.46493 	4338699.1
234.06814 	4298104.9
234.86974 	4277811.8
235.67134 	4257521.7
236.47295 	4237234.9
237.27455 	4216951.3
238.07615 	4196671.1
238.87776 	4176394.2
239.67936 	4156120.7
240.48096 	4135850.3
241.28257 	4115583
242.08417 	4095318.6
242.88577 	4075056.8
243.68737 	4054797.4
244.48898 	4034540.1
245.29058 	4014284.7
246.09218 	3994030.8
246.89379 	3973778.2
247.69539 	3953526.5
248.49699 	3933275.4
249.2986 	3913024.7
250.1002 	3892774
250.9018 	3872523.1
251.70341 	3852271.6
252.50501 	3832019.4
253.30661 	3811766.2
254.10822 	3791511.7
254.90982 	3771255.8
255.71142 	3750998.3
256.51303 	3730739.1
257.31463 	3710477.9
258.11623 	3690214.7
258.91784 	3669949.3
259.71944 	3649681.8
260.52104 	3629412.1
261.32265 	3609140.2
262.12425 	3588866
262.92585 	3568589.6
263.72745 	3548311.1
264.52906 	3528030.5
265.33066 	3507747.8
266.13226 	3487463.3
266.93387 	3467177
267.73547 	3446889
268.53707 	3426599.4
269.33868 	3406308.4
270.14028 	3386016.2
270.94188 	3365722.8
271.74349 	3345428.4
272.54509 	3325133.2
273.34669 	3304837.3
274.1483 	3284540.8
274.9499 	3264243.9
274.95 	3264241.4
275.7515 	3243946.7
276.55311 	3223649.3
277.35471 	3203351.7
278.95792 	3162756.7
279.75952 	3142459.4
280.56112 	3122162.3
281.36273 	3101865.5
282.16433 	3081569
282.96593 	3061272.8
283.76754 	3040977
284.56914 	3020681.6
285.37074 	3000386.6
286.17234 	2980091.9
286.97395 	2959797.6
288.57715 	2919210.2
289.37876 	2898916.9
290.18036 	2878624
290.98196 	2858331.3
291.78357 	2838038.8
292.58517 	2817746.5
293.38677 	2797454.4
294.18838 	2777162.4
294.98998 	2756870.5
295.79158 	2736578.6
296.59319 	2716286.7
297.39479 	2695994.8
298.19639 	2675702.9
298.998 	2655410.8
299.7996 	2635118.7
300.6012 	2614826.4
301.40281 	2594534
302.20441 	2574241.4
303.00601 	2553948.7
303.80762 	2533655.8
304.60922 	2513362.6
306.21242 	2472775.8
307.01403 	2452482.1
307.81563 	2432188.2
308.61723 	2411894.2
309.41884 	2391600
310.22044 	2371305.6
311.02204 	2351011.1
311.82365 	2330716.5
312.62525 	2310421.9
313.42685 	2290127.1
314.22846 	2269832.4
315.03006 	2249537.6
315.83166 	2229242.8
316.63327 	2208948.1
317.43487 	2188653.4
318.23647 	2168358.9
319.03808 	2148064.5
319.83968 	2127770.2
320.64128 	2107476.1
321.44289 	2087182.3
322.24449 	2066888.6
323.04609 	2046595.3
323.8477 	2026302.2
324.6493 	2006009.4
325.4509 	1985716.9
326.25251 	1965424.8
327.05411 	1945133
327.85571 	1924841.6
328.65731 	1904550.6
329.45892 	1884260
330.26052 	1863969.7
331.06212 	1843679.9
331.86373 	1823390.4
332.66533 	1803101.3
333.46693 	1782812.7
334.26854 	1762524.4
335.07014 	1742236.4
335.87174 	1721948.9
336.67335 	1701661.6
337.47495 	1681374.7
338.27655 	1661088.1
339.07816 	1640801.8
339.87976 	1620515.8
340.68136 	1600230
341.48297 	1579944.4
342.28457 	1559659.1
343.08617 	1539373.9
343.88778 	1519088.9
344.68938 	1498804
345.49098 	1478519.3
346.29259 	1458234.6
347.09419 	1437950.1
347.89579 	1417665.6
348.69739 	1397381.1
349.499 	1377096.7
350.3006 	1356812.4
351.1022 	1336528.1
351.90381 	1316243.8
352.70541 	1295959.5
353.50701 	1275675.3
354.30862 	1255391.1
355.11022 	1235107
355.91182 	1214823
356.71343 	1194539
357.51503 	1174255.2
358.31663 	1153971.5
359.11824 	1133688
359.91984 	1113404.6
360.72144 	1093121.5
361.52305 	1072838.6
362.32465 	1052556.1
363.12625 	1032273.9
363.92786 	1011992
364.72946 	991710.61
365.53106 	971429.64
366.33267 	951149.16
367.13427 	930869.22
367.93587 	910589.85
368.73747 	890311.09
369.53908 	870032.98
370.34068 	849755.54
371.14228 	829478.82
371.94389 	809202.84
372.74549 	788927.63
373.54709 	768653.21
374.3487 	748379.6
375.1503 	728106.82
375.9519 	707834.87
376.75351 	687563.78
377.55511 	667293.54
379.15832 	626755.61
379.95992 	606487.93
381.56313 	565955.05
382.36473 	545689.83
383.16633 	525425.39
383.96794 	505161.73
384.76954 	484898.8
385.57114 	464636.59
386.37275 	444375.06
387.17435 	424114.18
387.97595 	403853.92
388.77756 	383594.25
389.57916 	363335.13
390.38076 	343076.52
391.18236 	322818.39
391.98397 	302560.71
392.78557 	282303.42
393.58717 	262046.51
394.38878 	241789.93
395.19038 	221533.64
395.99198 	201277.6
396.79359 	181021.79
397.59519 	160766.16
399.1984 	120255.3
400 	100493.34
