0 	9903934.9
6.4128257 	9775968.4
34.468938 	9085818.9
37.675351 	9006944.9
40.881764 	8928071.8
50.501002 	8691457.5
53.707415 	8612587.8
62.52505 	8395700.7
65.731463 	8316834.4
68.937876 	8237968.9
69.739479 	8218252.7
96.993988 	7547935
103.40681 	7390223
106.61323 	7311368.5
116.23246 	7074810.4
123.44689 	6897397.3
125.05 	6857975.3
125.8517 	6838260.7
128.25651 	6779124.6
131.46293 	6700277.2
151.50301 	6207501.8
153.90782 	6148371.2
156.31263 	6089241
159.51904 	6010401.6
166.73347 	5833016.3
169.13828 	5773888.9
175.5511 	5616218.2
176.35271 	5596509.7
187.57515 	5320595.8
190.78156 	5241765.3
200.4008 	5005279.6
201.2024 	4985572.8
202.00401 	4965866.1
202.80561 	4946159.4
203.60721 	4926452.9
204.40882 	4906746.3
205.21042 	4887039.9
206.01202 	4867333.4
206.81363 	4847627.1
207.61523 	4827920.8
208.41683 	4808214.5
209.21844 	4788508.4
210.02004 	4768802.2
210.82164 	4749096.2
211.62325 	4729390.2
212.42485 	4709684.2
213.22645 	4689978.4
214.02806 	4670272.5
214.82966 	4650566.8
215.63126 	4630861
216.43287 	4611155.4
217.23447 	4591449.8
218.03607 	4571744.3
219.63928 	4532333.4
220.44088 	4512628
221.24248 	4492922.7
222.04409 	4473217.5
222.84569 	4453512.3
223.64729 	4433807.2
224.4489 	4414102.1
225.2505 	4394397.1
226.0521 	4374692.2
227.65531 	4335282.5
228.45691 	4315577.7
229.25852 	4295873
230.86172 	4256463.7
231.66333 	4236759.2
232.46493 	4217054.7
234.06814 	4177645.9
234.86974 	4157941.6
235.67134 	4138237.4
236.47295 	4118533.2
237.27455 	4098829.1
238.07615 	4079125
238.87776 	4059421
239.67936 	4039717
240.48096 	4020013.2
241.28257 	4000309.3
242.08417 	3980605.5
242.88577 	3960901.8
243.68737 	3941198.2
244.48898 	3921494.6
245.29058 	3901791
246.09218 	3882087.5
246.89379 	3862384.1
247.69539 	3842680.7
248.49699 	3822977.4
249.2986 	3803274.1
250.1002 	3783570.9
250.9018 	3763867.8
251.70341 	3744164.7
252.50501 	3724461.7
253.30661 	3704758.7
254.10822 	3685055.8
254.90982 	3665353
255.71142 	3645650.2
256.51303 	3625947.4
257.31463 	3606244.7
258.11623 	3586542.1
258.91784 	3566839.6
259.71944 	3547137
260.52104 	3527434.6
261.32265 	3507732.2
262.12425 	3488029.8
262.92585 	3468327.6
263.72745 	3448625.3
264.52906 	3428923.2
265.33066 	3409221.1
266.13226 	3389519
266.93387 	3369817
267.73547 	3350115.1
268.53707 	3330413.2
269.33868 	3310711.3
270.14028 	3291009.6
270.94188 	3271307.8
271.74349 	3251606.2
272.54509 	3231904.6
273.34669 	3212203
274.1483 	3192501.5
274.9499 	3172800.1
274.95 	3172797.6
275.7515 	3153098.7
276.55311 	3133397.4
277.35471 	3113696.1
278.95792 	3074293.7
279.75952 	3054592.6
280.56112 	3034891.6
281.36273 	3015190.6
282.16433 	2995489.6
282.96593 	2975788.8
283.76754 	2956087.9
284.56914 	2936387.1
285.37074 	2916686.4
286.17234 	2896985.8
286.97395 	2877285.1
288.57715 	2837884.1
289.37876 	2818183.6
290.18036 	2798483.2
290.98196 	2778782.9
291.78357 	2759082.6
292.58517 	2739382.4
293.38677 	2719682.2
294.18838 	2699982.1
294.98998 	2680282
295.79158 	2660582
296.59319 	2640882
297.39479 	2621182.1
298.19639 	2601482.3
298.998 	2581782.5
299.7996 	2562082.7
300.6012 	2542383
301.40281 	2522683.4
302.20441 	2502983.8
303.00601 	2483284.3
303.80762 	2463584.8
304.60922 	2443885.3
306.21242 	2404486.6
307.01403 	2384787.4
307.81563 	2365088.1
308.61723 	2345389
309.41884 	2325689.9
310.22044 	2305990.8
311.02204 	2286291.8
311.82365 	2266592.8
312.62525 	2246893.9
313.42685 	2227195.1
314.22846 	2207496.2
315.03006 	2187797.5
315.83166 	2168098.8
316.63327 	2148400.1
317.43487 	2128701.5
318.23647 	2109003
319.03808 	2089304.5
319.83968 	2069606
320.64128 	2049907.6
321.44289 	2030209.3
322.24449 	2010511
323.04609 	1990812.8
323.8477 	1971114.6
324.6493 	1951416.4
325.4509 	1931718.3
326.25251 	1912020.3
327.05411 	1892322.3
327.85571 	1872624.3
328.65731 	1852926.4
329.45892 	1833228.6
330.26052 	1813530.8
331.06212 	1793833
331.86373 	1774135.3
332.66533 	1754437.7
333.46693 	1734740.1
334.26854 	1715042.5
335.07014 	1695345
335.87174 	1675647.6
336.67335 	1655950.2
337.47495 	1636252.8
338.27655 	1616555.5
339.07816 	1596858.3
339.87976 	1577161
340.68136 	1557463.9
341.48297 	1537766.8
342.28457 	1518069.7
343.08617 	1498372.7
343.88778 	1478675.7
344.68938 	1458978.8
345.49098 	1439281.9
346.29259 	1419585.1
347.09419 	1399888.3
347.89579 	1380191.6
348.69739 	1360494.9
349.499 	1340798.2
350.3006 	1321101.6
351.1022 	1301405.1
351.90381 	1281708.6
352.70541 	1262012.1
353.50701 	1242315.7
354.30862 	1222619.4
355.11022 	1202923
355.91182 	1183226.8
356.71343 	1163530.6
357.51503 	1143834.4
358.31663 	1124138.2
359.11824 	1104442.2
359.91984 	1084746.1
360.72144 	1065050.1
361.52305 	1045354.2
362.32465 	1025658.3
363.12625 	1005962.4
363.92786 	986266.6
364.72946 	966570.83
365.53106 	946875.1
366.33267 	927179.43
367.13427 	907483.79
367.93587 	887788.2
368.73747 	868092.65
369.53908 	848397.15
370.34068 	828701.7
371.14228 	809006.28
371.94389 	789310.91
372.74549 	769615.59
373.54709 	749920.31
374.3487 	730225.07
375.1503 	710529.87
375.9519 	690834.72
376.75351 	671139.61
377.55511 	651444.55
379.15832 	612054.55
379.95992 	592359.61
381.56313 	552969.87
382.36473 	533275.06
383.16633 	513580.3
383.96794 	493885.58
384.76954 	474190.9
385.57114 	454496.26
386.37275 	434801.66
387.17435 	415107.11
387.97595 	395412.59
388.77756 	375718.12
389.57916 	356023.69
390.38076 	336329.3
391.18236 	316634.96
391.98397 	296940.65
392.78557 	277246.39
393.58717 	257552.17
394.38878 	237857.98
395.19038 	218163.84
395.99198 	198469.74
396.79359 	178775.68
397.59519 	159081.66
399.1984 	119693.75
400 	100479.63
