0 	8395408.4
6.4128257 	8318994.9
34.468938 	7783452.9
37.675351 	7703759.2
40.881764 	7624320.2
50.501002 	7410709.1
53.707415 	7378586.3
62.52505 	7262285.1
65.731463 	7218167.6
68.937876 	7147425.4
69.739479 	7132293.9
96.993988 	6645586.8
103.40681 	6522034.3
106.61323 	6447786.1
116.23246 	6190059.5
123.44689 	6026739.7
125.05 	5984877.2
125.8517 	5963804.9
128.25651 	5900244.5
131.46293 	5815010.5
151.50301 	5673397
153.90782 	5672944.7
156.31263 	5672660.2
159.51904 	5672208
166.73347 	5670300.9
169.13828 	5669815.1
175.5511 	5668557.3
176.35271 	5668367.4
187.57515 	5665267.2
190.78156 	5662711.5
200.4008 	5526665.3
201.2024 	5504733.4
202.00401 	5482760.2
202.80561 	5460777.2
203.60721 	5438819.2
204.40882 	5416896.4
205.21042 	5395000.4
206.01202 	5373121
206.81363 	5351253.5
207.61523 	5329397.9
208.41683 	5307556.3
209.21844 	5285732.1
210.02004 	5263928
210.82164 	5242145.7
211.62325 	5220384.7
212.42485 	5198642.7
213.22645 	5176916.1
214.02806 	5155200.6
214.82966 	5133492
215.63126 	5111786.6
216.43287 	5090081.6
217.23447 	5068374.6
218.03607 	5046663.9
219.63928 	5003226.7
220.44088 	4981498.7
221.24248 	4959763.4
222.04409 	4938020.4
222.84569 	4916269.5
223.64729 	4894510.6
224.4489 	4872743.9
225.2505 	4850969.6
226.0521 	4829188.2
227.65531 	4785604.9
228.45691 	4763803.4
229.25852 	4741995.5
230.86172 	4698362.2
231.66333 	4676537.8
232.46493 	4654709.1
234.06814 	4611041
234.86974 	4589203.1
235.67134 	4567363.7
236.47295 	4545524
237.27455 	4523685.1
238.07615 	4501848.1
238.87776 	4480013.8
239.67936 	4458182.4
240.48096 	4436353.6
241.28257 	4414526.6
242.08417 	4392700.5
242.88577 	4370873.9
243.68737 	4349045.7
244.48898 	4327215.3
245.29058 	4305382.5
246.09218 	4283547.7
246.89379 	4261711.4
247.69539 	4239874.8
248.49699 	4218038.6
249.2986 	4196203.6
250.1002 	4174370
250.9018 	4152538
251.70341 	4130707.4
252.50501 	4108878.1
253.30661 	4087049.9
254.10822 	4065222.6
254.90982 	4043396.3
255.71142 	4021570.9
256.51303 	3999746.6
257.31463 	3977923.4
258.11623 	3956101.3
258.91784 	3934280.1
259.71944 	3912459.8
260.52104 	3890640.1
261.32265 	3868821
262.12425 	3847002.1
262.92585 	3825183.3
263.72745 	3803364.5
264.52906 	3781545.6
265.33066 	3759726.6
266.13226 	3737907.5
266.93387 	3716088.4
267.73547 	3694269.1
268.53707 	3672449.8
269.33868 	3650630.4
270.14028 	3628811
270.94188 	3606991.5
271.74349 	3585171.8
272.54509 	3563351.8
273.34669 	3541531.6
274.1483 	3519711.1
274.9499 	3497890.2
274.95 	3497887.5
275.7515 	3476069
276.55311 	3454247.5
277.35471 	3432425.8
278.95792 	3388781.8
279.75952 	3366959.8
280.56112 	3345137.7
281.36273 	3323315.6
282.16433 	3301493.4
282.96593 	3279670.9
283.76754 	3257848.2
284.56914 	3236025
285.37074 	3214201.2
286.17234 	3192376.8
286.97395 	3170551.9
288.57715 	3126901.1
289.37876 	3105075.8
290.18036 	3083251.3
290.98196 	3061428.1
291.78357 	3039606.6
292.58517 	3017787.5
293.38677 	2995971.1
294.18838 	2974157.7
294.98998 	2952347.4
295.79158 	2930540.1
296.59319 	2908735.8
297.39479 	2886934.1
298.19639 	2865134.7
298.998 	2843337.2
299.7996 	2821541.1
300.6012 	2799746
301.40281 	2777951.8
302.20441 	2756158.1
303.00601 	2734364.8
303.80762 	2712571.7
304.60922 	2690778.8
306.21242 	2647193.9
307.01403 	2625402
307.81563 	2603610.5
308.61723 	2581819.6
309.41884 	2560029.2
310.22044 	2538239.6
311.02204 	2516450.7
311.82365 	2494662.5
312.62525 	2472875.2
313.42685 	2451088.6
314.22846 	2429303
315.03006 	2407518.1
315.83166 	2385734.2
316.63327 	2363951.1
317.43487 	2342169
318.23647 	2320387.8
319.03808 	2298607.5
319.83968 	2276828.3
320.64128 	2255050
321.44289 	2233272.8
322.24449 	2211496.6
323.04609 	2189721.4
323.8477 	2167947.2
324.6493 	2146174.1
325.4509 	2124402
326.25251 	2102630.9
327.05411 	2080860.8
327.85571 	2059091.8
328.65731 	2037324
329.45892 	2015557.4
330.26052 	1993792.4
331.06212 	1972029.1
331.86373 	1950267.9
332.66533 	1928509.1
333.46693 	1906753.2
334.26854 	1885000.6
335.07014 	1863251.8
335.87174 	1841507.2
336.67335 	1819767.2
337.47495 	1798032.1
338.27655 	1776301.9
339.07816 	1754576.6
339.87976 	1732855.9
340.68136 	1711139.4
341.48297 	1689426.5
342.28457 	1667716.3
343.08617 	1646007.8
343.88778 	1624300.1
344.68938 	1602591.9
345.49098 	1580882.3
346.29259 	1559170.1
347.09419 	1537454.5
347.89579 	1515734.6
348.69739 	1494010
349.499 	1472280.2
350.3006 	1450545
351.1022 	1428804.5
351.90381 	1407058.9
352.70541 	1385308.4
353.50701 	1363553.4
354.30862 	1341794.4
355.11022 	1320031.8
355.91182 	1298266
356.71343 	1276497.5
357.51503 	1254726.6
358.31663 	1232953.6
359.11824 	1211178.8
359.91984 	1189402.4
360.72144 	1167624.6
361.52305 	1145845.4
362.32465 	1124064.9
363.12625 	1102283.3
363.92786 	1080500.6
364.72946 	1058717
365.53106 	1036932.3
366.33267 	1015146.8
367.13427 	993360.53
367.93587 	971573.51
368.73747 	949785.85
369.53908 	927997.63
370.34068 	906208.91
371.14228 	884419.78
371.94389 	862630.3
372.74549 	840840.52
373.54709 	819050.52
374.3487 	797260.35
375.1503 	775470.06
375.9519 	753679.7
376.75351 	731889.31
377.55511 	710098.94
379.15832 	666518.37
379.95992 	644728.25
381.56313 	601148.42
382.36473 	579358.75
383.16633 	557569.24
383.96794 	535779.9
384.76954 	513990.73
385.57114 	492201.7
386.37275 	470412.8
387.17435 	448624.01
387.97595 	426835.3
388.77756 	405046.64
389.57916 	383258.01
390.38076 	361469.37
391.18236 	339680.7
391.98397 	317891.98
392.78557 	296103.18
393.58717 	274314.29
394.38878 	252525.3
395.19038 	230736.19
395.99198 	208946.99
396.79359 	187157.7
397.59519 	165368.32
399.1984 	121789.45
400 	100530.71
