0 	9759743.2
6.4128257 	9634644.8
34.468938 	9133485.9
37.675351 	9054195.6
40.881764 	8974916.5
50.501002 	8737071.4
53.707415 	8657777.8
62.52505 	8439741.8
65.731463 	8360462.9
68.937876 	8281182.7
69.739479 	8261362.3
96.993988 	7587560.7
103.40681 	7429032.6
106.61323 	7349764.3
116.23246 	7111959.8
123.44689 	6933633.6
125.05 	6894012.3
125.8517 	6874198.4
128.25651 	6814765.6
131.46293 	6735524.3
151.50301 	6240238.1
153.90782 	6180798.9
156.31263 	6121359.4
159.51904 	6042106.8
166.73347 	5863790.6
169.13828 	5804352.7
175.5511 	5645852.8
176.35271 	5626040.4
187.57515 	5348666.5
190.78156 	5269417.1
200.4008 	5031673.2
201.2024 	5011861.6
202.00401 	4992050
202.80561 	4972238.6
203.60721 	4952427.1
204.40882 	4932615.8
205.21042 	4912804.5
206.01202 	4892993.2
206.81363 	4873182
207.61523 	4853370.8
208.41683 	4833559.7
209.21844 	4813748.6
210.02004 	4793937.5
210.82164 	4774126.4
211.62325 	4754315.4
212.42485 	4734504.4
213.22645 	4714693.5
214.02806 	4694882.5
214.82966 	4675071.6
215.63126 	4655260.6
216.43287 	4635449.7
217.23447 	4615638.8
218.03607 	4595827.9
219.63928 	4556206.1
220.44088 	4536395.2
221.24248 	4516584.3
222.04409 	4496773.5
222.84569 	4476962.6
223.64729 	4457151.7
224.4489 	4437340.9
225.2505 	4417530
226.0521 	4397719.2
227.65531 	4358097.6
228.45691 	4338286.9
229.25852 	4318476.2
230.86172 	4278854.8
231.66333 	4259044.2
232.46493 	4239233.6
234.06814 	4199612.6
234.86974 	4179802.2
235.67134 	4159991.8
236.47295 	4140181.5
237.27455 	4120371.3
238.07615 	4100561.1
238.87776 	4080751
239.67936 	4060941
240.48096 	4041131.1
241.28257 	4021321.2
242.08417 	4001511.5
242.88577 	3981701.8
243.68737 	3961892.2
244.48898 	3942082.7
245.29058 	3922273.3
246.09218 	3902463.9
246.89379 	3882654.7
247.69539 	3862845.6
248.49699 	3843036.5
249.2986 	3823227.6
250.1002 	3803418.7
250.9018 	3783609.9
251.70341 	3763801.3
252.50501 	3743992.7
253.30661 	3724184.2
254.10822 	3704375.8
254.90982 	3684567.5
255.71142 	3664759.3
256.51303 	3644951.2
257.31463 	3625143.2
258.11623 	3605335.2
258.91784 	3585527.3
259.71944 	3565719.6
260.52104 	3545911.9
261.32265 	3526104.3
262.12425 	3506296.7
262.92585 	3486489.3
263.72745 	3466681.9
264.52906 	3446874.6
265.33066 	3427067.4
266.13226 	3407260.3
266.93387 	3387453.2
267.73547 	3367646.2
268.53707 	3347839.3
269.33868 	3328032.5
270.14028 	3308225.7
270.94188 	3288419
271.74349 	3268612.4
272.54509 	3248805.9
273.34669 	3228999.4
274.1483 	3209193
274.9499 	3189386.7
274.95 	3189384.2
275.7515 	3169580.4
276.55311 	3149774.3
277.35471 	3129968.1
278.95792 	3090356.1
279.75952 	3070550.2
280.56112 	3050744.3
281.36273 	3030938.5
282.16433 	3011132.8
282.96593 	2991327.1
283.76754 	2971521.5
284.56914 	2951716
285.37074 	2931910.5
286.17234 	2912105.1
286.97395 	2892299.7
288.57715 	2852689.1
289.37876 	2832883.8
290.18036 	2813078.6
290.98196 	2793273.5
291.78357 	2773468.4
292.58517 	2753663.3
293.38677 	2733858.3
294.18838 	2714053.3
294.98998 	2694248.3
295.79158 	2674443.4
296.59319 	2654638.5
297.39479 	2634833.7
298.19639 	2615028.8
298.998 	2595224
299.7996 	2575419.2
300.6012 	2555614.5
301.40281 	2535809.7
302.20441 	2516005
303.00601 	2496200.3
303.80762 	2476395.6
304.60922 	2456590.9
306.21242 	2416981.6
307.01403 	2397177
307.81563 	2377372.4
308.61723 	2357567.8
309.41884 	2337763.2
310.22044 	2317958.7
311.02204 	2298154.1
311.82365 	2278349.6
312.62525 	2258545.1
313.42685 	2238740.6
314.22846 	2218936.1
315.03006 	2199131.7
315.83166 	2179327.2
316.63327 	2159522.8
317.43487 	2139718.4
318.23647 	2119914
319.03808 	2100109.7
319.83968 	2080305.3
320.64128 	2060501
321.44289 	2040696.7
322.24449 	2020892.4
323.04609 	2001088.2
323.8477 	1981284
324.6493 	1961479.8
325.4509 	1941675.6
326.25251 	1921871.5
327.05411 	1902067.4
327.85571 	1882263.3
328.65731 	1862459.2
329.45892 	1842655.2
330.26052 	1822851.2
331.06212 	1803047.2
331.86373 	1783243.3
332.66533 	1763439.4
333.46693 	1743635.5
334.26854 	1723831.6
335.07014 	1704027.8
335.87174 	1684224
336.67335 	1664420.3
337.47495 	1644616.6
338.27655 	1624812.9
339.07816 	1605009.2
339.87976 	1585205.6
340.68136 	1565402
341.48297 	1545598.4
342.28457 	1525794.9
343.08617 	1505991.4
343.88778 	1486187.9
344.68938 	1466384.4
345.49098 	1446581
346.29259 	1426777.6
347.09419 	1406974.2
347.89579 	1387170.9
348.69739 	1367367.6
349.499 	1347564.3
350.3006 	1327761.1
351.1022 	1307957.8
351.90381 	1288154.6
352.70541 	1268351.4
353.50701 	1248548.3
354.30862 	1228745.1
355.11022 	1208942
355.91182 	1189138.9
356.71343 	1169335.9
357.51503 	1149532.8
358.31663 	1129729.8
359.11824 	1109926.8
359.91984 	1090123.9
360.72144 	1070320.9
361.52305 	1050518
362.32465 	1030715.1
363.12625 	1010912.2
363.92786 	991109.28
364.72946 	971306.43
365.53106 	951503.59
366.33267 	931700.78
367.13427 	911897.98
367.93587 	892095.2
368.73747 	872292.44
369.53908 	852489.69
370.34068 	832686.97
371.14228 	812884.26
371.94389 	793081.57
372.74549 	773278.89
373.54709 	753476.24
374.3487 	733673.6
375.1503 	713870.97
375.9519 	694068.37
376.75351 	674265.78
377.55511 	654463.21
379.15832 	614858.12
379.95992 	595055.6
381.56313 	555450.61
382.36473 	535648.15
383.16633 	515845.7
383.96794 	496043.28
384.76954 	476240.87
385.57114 	456438.49
386.37275 	436636.12
387.17435 	416833.78
387.97595 	397031.46
388.77756 	377229.16
389.57916 	357426.89
390.38076 	337624.64
391.18236 	317822.42
391.98397 	298020.22
392.78557 	278218.06
393.58717 	258415.92
394.38878 	238613.81
395.19038 	218811.73
395.99198 	199009.69
396.79359 	179207.68
397.59519 	159405.7
399.1984 	119801.87
400 	100482.3
