0 	8520248.9
6.4128257 	8454966.4
34.468938 	7830310.3
37.675351 	7751374.2
40.881764 	7676474
50.501002 	7514961.8
53.707415 	7471493.8
62.52505 	7342386.7
65.731463 	7309213.9
68.937876 	7236741.2
69.739479 	7217198.3
96.993988 	6636033.4
103.40681 	6481669.8
106.61323 	6407809.2
116.23246 	6215448.3
123.44689 	6027262
125.05 	5982426.8
125.8517 	5960523.1
128.25651 	5899076.6
131.46293 	5818363.4
151.50301 	5799533.9
153.90782 	5798697.3
156.31263 	5797893.2
159.51904 	5797147.3
166.73347 	5796779
169.13828 	5796167.4
175.5511 	5791822.5
176.35271 	5791371.9
187.57515 	5783825.5
190.78156 	5727937.9
200.4008 	5468470
201.2024 	5446880.3
202.00401 	5425299
202.80561 	5403724.7
203.60721 	5382156.3
204.40882 	5360592.7
205.21042 	5339033.3
206.01202 	5317477.7
206.81363 	5295925.7
207.61523 	5274377.1
208.41683 	5252831.7
209.21844 	5231289.3
210.02004 	5209749.5
210.82164 	5188212.3
211.62325 	5166677.4
212.42485 	5145144.7
213.22645 	5123614
214.02806 	5102085.2
214.82966 	5080558.2
215.63126 	5059032.9
216.43287 	5037509.2
217.23447 	5015987.3
218.03607 	4994467.1
219.63928 	4951432.1
220.44088 	4929917.3
221.24248 	4908404.3
222.04409 	4886893
222.84569 	4865383.5
223.64729 	4843875.8
224.4489 	4822370.4
225.2505 	4800867.6
226.0521 	4779368
227.65531 	4736381.4
228.45691 	4714896
229.25852 	4693417.2
230.86172 	4650482.6
231.66333 	4629028.5
232.46493 	4607584.1
234.06814 	4564727.3
234.86974 	4543315.9
235.67134 	4521916.1
236.47295 	4500528.2
237.27455 	4479151.9
238.07615 	4457787
238.87776 	4436432.7
239.67936 	4415088.1
240.48096 	4393752
241.28257 	4372422.8
242.08417 	4351098.7
242.88577 	4329777.6
243.68737 	4308457.2
244.48898 	4287134.9
245.29058 	4265808.1
246.09218 	4244474.2
246.89379 	4223130.4
247.69539 	4201774
248.49699 	4180402.4
249.2986 	4159013.5
250.1002 	4137605
250.9018 	4116175.4
251.70341 	4094723.2
252.50501 	4073247.5
253.30661 	4051747.8
254.10822 	4030224.2
254.90982 	4008677
255.71142 	3987107.2
256.51303 	3965515.9
257.31463 	3943904.7
258.11623 	3922275.5
258.91784 	3900630.3
259.71944 	3878971.5
260.52104 	3857301.2
261.32265 	3835621.8
262.12425 	3813935.6
262.92585 	3792244.6
263.72745 	3770550.8
264.52906 	3748856
265.33066 	3727161.7
266.13226 	3705469.3
266.93387 	3683779.9
267.73547 	3662094.4
268.53707 	3640413.5
269.33868 	3618737.6
270.14028 	3597067.1
270.94188 	3575402
271.74349 	3553742.4
272.54509 	3532088.1
273.34669 	3510439
274.1483 	3488794.7
274.9499 	3467154.8
274.95 	3467152.1
275.7515 	3445519.1
276.55311 	3423887.2
277.35471 	3402258.6
278.95792 	3359010.4
279.75952 	3337390.1
280.56112 	3315772.1
281.36273 	3294155.9
282.16433 	3272541.5
282.96593 	3250928.6
283.76754 	3229316.9
284.56914 	3207706.2
285.37074 	3186096.4
286.17234 	3164487.3
286.97395 	3142878.7
288.57715 	3099662.7
289.37876 	3078055.1
290.18036 	3056447.8
290.98196 	3034840.8
291.78357 	3013234.3
292.58517 	2991628.2
293.38677 	2970022.9
294.18838 	2948418.4
294.98998 	2926814.9
295.79158 	2905212.5
296.59319 	2883611.6
297.39479 	2862012.1
298.19639 	2840414.3
298.998 	2818818.4
299.7996 	2797224.4
300.6012 	2775632.5
301.40281 	2754042.8
302.20441 	2732455.4
303.00601 	2710870.4
303.80762 	2689287.8
304.60922 	2667707.8
306.21242 	2624555.3
307.01403 	2602982.9
307.81563 	2581413
308.61723 	2559845.6
309.41884 	2538280.7
310.22044 	2516718
311.02204 	2495157.5
311.82365 	2473599.1
312.62525 	2452042.5
313.42685 	2430487.5
314.22846 	2408934
315.03006 	2387381.6
315.83166 	2365830.2
316.63327 	2344279.5
317.43487 	2322729.3
318.23647 	2301179.2
319.03808 	2279629.1
319.83968 	2258078.7
320.64128 	2236527.7
321.44289 	2214976.1
322.24449 	2193423.6
323.04609 	2171870
323.8477 	2150315.2
324.6493 	2128759.1
325.4509 	2107201.7
326.25251 	2085642.8
327.05411 	2064082.4
327.85571 	2042520.6
328.65731 	2020957.3
329.45892 	1999392.6
330.26052 	1977826.5
331.06212 	1956259.1
331.86373 	1934690.5
332.66533 	1913120.8
333.46693 	1891550.1
334.26854 	1869978.5
335.07014 	1848406
335.87174 	1826832.9
336.67335 	1805259
337.47495 	1783684.5
338.27655 	1762109.5
339.07816 	1740533.9
339.87976 	1718957.7
340.68136 	1697380.8
341.48297 	1675803.3
342.28457 	1654225
343.08617 	1632645.8
343.88778 	1611065.5
344.68938 	1589484.1
345.49098 	1567901.3
346.29259 	1546317
347.09419 	1524731.1
347.89579 	1503143.4
348.69739 	1481553.7
349.499 	1459962
350.3006 	1438368.1
351.1022 	1416772
351.90381 	1395173.7
352.70541 	1373573.1
353.50701 	1351970.2
354.30862 	1330365.1
355.11022 	1308757.8
355.91182 	1287148.4
356.71343 	1265537
357.51503 	1243923.8
358.31663 	1222308.8
359.11824 	1200692.3
359.91984 	1179074.3
360.72144 	1157455
361.52305 	1135834.7
362.32465 	1114213.4
363.12625 	1092591.4
363.92786 	1070968.8
364.72946 	1049345.9
365.53106 	1027722.8
366.33267 	1006099.7
367.13427 	984476.92
367.93587 	962854.58
368.73747 	941232.93
369.53908 	919612.22
370.34068 	897992.67
371.14228 	876374.51
371.94389 	854758
372.74549 	833143.36
373.54709 	811530.81
374.3487 	789920.58
375.1503 	768312.88
375.9519 	746707.89
376.75351 	725105.8
377.55511 	703506.77
379.15832 	660318.4
379.95992 	638729.29
381.56313 	595561.6
382.36473 	573983.11
383.16633 	552408.23
383.96794 	530836.93
384.76954 	509269.19
385.57114 	487704.97
386.37275 	466144.2
387.17435 	444586.8
387.97595 	423032.66
388.77756 	401481.66
389.57916 	379933.68
390.38076 	358388.56
391.18236 	336846.14
391.98397 	315306.24
392.78557 	293768.67
393.58717 	272233.24
394.38878 	250699.73
395.19038 	229167.93
395.99198 	207637.61
396.79359 	186108.54
397.59519 	164580.49
399.1984 	121526.47
400 	100524.3
