0 	8109155.4
6.4128257 	8069704.7
34.468938 	7486425.6
37.675351 	7412458.4
40.881764 	7391749.7
50.501002 	7364252.9
53.707415 	7284796.9
62.52505 	7059916
65.731463 	6978138.8
68.937876 	6896455.9
69.739479 	6876310
96.993988 	6277096
103.40681 	6172149.1
106.61323 	6121291.6
116.23246 	5954152.1
123.44689 	5766214.6
125.05 	5726597.9
125.8517 	5706981.5
128.25651 	5648459.1
131.46293 	5571342.3
151.50301 	5127795.4
153.90782 	5099379.2
156.31263 	5096314.1
159.51904 	5094813.4
166.73347 	5092716.3
169.13828 	5092296.6
175.5511 	5091867.6
176.35271 	5091749.1
187.57515 	5093822.4
190.78156 	5092549.9
200.4008 	5092946.8
201.2024 	5092983.5
202.00401 	5092764.7
202.80561 	5092468.9
203.60721 	5092089.5
204.40882 	5091702.1
205.21042 	5091259.7
206.01202 	5090571.8
206.81363 	5089742.4
207.61523 	5088990
208.41683 	5088515.1
209.21844 	5088120
210.02004 	5087739.4
210.82164 	5087432.3
211.62325 	5087256.8
212.42485 	5087094.1
213.22645 	5086620.9
214.02806 	5086104.9
214.82966 	5085867.8
215.63126 	5085682.2
216.43287 	5085435.3
217.23447 	5085305.5
218.03607 	5085265.8
219.63928 	5085636.3
220.44088 	5085963.9
221.24248 	5086350.6
222.04409 	5086732.7
222.84569 	5087066.2
223.64729 	5087265.9
224.4489 	5087231.8
225.2505 	5086758
226.0521 	5085752.9
227.65531 	5081395.6
228.45691 	5076836
229.25852 	5068472.3
230.86172 	5032898.3
231.66333 	5009806.2
232.46493 	4986804.4
234.06814 	4941141.7
234.86974 	4918338.4
235.67134 	4895526.4
236.47295 	4872694.2
237.27455 	4849830.8
238.07615 	4826926.1
238.87776 	4803970.7
239.67936 	4780957
240.48096 	4757878.5
241.28257 	4734731.4
242.08417 	4711513.8
242.88577 	4688226.2
243.68737 	4664870.8
244.48898 	4641450.2
245.29058 	4617967.8
246.09218 	4594427.3
246.89379 	4570833.7
247.69539 	4547193.2
248.49699 	4523513.1
249.2986 	4499801.3
250.1002 	4476066.2
250.9018 	4452315.7
251.70341 	4428557.5
252.50501 	4404798.4
253.30661 	4381044.6
254.10822 	4357301.3
254.90982 	4333573.1
255.71142 	4309863.4
256.51303 	4286175.1
257.31463 	4262510.2
258.11623 	4238869.9
258.91784 	4215254.9
259.71944 	4191665
260.52104 	4168099.9
261.32265 	4144558.8
262.12425 	4121040.6
262.92585 	4097544
263.72745 	4074067.7
264.52906 	4050610.6
265.33066 	4027171.3
266.13226 	4003748.7
266.93387 	3980341.8
267.73547 	3956949.6
268.53707 	3933571.1
269.33868 	3910205.2
270.14028 	3886850.9
270.94188 	3863507.1
271.74349 	3840172.6
272.54509 	3816846.3
273.34669 	3793527.4
274.1483 	3770214.8
274.9499 	3746907.8
274.95 	3746904.9
275.7515 	3723605.7
276.55311 	3700307.9
277.35471 	3677013.7
278.95792 	3630434.3
279.75952 	3607147.8
280.56112 	3583862.6
281.36273 	3560578.1
282.16433 	3537293.8
282.96593 	3514008.9
283.76754 	3490723
284.56914 	3467435.4
285.37074 	3444145.9
286.17234 	3420854
286.97395 	3397559.5
288.57715 	3350962.1
289.37876 	3327659
290.18036 	3304352.9
290.98196 	3281043.6
291.78357 	3257731.2
292.58517 	3234415.4
293.38677 	3211096.2
294.18838 	3187773.3
294.98998 	3164446.7
295.79158 	3141116.2
296.59319 	3117781.7
297.39479 	3094443.4
298.19639 	3071101.4
298.998 	3047755.8
299.7996 	3024407.1
300.6012 	3001055.4
301.40281 	2977701.1
302.20441 	2954344.5
303.00601 	2930985.8
303.80762 	2907625.4
304.60922 	2884263.4
306.21242 	2837535
307.01403 	2814168.7
307.81563 	2790801.3
308.61723 	2767432.7
309.41884 	2744063
310.22044 	2720692.3
311.02204 	2697320.9
311.82365 	2673948.9
312.62525 	2650576.5
313.42685 	2627203.8
314.22846 	2603831
315.03006 	2580458.2
315.83166 	2557085.7
316.63327 	2533713.3
317.43487 	2510341.3
318.23647 	2486969.6
319.03808 	2463598.3
319.83968 	2440227.4
320.64128 	2416857
321.44289 	2393487
322.24449 	2370117.6
323.04609 	2346748.7
323.8477 	2323380.5
324.6493 	2300013
325.4509 	2276646.2
326.25251 	2253280.1
327.05411 	2229914.8
327.85571 	2206550
328.65731 	2183185.9
329.45892 	2159822.2
330.26052 	2136458.9
331.06212 	2113095.8
331.86373 	2089732.7
332.66533 	2066369.4
333.46693 	2043005.8
334.26854 	2019641.7
335.07014 	1996276.9
335.87174 	1972911.2
336.67335 	1949544.3
337.47495 	1926176.2
338.27655 	1902806.6
339.07816 	1879435.2
339.87976 	1856061.9
340.68136 	1832686.6
341.48297 	1809308.8
342.28457 	1785928.6
343.08617 	1762545.6
343.88778 	1739159.6
344.68938 	1715770.6
345.49098 	1692378.2
346.29259 	1668982.5
347.09419 	1645583.3
347.89579 	1622180.4
348.69739 	1598773.9
349.499 	1575363.8
350.3006 	1551950
351.1022 	1528532.7
351.90381 	1505111.9
352.70541 	1481687.8
353.50701 	1458260.5
354.30862 	1434830.3
355.11022 	1411397.2
355.91182 	1387961.6
356.71343 	1364523.7
357.51503 	1341083.6
358.31663 	1317641.5
359.11824 	1294197.8
359.91984 	1270752.5
360.72144 	1247305.8
361.52305 	1223858
362.32465 	1200409.2
363.12625 	1176959.6
363.92786 	1153509.2
364.72946 	1130058.4
365.53106 	1106607.3
366.33267 	1083155.9
367.13427 	1059704.5
367.93587 	1036253.3
368.73747 	1012802.4
369.53908 	989351.98
370.34068 	965902.19
371.14228 	942453.21
371.94389 	919005.21
372.74549 	895558.35
373.54709 	872112.81
374.3487 	848668.77
375.1503 	825226.41
375.9519 	801785.92
376.75351 	778347.5
377.55511 	754911.37
379.15832 	708046.81
379.95992 	684618.8
381.56313 	637772.36
382.36473 	614354.29
383.16633 	590939.87
383.96794 	567529.2
384.76954 	544122.37
385.57114 	520719.45
386.37275 	497320.43
387.17435 	473925.3
387.97595 	450534
388.77756 	427146.42
389.57916 	403762.44
390.38076 	380381.9
391.18236 	357004.63
391.98397 	333630.4
392.78557 	310258.99
393.58717 	286890.17
394.38878 	263523.67
395.19038 	240159.23
395.99198 	216796.58
396.79359 	193435.42
397.59519 	170075.48
399.1984 	123358.07
400 	100568.92
