0 	9500861.9
6.4128257 	9467590.6
34.468938 	8868628.8
37.675351 	8861990.1
40.881764 	8861332
50.501002 	8813992.2
53.707415 	8733930.7
62.52505 	8514065.3
65.731463 	8434091.6
68.937876 	8354108.6
69.739479 	8334111
96.993988 	7653964.2
103.40681 	7493977.5
106.61323 	7413997.5
116.23246 	7174092.3
123.44689 	6994187.6
125.05 	6954212.3
125.8517 	6934221
128.25651 	6874255
131.46293 	6794302.5
151.50301 	6294653.7
153.90782 	6234690.7
156.31263 	6174723.8
159.51904 	6094761.5
166.73347 	5914818.8
169.13828 	5854830.6
175.5511 	5694851.7
176.35271 	5674853.9
187.57515 	5394908
190.78156 	5314939.5
200.4008 	5075089.6
201.2024 	5055105.4
202.00401 	5035121.7
202.80561 	5015138.3
203.60721 	4995155.3
204.40882 	4975172.6
205.21042 	4955190.2
206.01202 	4935208.1
206.81363 	4915226.2
207.61523 	4895244.6
208.41683 	4875263.1
209.21844 	4855281.8
210.02004 	4835300.6
210.82164 	4815319.6
211.62325 	4795338.6
212.42485 	4775357.7
213.22645 	4755376.9
214.02806 	4735396.1
214.82966 	4715415.3
215.63126 	4695434.5
216.43287 	4675453.6
217.23447 	4655472.8
218.03607 	4635491.9
219.63928 	4595529.9
220.44088 	4575548.9
221.24248 	4555567.7
222.04409 	4535586.5
222.84569 	4515605.3
223.64729 	4495623.9
224.4489 	4475642.5
225.2505 	4455661
226.0521 	4435679.4
227.65531 	4395716.1
228.45691 	4375734.4
229.25852 	4355752.6
230.86172 	4315788.8
231.66333 	4295806.8
232.46493 	4275824.7
234.06814 	4235860.5
234.86974 	4215878.3
235.67134 	4195896
236.47295 	4175913.6
237.27455 	4155931.2
238.07615 	4135948.6
238.87776 	4115966
239.67936 	4095983.3
240.48096 	4076000.5
241.28257 	4056017.5
242.08417 	4036034.4
242.88577 	4016051.1
243.68737 	3996067.7
244.48898 	3976084.2
245.29058 	3956100.4
246.09218 	3936116.5
246.89379 	3916132.4
247.69539 	3896148
248.49699 	3876163.5
249.2986 	3856178.7
250.1002 	3836193.8
250.9018 	3816208.6
251.70341 	3796223.1
252.50501 	3776237.4
253.30661 	3756251.5
254.10822 	3736265.4
254.90982 	3716279
255.71142 	3696292.4
256.51303 	3676305.6
257.31463 	3656318.6
258.11623 	3636331.3
258.91784 	3616343.9
259.71944 	3596356.2
260.52104 	3576368.4
261.32265 	3556380.4
262.12425 	3536392.2
262.92585 	3516403.9
263.72745 	3496415.5
264.52906 	3476426.9
265.33066 	3456438.3
266.13226 	3436449.6
266.93387 	3416460.9
267.73547 	3396472.1
268.53707 	3376483.4
269.33868 	3356494.6
270.14028 	3336506
270.94188 	3316517.4
271.74349 	3296528.8
272.54509 	3276540.5
273.34669 	3256552.3
274.1483 	3236564.2
274.9499 	3216576.4
274.95 	3216573.9
275.7515 	3196588.8
276.55311 	3176601.5
277.35471 	3156614.5
278.95792 	3116641.5
279.75952 	3096655.5
280.56112 	3076669.9
281.36273 	3056684.8
282.16433 	3036700
282.96593 	3016715.7
283.76754 	2996731.9
284.56914 	2976748.5
285.37074 	2956765.7
286.17234 	2936783.3
286.97395 	2916801.4
288.57715 	2876839.1
289.37876 	2856858.7
290.18036 	2836878.8
290.98196 	2816899.4
291.78357 	2796920.4
292.58517 	2776941.9
293.38677 	2756963.8
294.18838 	2736986.2
294.98998 	2717009
295.79158 	2697032.1
296.59319 	2677055.6
297.39479 	2657079.5
298.19639 	2637103.6
298.998 	2617128.1
299.7996 	2597152.9
300.6012 	2577177.8
301.40281 	2557203
302.20441 	2537228.4
303.00601 	2517254
303.80762 	2497279.7
304.60922 	2477305.5
306.21242 	2437357.4
307.01403 	2417383.5
307.81563 	2397409.6
308.61723 	2377435.6
309.41884 	2357461.7
310.22044 	2337487.8
311.02204 	2317513.8
311.82365 	2297539.7
312.62525 	2277565.5
313.42685 	2257591.3
314.22846 	2237617
315.03006 	2217642.5
315.83166 	2197667.9
316.63327 	2177693.2
317.43487 	2157718.4
318.23647 	2137743.4
319.03808 	2117768.2
319.83968 	2097792.9
320.64128 	2077817.4
321.44289 	2057841.7
322.24449 	2037865.9
323.04609 	2017889.9
323.8477 	1997913.7
324.6493 	1977937.3
325.4509 	1957960.8
326.25251 	1937984
327.05411 	1918007.2
327.85571 	1898030.1
328.65731 	1878052.9
329.45892 	1858075.5
330.26052 	1838097.9
331.06212 	1818120.2
331.86373 	1798142.3
332.66533 	1778164.2
333.46693 	1758186.1
334.26854 	1738207.7
335.07014 	1718229.3
335.87174 	1698250.7
336.67335 	1678272
337.47495 	1658293.1
338.27655 	1638314.1
339.07816 	1618335.1
339.87976 	1598355.9
340.68136 	1578376.6
341.48297 	1558397.2
342.28457 	1538417.8
343.08617 	1518438.2
343.88778 	1498458.6
344.68938 	1478478.9
345.49098 	1458499.2
346.29259 	1438519.3
347.09419 	1418539.5
347.89579 	1398559.5
348.69739 	1378579.6
349.499 	1358599.5
350.3006 	1338619.5
351.1022 	1318639.4
351.90381 	1298659.3
352.70541 	1278679.2
353.50701 	1258699
354.30862 	1238718.9
355.11022 	1218738.7
355.91182 	1198758.6
356.71343 	1178778.4
357.51503 	1158798.3
358.31663 	1138818.2
359.11824 	1118838.1
359.91984 	1098858
360.72144 	1078878
361.52305 	1058898
362.32465 	1038918
363.12625 	1018938.1
363.92786 	998958.31
364.72946 	978978.54
365.53106 	958998.84
366.33267 	939019.22
367.13427 	919039.68
367.93587 	899060.24
368.73747 	879080.89
369.53908 	859101.64
370.34068 	839122.5
371.14228 	819143.48
371.94389 	799164.57
372.74549 	779185.8
373.54709 	759207.16
374.3487 	739228.65
375.1503 	719250.3
375.9519 	699272.09
376.75351 	679294.03
377.55511 	659316.13
379.15832 	619360.83
379.95992 	599383.43
381.56313 	559429.14
382.36473 	539452.26
383.16633 	519475.56
383.96794 	499499.03
384.76954 	479522.68
385.57114 	459546.5
386.37275 	439570.5
387.17435 	419594.66
387.97595 	399619
388.77756 	379643.49
389.57916 	359668.15
390.38076 	339692.96
391.18236 	319717.92
391.98397 	299743.02
392.78557 	279768.26
393.58717 	259793.62
394.38878 	239819.1
395.19038 	219844.69
395.99198 	199870.38
396.79359 	179896.16
397.59519 	159922.03
399.1984 	119973.96
400 	100486.49
