0 	9143272.7
6.4128257 	9009391.5
34.468938 	8467264.6
37.675351 	8448957.8
40.881764 	8391741.1
50.501002 	8232852.3
53.707415 	8155726.8
62.52505 	7947069.6
65.731463 	7871116.1
68.937876 	7795737.1
69.739479 	7776961.1
96.993988 	7630209.2
103.40681 	7627129.3
106.61323 	7584746.7
116.23246 	7338232.4
123.44689 	7153349.2
125.05 	7112261.8
125.8517 	7091712.4
128.25651 	7030066.1
131.46293 	6947870.7
151.50301 	6435573.2
153.90782 	6374494.9
156.31263 	6313590
159.51904 	6232654.4
166.73347 	6050865.3
169.13828 	5989962.3
175.5511 	5826141.3
176.35271 	5805545.3
187.57515 	5517086.4
190.78156 	5435061.7
200.4008 	5189829.8
201.2024 	5169420.2
202.00401 	5149012.3
202.80561 	5128605.9
203.60721 	5108200.8
204.40882 	5087796.8
205.21042 	5067393.7
206.01202 	5046991.5
206.81363 	5026590
207.61523 	5006189
208.41683 	4985788.4
209.21844 	4965388
210.02004 	4944987.6
210.82164 	4924587
211.62325 	4904186
212.42485 	4883784.5
213.22645 	4863382.2
214.02806 	4842979
214.82966 	4822574.7
215.63126 	4802169.2
216.43287 	4781762.2
217.23447 	4761353.7
218.03607 	4740943.5
219.63928 	4700117.7
220.44088 	4679701.9
221.24248 	4659284
222.04409 	4638864
222.84569 	4618441.9
223.64729 	4598017.6
224.4489 	4577591.2
225.2505 	4557162.6
226.0521 	4536731.9
227.65531 	4495864.2
228.45691 	4475427.4
229.25852 	4454988.6
230.86172 	4414105.7
231.66333 	4393661.7
232.46493 	4373216.1
234.06814 	4332320.3
234.86974 	4311870.2
235.67134 	4291418.8
236.47295 	4270966.1
237.27455 	4250512.1
238.07615 	4230056.9
238.87776 	4209600.4
239.67936 	4189142.8
240.48096 	4168684.1
241.28257 	4148224.2
242.08417 	4127763.3
242.88577 	4107301.3
243.68737 	4086838.4
244.48898 	4066374.5
245.29058 	4045909.8
246.09218 	4025444.3
246.89379 	4004978
247.69539 	3984511.2
248.49699 	3964043.7
249.2986 	3943575.8
250.1002 	3923107.5
250.9018 	3902638.9
251.70341 	3882170
252.50501 	3861701
253.30661 	3841231.9
254.10822 	3820762.8
254.90982 	3800293.7
255.71142 	3779824.8
256.51303 	3759356
257.31463 	3738887.4
258.11623 	3718419
258.91784 	3697950.9
259.71944 	3677483
260.52104 	3657015.5
261.32265 	3636548.3
262.12425 	3616081.4
262.92585 	3595614.9
263.72745 	3575148.6
264.52906 	3554682.6
265.33066 	3534216.9
266.13226 	3513751.5
266.93387 	3493286.4
267.73547 	3472821.4
268.53707 	3452356.7
269.33868 	3431892.1
270.14028 	3411427.6
270.94188 	3390963.3
271.74349 	3370499.1
272.54509 	3350035
273.34669 	3329570.9
274.1483 	3309106.9
274.9499 	3288642.9
274.95 	3288640.3
275.7515 	3268178.9
276.55311 	3247714.9
277.35471 	3227251
278.95792 	3186323.2
279.75952 	3165859.3
280.56112 	3145395.4
281.36273 	3124931.7
282.16433 	3104467.9
282.96593 	3084004.3
283.76754 	3063540.7
284.56914 	3043077.3
285.37074 	3022613.9
286.17234 	3002150.7
286.97395 	2981687.6
288.57715 	2940762
289.37876 	2920299.5
290.18036 	2899837.2
290.98196 	2879375.1
291.78357 	2858913.2
292.58517 	2838451.7
293.38677 	2817990.4
294.18838 	2797529.5
294.98998 	2777068.9
295.79158 	2756608.7
296.59319 	2736149
297.39479 	2715689.7
298.19639 	2695230.8
298.998 	2674772.5
299.7996 	2654314.6
300.6012 	2633857.4
301.40281 	2613400.7
302.20441 	2592944.7
303.00601 	2572489.2
303.80762 	2552034.4
304.60922 	2531580.3
306.21242 	2490673.9
307.01403 	2470221.7
307.81563 	2449770.2
308.61723 	2429319.3
309.41884 	2408869
310.22044 	2388419.4
311.02204 	2367970.3
311.82365 	2347522
312.62525 	2327074.2
313.42685 	2306627
314.22846 	2286180.4
315.03006 	2265734.4
315.83166 	2245289
316.63327 	2224844.1
317.43487 	2204399.9
318.23647 	2183956.2
319.03808 	2163513.2
319.83968 	2143070.7
320.64128 	2122628.8
321.44289 	2102187.5
322.24449 	2081746.8
323.04609 	2061306.6
323.8477 	2040867
324.6493 	2020428
325.4509 	1999989.5
326.25251 	1979551.5
327.05411 	1959113.9
327.85571 	1938676.8
328.65731 	1918240.1
329.45892 	1897803.8
330.26052 	1877367.8
331.06212 	1856932.1
331.86373 	1836496.6
332.66533 	1816061.4
333.46693 	1795626.2
334.26854 	1775191.1
335.07014 	1754756
335.87174 	1734320.9
336.67335 	1713885.7
337.47495 	1693450.4
338.27655 	1673014.8
339.07816 	1652579.1
339.87976 	1632143
340.68136 	1611706.7
341.48297 	1591270
342.28457 	1570832.9
343.08617 	1550395.4
343.88778 	1529957.5
344.68938 	1509519.2
345.49098 	1489080.3
346.29259 	1468641
347.09419 	1448201.3
347.89579 	1427761.1
348.69739 	1407320.4
349.499 	1386879.3
350.3006 	1366437.7
351.1022 	1345995.8
351.90381 	1325553.4
352.70541 	1305110.8
353.50701 	1284667.8
354.30862 	1264224.6
355.11022 	1243781.2
355.91182 	1223337.6
356.71343 	1202893.9
357.51503 	1182450.2
358.31663 	1162006.5
359.11824 	1141563
359.91984 	1121119.6
360.72144 	1100676.4
361.52305 	1080233.6
362.32465 	1059791.2
363.12625 	1039349.3
363.92786 	1018908
364.72946 	998467.25
365.53106 	978027.26
366.33267 	957588.06
367.13427 	937149.73
367.93587 	916712.32
368.73747 	896275.91
369.53908 	875840.54
370.34068 	855406.26
371.14228 	834973.13
371.94389 	814541.16
372.74549 	794110.39
373.54709 	773680.85
374.3487 	753252.53
375.1503 	732825.44
375.9519 	712399.58
376.75351 	691974.93
377.55511 	671551.49
379.15832 	630708.06
379.95992 	610288.02
381.56313 	569451.05
382.36473 	549034.03
383.16633 	528617.91
383.96794 	508202.65
384.76954 	487788.17
385.57114 	467374.44
386.37275 	446961.4
387.17435 	426548.98
387.97595 	406137.14
388.77756 	385725.83
389.57916 	365314.99
390.38076 	344904.59
391.18236 	324494.57
391.98397 	304084.9
392.78557 	283675.53
393.58717 	263266.44
394.38878 	242857.59
395.19038 	222448.95
395.99198 	202040.48
396.79359 	181632.18
397.59519 	161224
399.1984 	120407.93
400 	100497.06
