0 	3836477.9
0.35183948 	3828960.3
0.70367896 	3821045.4
1.0555184 	3813166
1.4073579 	3805272.3
1.7591974 	3797366.6
2.1110369 	3789462.7
2.4628764 	3781569.2
2.8147158 	3773709.6
3.1665553 	3765791.7
3.5183948 	3757885.6
3.8702343 	3749974.1
4.2220737 	3742042.5
4.9257527 	3726448.6
5.6294317 	3710624.8
5.9812711 	3702710.3
6.3331106 	3694798.5
8.092308 	3655239.4
8.795987 	3639415.1
9.1478265 	3631506.4
10.203345 	3607979.9
10.907024 	3592143.3
11.258863 	3584259.8
11.610703 	3576346.6
11.962542 	3568428.1
12.666221 	3552618.1
13.018061 	3544704.3
13.3699 	3536791.3
13.72174 	3528878.4
14.777258 	3505139.5
15.480937 	3489314.1
15.832777 	3481371.6
16.536456 	3468456.5
17.591974 	3444822.4
18.647492 	3423508.6
19.351171 	3407788.5
19.703011 	3399873.3
20.05485 	3391958.1
20.40669 	3384042.9
20.758529 	3376127.7
21.462208 	3360297.5
22.165887 	3344467.2
22.869566 	3328637
23.573245 	3312806.8
23.925085 	3304891.8
24.276924 	3296976.7
24.628764 	3289061.7
25.332442 	3273231.6
25.684282 	3265316.6
26.387961 	3249486.6
26.7398 	3241571.7
27.09164 	3233656.7
27.443479 	3225741.8
27.795319 	3217826.8
28.147158 	3209911.9
28.850837 	3194082.2
29.202677 	3186167.3
29.554516 	3178252.5
29.906356 	3170337.7
30.258195 	3162422.9
30.610035 	3154508.1
30.961874 	3146593.4
31.665553 	3130764.1
32.017393 	3122849.4
32.369232 	3114934.8
32.721072 	3107020.3
33.072911 	3099105.7
33.424751 	3091191.3
33.77659 	3083276.8
34.128429 	3075362.4
34.480269 	3067448.1
34.832108 	3059533.8
35.183948 	3051619.5
35.535787 	3043705.3
35.887627 	3035791.2
36.239466 	3027877.1
36.591306 	3019963
37.294985 	3004135.1
37.646824 	2996221.3
37.998664 	2988307.5
38.702343 	2972480
39.406022 	2956652.8
39.757861 	2948739.3
41.165219 	2917085.7
41.517059 	2909172.4
41.868898 	2901259.2
42.220737 	2893346
42.924416 	2877519.6
43.276256 	2869606.5
43.628095 	2861693.4
43.979935 	2853780.2
44.683614 	2837953.9
45.035453 	2830040.7
45.387293 	2822127.5
46.090972 	2806300.9
46.442811 	2798387.6
47.14649 	2782560.6
47.49833 	2774647
48.202009 	2758819.5
48.553848 	2750905.6
49.257527 	2735077.3
49.609367 	2727163
49.961206 	2719248.6
50.313045 	2711334
50.664885 	2703419.2
51.016724 	2695504.3
51.720403 	2679674
52.072243 	2671758.7
52.424082 	2663843.1
52.775922 	2655927.5
53.127761 	2648011.6
54.18328 	2624263.4
54.535119 	2616347.1
54.886959 	2608430.6
55.238798 	2600514.1
55.590638 	2592597.5
55.942477 	2584680.9
56.997996 	2560930.6
57.349835 	2553013.8
57.701675 	2545097.1
58.053514 	2537180.3
58.405354 	2529263.6
58.757193 	2521346.9
59.109032 	2513430.2
59.460872 	2505513.7
60.164551 	2489680.8
60.51639 	2481764.6
60.86823 	2473848.4
61.220069 	2465932.4
61.571909 	2458016.5
61.923748 	2450100.7
62.275588 	2442185.1
62.627427 	2434269.6
62.979267 	2426354.3
63.331106 	2418439.1
63.682946 	2410524
64.034785 	2402609.2
64.386625 	2394694.4
64.738464 	2386779.8
65.442143 	2370951.1
65.793983 	2363036.8
66.497662 	2347208
67.55318 	2323453.8
68.256859 	2318539.6
68.608698 	2318496.4
69.312377 	2318454.9
70.016056 	2318426
70.367896 	2318408.4
70.719735 	2318387.7
71.071575 	2318367.3
71.423414 	2318346.4
72.830772 	2318241.7
73.182612 	2318210.6
73.534451 	2318179.3
73.886291 	2318148
74.941809 	2318053.4
75.293648 	2318022.8
75.645488 	2317990.9
75.997327 	2317959.7
77.052846 	2317819.7
77.404685 	2317614.1
77.756525 	2313741
78.460204 	2298266.4
78.812043 	2290300.9
79.163883 	2282334.5
80.219401 	2258435.4
81.27492 	2234536.5
81.626759 	2226570.2
81.978599 	2218603.9
82.330438 	2210637.6
82.682278 	2202671.4
83.034117 	2194705.1
83.385957 	2186738.9
83.737796 	2178772.6
84.089635 	2170806.5
84.441475 	2162840.3
85.496993 	2138942.2
86.552512 	2115044.6
86.904351 	2107078.9
89.015388 	2059286.5
89.367228 	2051321.4
90.070907 	2035391.4
90.422746 	2027426.5
90.774586 	2019461.6
91.126425 	2011496.8
91.478265 	2003532
91.830104 	1995567.3
92.533783 	1979638
93.237462 	1963708.8
93.589301 	1955744.3
93.941141 	1947779.7
94.29298 	1939815.1
96.052178 	1899992.3
96.404017 	1892027.6
96.755857 	1884063
97.459536 	1868133.5
97.811375 	1860168.8
98.163215 	1852203.9
98.515054 	1844239
99.922412 	1812378.9
100.27425 	1804413.6
100.62609 	1796448.4
101.32977 	1780517.6
102.03345 	1764586.6
102.38529 	1756621
103.79265 	1724757.9
104.14449 	1716791.9
104.49633 	1708826
105.2 	1692893.9
105.90368 	1676961.7
106.25552 	1668995.5
106.60736 	1661029.4
108.01472 	1629164.7
108.36656 	1621198.5
108.7184 	1613232.4
109.07024 	1605266.3
109.77392 	1589334.2
110.12576 	1581368.2
110.82944 	1565436.3
111.18128 	1557470.5
111.53311 	1549504.7
111.88495 	1541539
112.58863 	1525607.8
112.94047 	1517642.3
113.29231 	1509676.8
113.64415 	1501711.5
113.99599 	1493746.2
114.34783 	1485781
114.69967 	1477815.9
115.05151 	1469850.8
115.40335 	1461885.8
115.75519 	1453920.9
116.45887 	1437991.4
116.81071 	1430026.7
117.16255 	1422062.1
117.51439 	1414097.6
118.21806 	1398168.7
118.5699 	1390204.3
118.92174 	1382240
119.27358 	1374275.8
119.62542 	1366311.6
119.97726 	1358347.4
120.3291 	1350383.3
120.68094 	1342419.3
121.03278 	1334455.3
121.38462 	1326491.3
121.73646 	1318527.3
122.0883 	1310563.4
122.79198 	1294635.6
123.14382 	1286671.8
123.49566 	1278707.9
123.8475 	1270744.1
124.19934 	1262780.3
124.55118 	1254816.5
124.90302 	1246852.7
125.25485 	1238888.9
125.60669 	1230925.1
126.66221 	1207033.7
127.01405 	1199069.9
127.36589 	1191106.2
127.71773 	1183142.4
128.06957 	1175178.5
128.42141 	1167214.7
128.77325 	1159250.9
129.12509 	1151287.1
129.47693 	1143323.3
130.18061 	1127395.6
130.53245 	1119431.7
130.88429 	1111467.8
131.23613 	1103504
132.29164 	1079612.3
132.64348 	1071648.4
132.99532 	1063684.4
133.699 	1047756.6
134.05084 	1039792.6
134.40268 	1031828.7
134.75452 	1023864.7
135.4582 	1007936.8
135.81004 	999972.81
136.16188 	992008.83
136.51372 	984044.85
136.86556 	976080.87
137.56924 	960152.91
137.92108 	952188.92
138.27292 	944224.93
138.97659 	928296.96
139.68027 	912368.99
140.03211 	904405.01
140.38395 	896441.03
140.73579 	888477.05
141.08763 	880513.07
141.43947 	872549.1
141.79131 	864585.13
142.14315 	856621.16
142.49499 	848657.19
142.84683 	840693.23
144.25419 	808837.41
145.3097 	784945.58
145.66154 	776981.64
146.01338 	769017.7
146.36522 	761053.77
146.71706 	753089.83
147.0689 	745125.9
147.42074 	737161.96
148.12442 	721234.09
148.8281 	705306.22
149.17994 	697342.28
149.88362 	681414.38
150.23546 	673450.43
150.5873 	665486.47
151.29098 	649558.54
151.99465 	633630.57
152.69833 	617702.57
153.05017 	609738.55
153.40201 	601774.52
153.75385 	593810.48
154.45753 	577882.36
154.80937 	569918.27
155.16121 	561954.17
155.51305 	553990.05
155.86489 	546025.92
156.21673 	538061.77
156.56857 	530097.6
157.62409 	506204.97
157.97593 	498240.72
158.32777 	490276.44
158.67961 	482312.14
159.03144 	474347.82
159.38328 	466383.48
159.73512 	458419.11
160.08696 	450454.72
160.4388 	442490.3
160.79064 	434525.86
161.14248 	426561.39
161.49432 	418596.89
161.84616 	410632.37
162.90168 	386738.66
163.25352 	378774.03
163.9572 	362844.71
164.30904 	354880
164.66088 	346915.28
165.01272 	338950.52
165.71639 	323020.94
166.06823 	315056.12
167.12375 	291161.5
167.47559 	283196.59
167.82743 	275231.65
168.17927 	267266.7
168.53111 	259301.73
169.23479 	243371.72
169.58663 	235406.7
169.93847 	227441.66
170.64215 	211511.54
170.99399 	203546.46
171.34583 	195581.37
171.69767 	187616.28
172.04951 	179651.17
172.40134 	171686.06
172.75318 	163720.95
173.10502 	155755.83
174.16054 	131860.46
174.51238 	123895.34
174.86422 	115930.22
