0 	3836484.3
0.35183948 	3829090.8
0.70367896 	3821315.4
1.0555184 	3813540.1
1.4073579 	3805764.7
1.7591974 	3797989.3
2.1110369 	3790213.9
2.4628764 	3782449.6
2.8147158 	3774792.7
3.1665553 	3767138.8
3.5183948 	3759389.7
3.8702343 	3751673.4
4.2220737 	3743896.9
4.9257527 	3728279.3
5.6294317 	3713839.6
5.9812711 	3706009.3
6.3331106 	3701379.4
8.092308 	3664393.3
8.795987 	3648911.3
9.1478265 	3641134.4
10.203345 	3617803.6
10.907024 	3602249.4
11.258863 	3594463.5
11.610703 	3586654.8
11.962542 	3579965.3
12.666221 	3577872.2
13.018061 	3577830.4
13.3699 	3577792.5
13.72174 	3577754
14.777258 	3577635.5
15.480937 	3577558.9
15.832777 	3577520
16.536456 	3577447.4
17.591974 	3577340.2
18.647492 	3572678.3
19.351171 	3557390.9
19.703011 	3549602.8
20.05485 	3541814
20.40669 	3534025.2
20.758529 	3526236.2
21.462208 	3510658.3
22.165887 	3495080.2
22.869566 	3479502.2
23.573245 	3463924.2
23.925085 	3456135.3
24.276924 	3448346.4
24.628764 	3440557.4
25.332442 	3424979.7
25.684282 	3417190.9
26.387961 	3401613.4
26.7398 	3393824.6
27.09164 	3386035.9
27.443479 	3378247.2
27.795319 	3370458.6
28.147158 	3362669.9
28.850837 	3347092.7
29.202677 	3339304.1
29.554516 	3331515.5
29.906356 	3323726.9
30.258195 	3315938.4
30.610035 	3308149.8
30.961874 	3300361.2
31.665553 	3284784.1
32.017393 	3276995.5
32.369232 	3269206.9
32.721072 	3261418.4
33.072911 	3253629.8
33.424751 	3245841.2
33.77659 	3238052.6
34.128429 	3230264
34.480269 	3222475.4
34.832108 	3214686.8
35.183948 	3206898.2
35.535787 	3199109.6
35.887627 	3191321
36.239466 	3183532.4
36.591306 	3175743.7
37.294985 	3160166.5
37.646824 	3152377.9
37.998664 	3144589.3
38.702343 	3129012
39.406022 	3113434.8
39.757861 	3105646.2
41.165219 	3074491.8
41.517059 	3066703.3
41.868898 	3058914.7
42.220737 	3051126.1
42.924416 	3035549.1
43.276256 	3027760.6
43.628095 	3019972
43.979935 	3012183.6
44.683614 	2996606.6
45.035453 	2988818.1
45.387293 	2981029.7
46.090972 	2965452.8
46.442811 	2957664.4
47.14649 	2942087.7
47.49833 	2934299.3
48.202009 	2918722.6
48.553848 	2910934.3
49.257527 	2895357.6
49.609367 	2887569.3
49.961206 	2879781
50.313045 	2871992.8
50.664885 	2864204.5
51.016724 	2856416.3
51.720403 	2840839.8
52.072243 	2833051.6
52.424082 	2825263.4
52.775922 	2817475.2
53.127761 	2809687
54.18328 	2786322.5
54.535119 	2778534.3
54.886959 	2770746.2
55.238798 	2762958.1
55.590638 	2755169.9
55.942477 	2747381.8
56.997996 	2724017.5
57.349835 	2716229.4
57.701675 	2708441.4
58.053514 	2700653.3
58.405354 	2692865.2
58.757193 	2685077.1
59.109032 	2677289.1
59.460872 	2669501
60.164551 	2653925
60.51639 	2646136.9
60.86823 	2638348.9
61.220069 	2630560.9
61.571909 	2622772.9
61.923748 	2614984.9
62.275588 	2607196.9
62.627427 	2599408.9
62.979267 	2591620.9
63.331106 	2583833
63.682946 	2576045
64.034785 	2568257
64.386625 	2560469.1
64.738464 	2552681.1
65.442143 	2537105.3
65.793983 	2529317.3
66.497662 	2513741.5
67.55318 	2490377.9
68.256859 	2474802.1
68.608698 	2467014.3
69.312377 	2451438.6
70.016056 	2435863
70.367896 	2428075.2
70.719735 	2420287.4
71.071575 	2412499.6
71.423414 	2404711.8
72.830772 	2373560.9
73.182612 	2365773.2
73.534451 	2357985.5
73.886291 	2350197.8
74.941809 	2326834.8
75.293648 	2319047.2
75.645488 	2311259.6
75.997327 	2303471.9
77.052846 	2280109.2
77.404685 	2272321.7
77.756525 	2264534.1
78.460204 	2248959.1
78.812043 	2241171.6
79.163883 	2233384.1
80.219401 	2210021.7
81.27492 	2186659.5
81.626759 	2178872.1
81.978599 	2171084.7
82.330438 	2163297.4
82.682278 	2155510
83.034117 	2147722.7
83.385957 	2139935.4
83.737796 	2132148.1
84.089635 	2124360.8
84.441475 	2116573.5
85.496993 	2093211.8
86.552512 	2069850.2
86.904351 	2062063
89.015388 	2015340.2
89.367228 	2007553.1
90.070907 	1991979
90.422746 	1984191.9
90.774586 	1976404.9
91.126425 	1968617.8
91.478265 	1960830.8
91.830104 	1953043.8
92.533783 	1937469.8
93.237462 	1921895.9
93.589301 	1914108.9
93.941141 	1906322
94.29298 	1898535.1
96.052178 	1859600.6
96.404017 	1851813.7
96.755857 	1844026.8
97.459536 	1828453.2
97.811375 	1820666.3
98.163215 	1812879.5
98.515054 	1805092.7
99.922412 	1773945.5
100.27425 	1766158.8
100.62609 	1758372
101.32977 	1742798.5
102.03345 	1727225.1
102.38529 	1719438.3
103.79265 	1688291.6
104.14449 	1680504.9
104.49633 	1672718.2
105.2 	1657144.9
105.90368 	1641571.6
106.25552 	1633785
106.60736 	1625998.4
108.01472 	1594852
108.36656 	1587065.4
108.7184 	1579278.8
109.07024 	1571492.3
109.77392 	1555919.2
110.12576 	1548132.6
110.82944 	1532559.6
111.18128 	1524773
111.53311 	1516986.5
111.88495 	1509200
112.58863 	1493627
112.94047 	1485840.6
113.29231 	1478054.1
113.64415 	1470267.6
113.99599 	1462481.2
114.34783 	1454694.7
114.69967 	1446908.3
115.05151 	1439121.8
115.40335 	1431335.4
115.75519 	1423549
116.45887 	1407976.2
116.81071 	1400189.8
117.16255 	1392403.4
117.51439 	1384617
118.21806 	1369044.3
118.5699 	1361257.9
118.92174 	1353471.6
119.27358 	1345685.2
119.62542 	1337898.9
119.97726 	1330112.6
120.3291 	1322326.2
120.68094 	1314539.9
121.03278 	1306753.6
121.38462 	1298967.3
121.73646 	1291181
122.0883 	1283394.8
122.79198 	1267822.2
123.14382 	1260036
123.49566 	1252249.7
123.8475 	1244463.5
124.19934 	1236677.3
124.55118 	1228891
124.90302 	1221104.8
125.25485 	1213318.6
125.60669 	1205532.4
126.66221 	1182173.8
127.01405 	1174387.7
127.36589 	1166601.5
127.71773 	1158815.4
128.06957 	1151029.2
128.42141 	1143243.1
128.77325 	1135456.9
129.12509 	1127670.8
129.47693 	1119884.7
130.18061 	1104312.5
130.53245 	1096526.4
130.88429 	1088740.3
131.23613 	1080954.2
132.29164 	1057596
132.64348 	1049810
132.99532 	1042023.9
133.699 	1026451.9
134.05084 	1018665.8
134.40268 	1010879.8
134.75452 	1003093.8
135.4582 	987521.83
135.81004 	979735.84
136.16188 	971949.86
136.51372 	964163.89
136.86556 	956377.93
137.56924 	940806.02
137.92108 	933020.07
138.27292 	925234.13
138.97659 	909662.27
139.68027 	894090.44
140.03211 	886304.54
140.38395 	878518.64
140.73579 	870732.74
141.08763 	862946.86
141.43947 	855160.98
141.79131 	847375.1
142.14315 	839589.23
142.49499 	831803.37
142.84683 	824017.51
144.25419 	792874.14
145.3097 	769516.67
145.66154 	761730.86
146.01338 	753945.06
146.36522 	746159.26
146.71706 	738373.46
147.0689 	730587.67
147.42074 	722801.89
148.12442 	707230.33
148.8281 	691658.8
149.17994 	683873.04
149.88362 	668301.54
150.23546 	660515.8
150.5873 	652730.06
151.29098 	637158.59
151.99465 	621587.15
152.69833 	606015.72
153.05017 	598230.01
153.40201 	590444.31
153.75385 	582658.62
154.45753 	567087.24
154.80937 	559301.55
155.16121 	551515.87
155.51305 	543730.2
155.86489 	535944.53
156.21673 	528158.86
156.56857 	520373.2
157.62409 	497016.25
157.97593 	489230.6
158.32777 	481444.96
158.67961 	473659.33
159.03144 	465873.7
159.38328 	458088.08
159.73512 	450302.46
160.08696 	442516.84
160.4388 	434731.23
160.79064 	426945.62
161.14248 	419160.02
161.49432 	411374.42
161.84616 	403588.83
162.90168 	380232.08
163.25352 	372446.5
163.9572 	356875.37
164.30904 	349089.81
164.66088 	341304.26
165.01272 	333518.71
165.71639 	317947.63
166.06823 	310162.1
167.12375 	286805.53
167.47559 	279020.02
167.82743 	271234.51
168.17927 	263449.01
168.53111 	255663.52
169.23479 	240092.55
169.58663 	232307.07
169.93847 	224521.6
170.64215 	208950.68
170.99399 	201165.23
171.34583 	193379.79
171.69767 	185594.35
172.04951 	177808.92
172.40134 	170023.49
172.75318 	162238.08
173.10502 	154452.67
174.16054 	131096.48
174.51238 	123311.09
174.86422 	115525.67
