0 	7098213.1
6.4128257 	7053820.3
34.468938 	6380874.4
37.675351 	6300985.9
40.881764 	6228655.8
50.501002 	6031386.4
53.707415 	6005663.3
62.52505 	5939527.2
65.731463 	5865888.2
68.937876 	5796651.1
69.739479 	5779233.3
96.993988 	5354231.6
103.40681 	5168047.8
106.61323 	5100627.9
116.23246 	4910398.2
123.44689 	4850808.7
125.05 	4841405.2
125.8517 	4837606.4
128.25651 	4807795.7
131.46293 	4774623.6
151.50301 	4491655.9
153.90782 	4426700.1
156.31263 	4363500.1
159.51904 	4283215.4
166.73347 	4102472.5
169.13828 	4048923
175.5511 	3972259.6
176.35271 	3960614
187.57515 	3676913.6
190.78156 	3596862.6
200.4008 	3325217.2
201.2024 	3301505.9
202.00401 	3278683.1
202.80561 	3256363.3
203.60721 	3233343.6
204.40882 	3210737.5
205.21042 	3189309.7
206.01202 	3167138.9
206.81363 	3144063.8
207.61523 	3124404.4
208.41683 	3112394.6
209.21844 	3106899.4
210.02004 	3104728.5
210.82164 	3103995.4
211.62325 	3103786.9
212.42485 	3103768.5
213.22645 	3103827.3
214.02806 	3103934
214.82966 	3104001.7
215.63126 	3103967.3
216.43287 	3103797.8
217.23447 	3103520.2
218.03607 	3103221
219.63928 	3102698
220.44088 	3102530.8
221.24248 	3102404
222.04409 	3102297.6
222.84569 	3102185.9
223.64729 	3102074.4
224.4489 	3101994.7
225.2505 	3101938
226.0521 	3101909.7
227.65531 	3101857.3
228.45691 	3101771.5
229.25852 	3101665.7
230.86172 	3101343
231.66333 	3101144.4
232.46493 	3100958.9
234.06814 	3100676
234.86974 	3100586.4
235.67134 	3100544
236.47295 	3100526
237.27455 	3100471
238.07615 	3100348.9
238.87776 	3100235.8
239.67936 	3101059.6
240.48096 	3104134.5
241.28257 	3107235.7
242.08417 	3108202.5
242.88577 	3108155
243.68737 	3107953.1
244.48898 	3107879.2
245.29058 	3107971.8
246.09218 	3108145.2
246.89379 	3108315.5
247.69539 	3108448
248.49699 	3108530.7
249.2986 	3108594.1
250.1002 	3108672.7
250.9018 	3108808
251.70341 	3109038.8
252.50501 	3109348.8
253.30661 	3109708.2
254.10822 	3110135.8
254.90982 	3110629.4
255.71142 	3111178.6
256.51303 	3111777.8
257.31463 	3112381
258.11623 	3112941.8
258.91784 	3113459.6
259.71944 	3113969.8
260.52104 	3114450.5
261.32265 	3114912.3
262.12425 	3115319.4
262.92585 	3115649.6
263.72745 	3115894.4
264.52906 	3116019.6
265.33066 	3115943.6
266.13226 	3115521.6
266.93387 	3114650.9
267.73547 	3113397.9
268.53707 	3111996.4
269.33868 	3110743
270.14028 	3109804.7
270.94188 	3109178.1
271.74349 	3108775.1
272.54509 	3108491.1
273.34669 	3108242.5
274.1483 	3108000.8
274.9499 	3107745.2
274.95 	3107745.2
275.7515 	3107447.5
276.55311 	3107085.8
277.35471 	3106657.5
278.95792 	3105708.6
279.75952 	3105240.2
280.56112 	3104820.2
281.36273 	3104415.5
282.16433 	3103968.4
282.96593 	3103485.2
283.76754 	3102985.9
284.56914 	3102473.5
285.37074 	3101963.7
286.17234 	3101462.8
286.97395 	3100958.5
288.57715 	3099972.1
289.37876 	3099507.7
290.18036 	3099034.4
290.98196 	3098508.2
291.78357 	3097902.6
292.58517 	3097209.4
293.38677 	3096518.5
294.18838 	3095950.9
294.98998 	3095490.8
295.79158 	3095102.5
296.59319 	3094790.4
297.39479 	3094486.1
298.19639 	3094250.5
298.998 	3094098.7
299.7996 	3093934.3
300.6012 	3093821.2
301.40281 	3093759.3
302.20441 	3093762.4
303.00601 	3093807.4
303.80762 	3093891
304.60922 	3094039.2
306.21242 	3094441.8
307.01403 	3094705.9
307.81563 	3094972.3
308.61723 	3095178.2
309.41884 	3095377.6
310.22044 	3095605.5
311.02204 	3095807
311.82365 	3095923.9
312.62525 	3095990.9
313.42685 	3096065.3
314.22846 	3096138
315.03006 	3096217.2
315.83166 	3096275.2
316.63327 	3096316.3
317.43487 	3096343
318.23647 	3096330.7
319.03808 	3096252.9
319.83968 	3096128
320.64128 	3095992.3
321.44289 	3095869.8
322.24449 	3095747.6
323.04609 	3095587.5
323.8477 	3095416.4
324.6493 	3095158.1
325.4509 	3094843
326.25251 	3094582.7
327.05411 	3094391
327.85571 	3094223
328.65731 	3094015.2
329.45892 	3093746.9
330.26052 	3093395
331.06212 	3092697.3
331.86373 	3091201.3
332.66533 	3087924.9
333.46693 	3081733.9
334.26854 	3071489.8
335.07014 	3053140.7
335.87174 	3023646.4
336.67335 	2987985.4
337.47495 	2951139.4
338.27655 	2914395.1
339.07816 	2877724.8
339.87976 	2841090.8
340.68136 	2804492
341.48297 	2767914.2
342.28457 	2731338.3
343.08617 	2694754.6
343.88778 	2658161.5
344.68938 	2621557.4
345.49098 	2584933.8
346.29259 	2548284.9
347.09419 	2511620.3
347.89579 	2474953.5
348.69739 	2438290
349.499 	2401631.3
350.3006 	2364980.7
351.1022 	2328344.2
351.90381 	2291727.3
352.70541 	2255132.8
353.50701 	2218560.6
354.30862 	2182009.2
355.11022 	2145477.6
355.91182 	2108965.6
356.71343 	2072472.4
357.51503 	2035994.9
358.31663 	1999527.7
359.11824 	1963064.7
359.91984 	1926600.8
360.72144 	1890133.2
361.52305 	1853661.6
362.32465 	1817187.6
363.12625 	1780713.7
363.92786 	1744243.2
364.72946 	1707779.2
365.53106 	1671323.7
366.33267 	1634876
367.13427 	1598432.3
367.93587 	1561986.4
368.73747 	1525530.5
369.53908 	1489057.3
370.34068 	1452561.5
371.14228 	1416040.4
371.94389 	1379494.8
372.74549 	1342928.5
373.54709 	1306346.9
374.3487 	1269756.5
375.1503 	1233163.1
375.9519 	1196572.4
376.75351 	1159988.6
377.55511 	1123415.2
379.15832 	1050307.8
379.95992 	1013775
381.56313 	940745.02
382.36473 	904242.29
383.16633 	867742.91
383.96794 	831243.28
384.76954 	794740.5
385.57114 	758232.81
386.37275 	721719.74
387.17435 	685201.98
387.97595 	648680.97
388.77756 	612158.36
389.57916 	575635.37
390.38076 	539112.25
391.18236 	502587.88
391.98397 	466059.69
392.78557 	429523.97
393.58717 	392976.48
394.38878 	356413.3
395.19038 	319831.62
395.99198 	283230.28
396.79359 	246609.97
397.59519 	209972.99
399.1984 	136663.73
400 	100893.04
