0 	3836478.5
0.35183948 	3828970.4
0.70367896 	3821079.1
1.0555184 	3813220.6
1.4073579 	3805321
1.7591974 	3797427.2
2.1110369 	3789545.7
2.4628764 	3781642.3
2.8147158 	3773805.6
3.1665553 	3765900.4
3.5183948 	3758006.8
3.8702343 	3750099.3
4.2220737 	3742337
4.9257527 	3726612.2
5.6294317 	3710809.7
5.9812711 	3702915.6
6.3331106 	3695013.8
8.092308 	3655516.2
8.795987 	3639716.6
9.1478265 	3631792.4
10.203345 	3608289.4
10.907024 	3592511.8
11.258863 	3584634.8
11.610703 	3576731.6
11.962542 	3568843.6
12.666221 	3553049.2
13.018061 	3545157.9
13.3699 	3537260.8
13.72174 	3529362
14.777258 	3505689.6
15.480937 	3492824.9
15.832777 	3484936
16.536456 	3469139.5
17.591974 	3447999.6
18.647492 	3424318.6
19.351171 	3408533.1
19.703011 	3400640.4
20.05485 	3392747.7
20.40669 	3384855
20.758529 	3376962.3
21.462208 	3361176.9
22.165887 	3345391.6
22.869566 	3329606.4
23.573245 	3313821.3
23.925085 	3305928.9
24.276924 	3298036.4
24.628764 	3290144
25.332442 	3274359.4
25.684282 	3266467.1
26.387961 	3250682.7
26.7398 	3242790.6
27.09164 	3234898.5
27.443479 	3227006.5
27.795319 	3219114.5
28.147158 	3211222.6
28.850837 	3195438.9
29.202677 	3187547.1
29.554516 	3179655.4
29.906356 	3171763.7
30.258195 	3163872
30.610035 	3155980.4
30.961874 	3148088.9
31.665553 	3132306
32.017393 	3124414.6
32.369232 	3116523.2
32.721072 	3108631.9
33.072911 	3100740.6
33.424751 	3092849.3
33.77659 	3084958.1
34.128429 	3077067
34.480269 	3069175.9
34.832108 	3061284.8
35.183948 	3053393.7
35.535787 	3045502.7
35.887627 	3037611.7
36.239466 	3029720.8
36.591306 	3021829.8
37.294985 	3006048.1
37.646824 	2998157.2
37.998664 	2990266.4
38.702343 	2974484.8
39.406022 	2958703.3
39.757861 	2950812.5
41.165219 	2919249.7
41.517059 	2911359
41.868898 	2903468.3
42.220737 	2895577.6
42.924416 	2879796.3
43.276256 	2871905.5
43.628095 	2864014.8
43.979935 	2856124.1
44.683614 	2840342.6
45.035453 	2832451.8
45.387293 	2824560.9
46.090972 	2808779.2
46.442811 	2800888.3
47.14649 	2785106.3
47.49833 	2777215.3
48.202009 	2761433
48.553848 	2753541.8
49.257527 	2737759.2
49.609367 	2729867.8
49.961206 	2721976.3
50.313045 	2714084.7
50.664885 	2706193
51.016724 	2698301.2
51.720403 	2682517.3
52.072243 	2674625.2
52.424082 	2666732.9
52.775922 	2658840.4
53.127761 	2650947.8
54.18328 	2627268.9
54.535119 	2619375.5
54.886959 	2611482
55.238798 	2603588.2
55.590638 	2595694.2
55.942477 	2587800
56.997996 	2564116.6
57.349835 	2556222
57.701675 	2548327.4
58.053514 	2540433
58.405354 	2532538.8
58.757193 	2524645
59.109032 	2516751.7
59.460872 	2508859.2
60.164551 	2493077.5
60.51639 	2485188.9
60.86823 	2477302.4
61.220069 	2469418
61.571909 	2461528.6
61.923748 	2453578.3
62.275588 	2445856.5
62.627427 	2441905.4
62.979267 	2441525.9
63.331106 	2441490.6
63.682946 	2441464.9
64.034785 	2441437.2
64.386625 	2441410.2
64.738464 	2441383.7
65.442143 	2441330
65.793983 	2441303.7
66.497662 	2441246.8
67.55318 	2441164
68.256859 	2441104.7
68.608698 	2441075.6
69.312377 	2441014.5
70.016056 	2440957.1
70.367896 	2440925.4
70.719735 	2440886.9
71.071575 	2440833.6
71.423414 	2440803.1
72.830772 	2417636.4
73.182612 	2409698.3
73.534451 	2401760.5
73.886291 	2393823.2
74.941809 	2370013
75.293648 	2362076.6
75.645488 	2354140.2
75.997327 	2346203.8
77.052846 	2322394.6
77.404685 	2314458.1
77.756525 	2306521.6
78.460204 	2290648.6
78.812043 	2282712
79.163883 	2274775.4
80.219401 	2250965.6
81.27492 	2227155.8
81.626759 	2219219.1
81.978599 	2211282.5
82.330438 	2203345.8
82.682278 	2195409.1
83.034117 	2187472.4
83.385957 	2179535.6
83.737796 	2171598.9
84.089635 	2163662.1
84.441475 	2155725.3
85.496993 	2131914.6
86.552512 	2108103.5
86.904351 	2100166.4
89.015388 	2052542.5
89.367228 	2044605
90.070907 	2028729.8
90.422746 	2020792.2
90.774586 	2012854.5
91.126425 	2004916.7
91.478265 	1996978.9
91.830104 	1989041
92.533783 	1973165.1
93.237462 	1957289.1
93.589301 	1949351
93.941141 	1941412.8
94.29298 	1933474.6
96.052178 	1893783.1
96.404017 	1885844.7
96.755857 	1877906.3
97.459536 	1862029.3
97.811375 	1854090.8
98.163215 	1846152.3
98.515054 	1838213.7
99.922412 	1806459.3
100.27425 	1798520.7
100.62609 	1790582.1
101.32977 	1774704.8
102.03345 	1758827.5
102.38529 	1750888.8
103.79265 	1719134.1
104.14449 	1711195.5
104.49633 	1703256.8
105.2 	1687379.6
105.90368 	1671502.3
106.25552 	1663563.7
106.60736 	1655625.1
108.01472 	1623870.9
108.36656 	1615932.4
108.7184 	1607993.9
109.07024 	1600055.4
109.77392 	1584178.4
110.12576 	1576240
110.82944 	1560363.1
111.18128 	1552424.7
111.53311 	1544486.3
111.88495 	1536547.9
112.58863 	1520671.2
112.94047 	1512732.9
113.29231 	1504794.6
113.64415 	1496856.3
113.99599 	1488918
114.34783 	1480979.7
114.69967 	1473041.5
115.05151 	1465103.2
115.40335 	1457165
115.75519 	1449226.8
116.45887 	1433350.5
116.81071 	1425412.3
117.16255 	1417474.2
117.51439 	1409536.1
118.21806 	1393659.9
118.5699 	1385721.9
118.92174 	1377783.9
119.27358 	1369845.8
119.62542 	1361907.9
119.97726 	1353969.9
120.3291 	1346031.9
120.68094 	1338094
121.03278 	1330156.1
121.38462 	1322218.2
121.73646 	1314280.3
122.0883 	1306342.5
122.79198 	1290466.9
123.14382 	1282529.1
123.49566 	1274591.4
123.8475 	1266653.7
124.19934 	1258716
124.55118 	1250778.3
124.90302 	1242840.6
125.25485 	1234903
125.60669 	1226965.4
126.66221 	1203152.8
127.01405 	1195215.3
127.36589 	1187277.9
127.71773 	1179340.4
128.06957 	1171403
128.42141 	1163465.7
128.77325 	1155528.3
129.12509 	1147591
129.47693 	1139653.7
130.18061 	1123779.2
130.53245 	1115842
130.88429 	1107904.8
131.23613 	1099967.6
132.29164 	1076156.3
132.64348 	1068219.3
132.99532 	1060282.3
133.699 	1044408.3
134.05084 	1036471.3
134.40268 	1028534.4
134.75452 	1020597.5
135.4582 	1004723.8
135.81004 	996786.97
136.16188 	988850.16
136.51372 	980913.38
136.86556 	972976.61
137.56924 	957103.15
137.92108 	949166.45
138.27292 	941229.77
138.97659 	925356.46
139.68027 	909483.23
140.03211 	901546.64
140.38395 	893610.06
140.73579 	885673.5
141.08763 	877736.96
141.43947 	869800.43
141.79131 	861863.91
142.14315 	853927.41
142.49499 	845990.92
142.84683 	838054.44
144.25419 	806308.66
145.3097 	782499.44
145.66154 	774563.05
146.01338 	766626.67
146.36522 	758690.3
146.71706 	750753.94
147.0689 	742817.59
147.42074 	734881.24
148.12442 	719008.58
148.8281 	703135.94
149.17994 	695199.63
149.88362 	679327.04
150.23546 	671390.75
150.5873 	663454.47
151.29098 	647581.93
151.99465 	631709.41
152.69833 	615836.92
153.05017 	607900.68
153.40201 	599964.45
153.75385 	592028.23
154.45753 	576155.8
154.80937 	568219.6
155.16121 	560283.4
155.51305 	552347.22
155.86489 	544411.03
156.21673 	536474.86
156.56857 	528538.69
157.62409 	504730.24
157.97593 	496794.1
158.32777 	488857.97
158.67961 	480921.85
159.03144 	472985.74
159.38328 	465049.64
159.73512 	457113.55
160.08696 	449177.47
160.4388 	441241.39
160.79064 	433305.33
161.14248 	425369.27
161.49432 	417433.22
161.84616 	409497.19
162.90168 	385689.14
163.25352 	377753.14
163.9572 	361881.18
164.30904 	353945.22
164.66088 	346009.27
165.01272 	338073.32
165.71639 	322201.47
166.06823 	314265.56
167.12375 	290457.9
167.47559 	282522.03
167.82743 	274586.17
168.17927 	266650.33
168.53111 	258714.5
169.23479 	242842.86
169.58663 	234907.06
169.93847 	226971.27
170.64215 	211099.71
170.99399 	203163.95
171.34583 	195228.2
171.69767 	187292.46
172.04951 	179356.73
172.40134 	171421.01
172.75318 	163485.29
173.10502 	155549.59
174.16054 	131742.53
174.51238 	123806.87
174.86422 	115871.21
