0 	8257737.5
6.4128257 	8130237
34.468938 	7754358.7
37.675351 	7674515.3
40.881764 	7594630.2
50.501002 	7354618
53.707415 	7274534.4
62.52505 	7101701.7
65.731463 	7060950.7
68.937876 	6986062.2
69.739479 	6971461
96.993988 	6543851.7
103.40681 	6417748.8
106.61323 	6351561.7
116.23246 	6150932.3
123.44689 	5981358.5
125.05 	5952546.4
125.8517 	5939971.1
128.25651 	5907213.5
131.46293 	5831261.6
151.50301 	5483355
153.90782 	5481985.2
156.31263 	5481160.8
159.51904 	5480525
166.73347 	5479679.2
169.13828 	5478627.1
175.5511 	5476281.8
176.35271 	5475934.5
187.57515 	5473840.3
190.78156 	5473782.7
200.4008 	5474179.4
201.2024 	5474036
202.00401 	5473852.1
202.80561 	5473565.5
203.60721 	5473035.8
204.40882 	5472461.2
205.21042 	5471597
206.01202 	5469733.8
206.81363 	5465537.3
207.61523 	5457181.3
208.41683 	5442312.8
209.21844 	5422386.7
210.02004 	5400277.9
210.82164 	5377876.9
211.62325 	5355467.8
212.42485 	5333067
213.22645 	5310704.2
214.02806 	5288373.8
214.82966 	5266055
215.63126 	5243734.7
216.43287 	5221408.6
217.23447 	5199077.1
218.03607 	5176742.1
219.63928 	5132069.8
220.44088 	5109734.1
221.24248 	5087399.2
222.04409 	5065065.4
222.84569 	5042733.1
223.64729 	5020402.6
224.4489 	4998073.3
225.2505 	4975744.6
226.0521 	4953415.7
227.65531 	4908754.7
228.45691 	4886422
229.25852 	4864088
230.86172 	4819417.2
231.66333 	4797081.5
232.46493 	4774746.3
234.06814 	4730078.1
234.86974 	4707745
235.67134 	4685412.1
236.47295 	4663078.9
237.27455 	4640745.3
238.07615 	4618410.9
238.87776 	4596075.5
239.67936 	4573739.1
240.48096 	4551401.5
241.28257 	4529062.6
242.08417 	4506722.5
242.88577 	4484381.4
243.68737 	4462039.7
244.48898 	4439697.7
245.29058 	4417355.9
246.09218 	4395014.6
246.89379 	4372673.8
247.69539 	4350333.6
248.49699 	4327993.6
249.2986 	4305653.2
250.1002 	4283311.8
250.9018 	4260968.5
251.70341 	4238622.3
252.50501 	4216272.1
253.30661 	4193916.7
254.10822 	4171555.4
254.90982 	4149187.7
255.71142 	4126813.7
256.51303 	4104434.1
257.31463 	4082049.8
258.11623 	4059661.9
258.91784 	4037271.6
259.71944 	4014879.7
260.52104 	3992486.7
261.32265 	3970092.8
262.12425 	3947697.9
262.92585 	3925301.6
263.72745 	3902903.7
264.52906 	3880504
265.33066 	3858102.3
266.13226 	3835698.9
266.93387 	3813294
267.73547 	3790888.1
268.53707 	3768482
269.33868 	3746076.2
270.14028 	3723671.3
270.94188 	3701267.9
271.74349 	3678866.1
272.54509 	3656466.1
273.34669 	3634067.9
274.1483 	3611671.3
274.9499 	3589275.9
274.95 	3589273.1
275.7515 	3566881.5
276.55311 	3544488
277.35471 	3522095
278.95792 	3477310.9
279.75952 	3454920.1
280.56112 	3432530.5
281.36273 	3410142.6
282.16433 	3387757.1
282.96593 	3365374.6
283.76754 	3342995.7
284.56914 	3320621.4
285.37074 	3298252.1
286.17234 	3275888.4
286.97395 	3253530.7
288.57715 	3208834.3
289.37876 	3186495.6
290.18036 	3164162.9
290.98196 	3141836.1
291.78357 	3119514.7
292.58517 	3097198.3
293.38677 	3074886.4
294.18838 	3052578.6
294.98998 	3030274.2
295.79158 	3007972.9
296.59319 	2985674
297.39479 	2963377.2
298.19639 	2941082.2
298.998 	2918788.6
299.7996 	2896496.5
300.6012 	2874205.6
301.40281 	2851916.3
302.20441 	2829628.5
303.00601 	2807342.5
303.80762 	2785058.4
304.60922 	2762776.2
306.21242 	2718216.7
307.01403 	2695938.7
307.81563 	2673660.9
308.61723 	2651382.4
309.41884 	2629102.3
310.22044 	2606819.6
311.02204 	2584533.1
311.82365 	2562242
312.62525 	2539945.4
313.42685 	2517643
314.22846 	2495334.4
315.03006 	2473019.8
315.83166 	2450699.5
316.63327 	2428374.1
317.43487 	2406044.7
318.23647 	2383712.1
319.03808 	2361377.6
319.83968 	2339042.2
320.64128 	2316707.1
321.44289 	2294373.4
322.24449 	2272041.8
323.04609 	2249713.3
323.8477 	2227388.3
324.6493 	2205067.4
325.4509 	2182750.8
326.25251 	2160438.6
327.05411 	2138131
327.85571 	2115827.6
328.65731 	2093528.2
329.45892 	2071232.6
330.26052 	2048940.1
331.06212 	2026650.3
331.86373 	2004362.6
332.66533 	1982076.2
333.46693 	1959790.4
334.26854 	1937504.6
335.07014 	1915218
335.87174 	1892929.7
336.67335 	1870639.2
337.47495 	1848345.6
338.27655 	1826048.4
339.07816 	1803746.9
339.87976 	1781440.6
340.68136 	1759128.9
341.48297 	1736811.5
342.28457 	1714487.9
343.08617 	1692157.9
343.88778 	1669821.1
344.68938 	1647477.4
345.49098 	1625126.7
346.29259 	1602768.9
347.09419 	1580403.9
347.89579 	1558031.8
348.69739 	1535652.6
349.499 	1513266.5
350.3006 	1490873.7
351.1022 	1468474.5
351.90381 	1446069
352.70541 	1423657.7
353.50701 	1401241
354.30862 	1378819.2
355.11022 	1356392.9
355.91182 	1333962.6
356.71343 	1311528.7
357.51503 	1289091.7
358.31663 	1266652.3
359.11824 	1244210.8
359.91984 	1221767.8
360.72144 	1199323.6
361.52305 	1176878.7
362.32465 	1154433.4
363.12625 	1131988
363.92786 	1109542.7
364.72946 	1087097.8
365.53106 	1064653.4
366.33267 	1042209.6
367.13427 	1019766.5
367.93587 	997324.04
368.73747 	974882.3
369.53908 	952441.24
370.34068 	930000.82
371.14228 	907560.98
371.94389 	885121.69
372.74549 	862682.87
373.54709 	840244.49
374.3487 	817806.48
375.1503 	795368.8
375.9519 	772931.42
376.75351 	750494.3
377.55511 	728057.41
379.15832 	683184.31
379.95992 	660748.1
381.56313 	615876.38
382.36473 	593440.92
383.16633 	571005.78
383.96794 	548570.99
384.76954 	526136.59
385.57114 	503702.65
386.37275 	481269.21
387.17435 	458836.33
387.97595 	436404.05
388.77756 	413972.42
389.57916 	391541.48
390.38076 	369111.26
391.18236 	346681.79
391.98397 	324253.08
392.78557 	301825.11
393.58717 	279397.89
394.38878 	256971.36
395.19038 	234545.5
395.99198 	212120.23
396.79359 	189695.49
397.59519 	167271.2
399.1984 	122423.56
400 	100546.16
