0 	3836484.5
0.35183948 	3829094.5
0.70367896 	3821322.8
1.0555184 	3813551.2
1.4073579 	3805779.5
1.7591974 	3798007.9
2.1110369 	3790236.2
2.4628764 	3782464.6
2.8147158 	3774693.4
3.1665553 	3766944
3.5183948 	3759318.6
3.8702343 	3751665
4.2220737 	3743906.7
4.9257527 	3728709.3
5.6294317 	3713507.6
5.9812711 	3709279.9
6.3331106 	3702002
8.092308 	3664764.1
8.795987 	3649298.4
9.1478265 	3641518.8
10.203345 	3625960.3
10.907024 	3625835.2
11.258863 	3625795.3
11.610703 	3625760.4
11.962542 	3625723.4
12.666221 	3625640.5
13.018061 	3625595.6
13.3699 	3625555.2
13.72174 	3625517.4
14.777258 	3625417
15.480937 	3625320.5
15.832777 	3625254.1
16.536456 	3618041.4
17.591974 	3594777.1
18.647492 	3571417.9
19.351171 	3555845
19.703011 	3548058.6
20.05485 	3540272.1
20.40669 	3532485.5
20.758529 	3524699
21.462208 	3509125.9
22.165887 	3493552.8
22.869566 	3477979.7
23.573245 	3462406.6
23.925085 	3454620.1
24.276924 	3446833.6
24.628764 	3439047.1
25.332442 	3423474.3
25.684282 	3415687.9
26.387961 	3400115.1
26.7398 	3392328.8
27.09164 	3384542.5
27.443479 	3376756.3
27.795319 	3368970
28.147158 	3361183.8
28.850837 	3345611.5
29.202677 	3337825.4
29.554516 	3330039.3
29.906356 	3322253.3
30.258195 	3314467.2
30.610035 	3306681.2
30.961874 	3298895.3
31.665553 	3283323.4
32.017393 	3275537.5
32.369232 	3267751.7
32.721072 	3259965.8
33.072911 	3252180
33.424751 	3244394.3
33.77659 	3236608.5
34.128429 	3228822.8
34.480269 	3221037.1
34.832108 	3213251.4
35.183948 	3205465.8
35.535787 	3197680.1
35.887627 	3189894.6
36.239466 	3182109
36.591306 	3174323.5
37.294985 	3158752.5
37.646824 	3150967
37.998664 	3143181.6
38.702343 	3127610.8
39.406022 	3112040.1
39.757861 	3104254.8
41.165219 	3073113.8
41.517059 	3065328.6
41.868898 	3057543.4
42.220737 	3049758.3
42.924416 	3034188.1
43.276256 	3026403.1
43.628095 	3018618
43.979935 	3010833
44.683614 	2995263
45.035453 	2987478.1
45.387293 	2979693.2
46.090972 	2964123.4
46.442811 	2956338.5
47.14649 	2940768.9
47.49833 	2932984.1
48.202009 	2917414.6
48.553848 	2909629.9
49.257527 	2894060.5
49.609367 	2886275.8
49.961206 	2878491.2
50.313045 	2870706.6
50.664885 	2862922
51.016724 	2855137.4
51.720403 	2839568.3
52.072243 	2831783.8
52.424082 	2823999.3
52.775922 	2816214.8
53.127761 	2808430.3
54.18328 	2785077
54.535119 	2777292.6
54.886959 	2769508.3
55.238798 	2761723.9
55.590638 	2753939.6
55.942477 	2746155.3
56.997996 	2722802.4
57.349835 	2715018.1
57.701675 	2707233.9
58.053514 	2699449.7
58.405354 	2691665.5
58.757193 	2683881.3
59.109032 	2676097.1
59.460872 	2668312.9
60.164551 	2652744.7
60.51639 	2644960.5
60.86823 	2637176.4
61.220069 	2629392.3
61.571909 	2621608.3
61.923748 	2613824.2
62.275588 	2606040.1
62.627427 	2598256.1
62.979267 	2590472.1
63.331106 	2582688.1
63.682946 	2574904.1
64.034785 	2567120.1
64.386625 	2559336.1
64.738464 	2551552.1
65.442143 	2535984.3
65.793983 	2528200.3
66.497662 	2512632.5
67.55318 	2489280.9
68.256859 	2473713.1
68.608698 	2465929.3
69.312377 	2450361.6
70.016056 	2434794
70.367896 	2427010.2
70.719735 	2419226.4
71.071575 	2411442.7
71.423414 	2403658.9
72.830772 	2372523.9
73.182612 	2364740.2
73.534451 	2356956.5
73.886291 	2349172.8
74.941809 	2325821.7
75.293648 	2318038
75.645488 	2310254.3
75.997327 	2302470.7
77.052846 	2279119.8
77.404685 	2271336.1
77.756525 	2263552.5
78.460204 	2247985.3
78.812043 	2240201.7
79.163883 	2232418.1
80.219401 	2209067.4
81.27492 	2185716.8
81.626759 	2177933.2
81.978599 	2170149.7
82.330438 	2162366.2
82.682278 	2154582.7
83.034117 	2146799.2
83.385957 	2139015.7
83.737796 	2131232.2
84.089635 	2123448.7
84.441475 	2115665.3
85.496993 	2092314.9
86.552512 	2068964.6
86.904351 	2061181.2
89.015388 	2014480.9
89.367228 	2006697.5
90.070907 	1991130.9
90.422746 	1983347.5
90.774586 	1975564.2
91.126425 	1967780.9
91.478265 	1959997.6
91.830104 	1952214.3
92.533783 	1936647.8
93.237462 	1921081.2
93.589301 	1913298
93.941141 	1905514.8
94.29298 	1897731.5
96.052178 	1858815.5
96.404017 	1851032.4
96.755857 	1843249.2
97.459536 	1827682.9
97.811375 	1819899.8
98.163215 	1812116.7
98.515054 	1804333.6
99.922412 	1773201.2
100.27425 	1765418.1
100.62609 	1757635.1
101.32977 	1742069
102.03345 	1726503
102.38529 	1718720
103.79265 	1687588
104.14449 	1679805.1
104.49633 	1672022.1
105.2 	1656456.3
105.90368 	1640890.4
106.25552 	1633107.5
106.60736 	1625324.6
108.01472 	1594193.2
108.36656 	1586410.3
108.7184 	1578627.5
109.07024 	1570844.7
109.77392 	1555279
110.12576 	1547496.2
110.82944 	1531930.6
111.18128 	1524147.9
111.53311 	1516365.1
111.88495 	1508582.3
112.58863 	1493016.8
112.94047 	1485234.1
113.29231 	1477451.4
113.64415 	1469668.7
113.99599 	1461885.9
114.34783 	1454103.2
114.69967 	1446320.5
115.05151 	1438537.8
115.40335 	1430755.2
115.75519 	1422972.5
116.45887 	1407407.2
116.81071 	1399624.5
117.16255 	1391841.9
117.51439 	1384059.2
118.21806 	1368494
118.5699 	1360711.3
118.92174 	1352928.7
119.27358 	1345146.1
119.62542 	1337363.5
119.97726 	1329580.9
120.3291 	1321798.3
120.68094 	1314015.8
121.03278 	1306233.2
121.38462 	1298450.6
121.73646 	1290668
122.0883 	1282885.5
122.79198 	1267320.4
123.14382 	1259537.9
123.49566 	1251755.3
123.8475 	1243972.8
124.19934 	1236190.3
124.55118 	1228407.7
124.90302 	1220625.2
125.25485 	1212842.7
125.60669 	1205060.2
126.66221 	1181712.7
127.01405 	1173930.2
127.36589 	1166147.8
127.71773 	1158365.3
128.06957 	1150582.8
128.42141 	1142800.3
128.77325 	1135017.9
129.12509 	1127235.4
129.47693 	1119453
130.18061 	1103888.1
130.53245 	1096105.6
130.88429 	1088323.2
131.23613 	1080540.7
132.29164 	1057193.4
132.64348 	1049411
132.99532 	1041628.6
133.699 	1026063.8
134.05084 	1018281.4
134.40268 	1010498.9
134.75452 	1002716.5
135.4582 	987151.72
135.81004 	979369.32
136.16188 	971586.91
136.51372 	963804.52
136.86556 	956022.12
137.56924 	940457.33
137.92108 	932674.94
138.27292 	924892.54
138.97659 	909327.76
139.68027 	893762.99
140.03211 	885980.6
140.38395 	878198.21
140.73579 	870415.83
141.08763 	862633.44
141.43947 	854851.06
141.79131 	847068.67
142.14315 	839286.28
142.49499 	831503.9
142.84683 	823721.51
144.25419 	792591.96
145.3097 	769244.79
145.66154 	761462.4
146.01338 	753680.01
146.36522 	745897.61
146.71706 	738115.21
147.0689 	730332.81
147.42074 	722550.41
148.12442 	706985.61
148.8281 	691420.8
149.17994 	683638.39
149.88362 	668073.56
150.23546 	660291.14
150.5873 	652508.72
151.29098 	636943.88
151.99465 	621379.02
152.69833 	605814.16
153.05017 	598031.72
153.40201 	590249.28
153.75385 	582466.84
154.45753 	566901.94
154.80937 	559119.49
155.16121 	551337.04
155.51305 	543554.58
155.86489 	535772.12
156.21673 	527989.66
156.56857 	520207.19
157.62409 	496859.78
157.97593 	489077.3
158.32777 	481294.83
158.67961 	473512.34
159.03144 	465729.86
159.38328 	457947.37
159.73512 	450164.89
160.08696 	442382.4
160.4388 	434599.9
160.79064 	426817.41
161.14248 	419034.91
161.49432 	411252.41
161.84616 	403469.91
162.90168 	380122.41
163.25352 	372339.9
163.9572 	356774.89
164.30904 	348992.38
164.66088 	341209.87
165.01272 	333427.36
165.71639 	317862.35
166.06823 	310079.84
167.12375 	286732.32
167.47559 	278949.82
167.82743 	271167.32
168.17927 	263384.82
168.53111 	255602.32
169.23479 	240037.33
169.58663 	232254.83
169.93847 	224472.35
170.64215 	208907.38
170.99399 	201124.9
171.34583 	193342.43
171.69767 	185559.96
172.04951 	177777.49
172.40134 	169995.03
172.75318 	162212.58
173.10502 	154430.13
174.16054 	131082.81
174.51238 	123300.38
174.86422 	115517.92
