0 	9393912.7
6.4128257 	9250054.4
34.468938 	8665090.4
37.675351 	8608139.7
40.881764 	8536569.4
50.501002 	8343077.2
53.707415 	8340985.2
62.52505 	8337323.1
65.731463 	8336880.9
68.937876 	8336038
69.739479 	8335792.2
96.993988 	7751756.1
103.40681 	7589813.9
106.61323 	7508840.6
116.23246 	7265853.7
123.44689 	7083559.5
125.05 	7043046.8
125.8517 	7022785.7
128.25651 	6962006.6
131.46293 	6880959.8
151.50301 	6374323.9
153.90782 	6313509.7
156.31263 	6252697.3
159.51904 	6171621.7
166.73347 	5989249.4
169.13828 	5928474.7
175.5511 	5766441.3
176.35271 	5746189.7
187.57515 	5462698.6
190.78156 	5381713.2
200.4008 	5138830.9
201.2024 	5118597.4
202.00401 	5098365
202.80561 	5078133.6
203.60721 	5057903.3
204.40882 	5037674.1
205.21042 	5017445.8
206.01202 	4997218.5
206.81363 	4976992.1
207.61523 	4956766.5
208.41683 	4936541.6
209.21844 	4916317.5
210.02004 	4896094
210.82164 	4875871
211.62325 	4855648.5
212.42485 	4835426.4
213.22645 	4815204.6
214.02806 	4794983
214.82966 	4774761.6
215.63126 	4754540.3
216.43287 	4734318.9
217.23447 	4714097.5
218.03607 	4693875.9
219.63928 	4653432
220.44088 	4633209.6
221.24248 	4612986.8
222.04409 	4592763.6
222.84569 	4572539.9
223.64729 	4552315.7
224.4489 	4532090.9
225.2505 	4511865.6
226.0521 	4491639.8
227.65531 	4451186.3
228.45691 	4430958.7
229.25852 	4410730.5
230.86172 	4370272.4
231.66333 	4350042.6
232.46493 	4329812.2
234.06814 	4289350.1
234.86974 	4269118.4
235.67134 	4248886.3
236.47295 	4228653.8
237.27455 	4208420.8
238.07615 	4188187.6
238.87776 	4167953.9
239.67936 	4147720
240.48096 	4127485.7
241.28257 	4107251.1
242.08417 	4087016.2
242.88577 	4066781
243.68737 	4046545.5
244.48898 	4026309.7
245.29058 	4006073.5
246.09218 	3985837.1
246.89379 	3965600.3
247.69539 	3945363.3
248.49699 	3925125.9
249.2986 	3904888.1
250.1002 	3884650.1
250.9018 	3864411.6
251.70341 	3844172.9
252.50501 	3823933.7
253.30661 	3803694.2
254.10822 	3783454.3
254.90982 	3763214
255.71142 	3742973.2
256.51303 	3722732.1
257.31463 	3702490.5
258.11623 	3682248.5
258.91784 	3662006
259.71944 	3641763.1
260.52104 	3621519.6
261.32265 	3601275.8
262.12425 	3581031.4
262.92585 	3560786.6
263.72745 	3540541.3
264.52906 	3520295.5
265.33066 	3500049.2
266.13226 	3479802.5
266.93387 	3459555.4
267.73547 	3439307.7
268.53707 	3419059.7
269.33868 	3398811.3
270.14028 	3378562.4
270.94188 	3358313.2
271.74349 	3338063.7
272.54509 	3317813.8
273.34669 	3297563.6
274.1483 	3277313.1
274.9499 	3257062.4
274.95 	3257059.9
275.7515 	3236811.5
276.55311 	3216560.4
277.35471 	3196309.1
278.95792 	3155806.2
279.75952 	3135554.6
280.56112 	3115303.1
281.36273 	3095051.5
282.16433 	3074800
282.96593 	3054548.6
283.76754 	3034297.2
284.56914 	3014046.1
285.37074 	2993795.1
286.17234 	2973544.3
286.97395 	2953293.8
288.57715 	2912793.7
289.37876 	2892544.1
290.18036 	2872295
290.98196 	2852046.2
291.78357 	2831797.8
292.58517 	2811549.9
293.38677 	2791302.4
294.18838 	2771055.4
294.98998 	2750808.9
295.79158 	2730562.9
296.59319 	2710317.3
297.39479 	2690072.3
298.19639 	2669827.8
298.998 	2649583.8
299.7996 	2629340.2
300.6012 	2609097.2
301.40281 	2588854.6
302.20441 	2568612.4
303.00601 	2548370.7
303.80762 	2528129.4
304.60922 	2507888.5
306.21242 	2467407.8
307.01403 	2447168
307.81563 	2426928.5
308.61723 	2406689.2
309.41884 	2386450.3
310.22044 	2366211.5
311.02204 	2345973
311.82365 	2325734.7
312.62525 	2305496.5
313.42685 	2285258.5
314.22846 	2265020.7
315.03006 	2244783
315.83166 	2224545.4
316.63327 	2204307.9
317.43487 	2184070.5
318.23647 	2163833.1
319.03808 	2143595.9
319.83968 	2123358.8
320.64128 	2103121.7
321.44289 	2082884.6
322.24449 	2062647.7
323.04609 	2042410.8
323.8477 	2022174
324.6493 	2001937.2
325.4509 	1981700.6
326.25251 	1961463.9
327.05411 	1941227.4
327.85571 	1920990.9
328.65731 	1900754.5
329.45892 	1880518.1
330.26052 	1860281.8
331.06212 	1840045.6
331.86373 	1819809.4
332.66533 	1799573.3
333.46693 	1779337.2
334.26854 	1759101.2
335.07014 	1738865.1
335.87174 	1718629.1
336.67335 	1698393.2
337.47495 	1678157.2
338.27655 	1657921.2
339.07816 	1637685.1
339.87976 	1617449
340.68136 	1597212.9
341.48297 	1576976.7
342.28457 	1556740.5
343.08617 	1536504.1
343.88778 	1516267.7
344.68938 	1496031.2
345.49098 	1475794.5
346.29259 	1455557.8
347.09419 	1435320.9
347.89579 	1415083.9
348.69739 	1394846.8
349.499 	1374609.5
350.3006 	1354372.2
351.1022 	1334134.7
351.90381 	1313897.2
352.70541 	1293659.5
353.50701 	1273421.8
354.30862 	1253184
355.11022 	1232946.1
355.91182 	1212708.2
356.71343 	1192470.3
357.51503 	1172232.4
358.31663 	1151994.5
359.11824 	1131756.7
359.91984 	1111518.9
360.72144 	1091281.3
361.52305 	1071043.7
362.32465 	1050806.3
363.12625 	1030569.1
363.92786 	1010332.1
364.72946 	990095.24
365.53106 	969858.66
366.33267 	949622.33
367.13427 	929386.29
367.93587 	909150.54
368.73747 	888915.12
369.53908 	868680.03
370.34068 	848445.3
371.14228 	828210.92
371.94389 	807976.92
372.74549 	787743.31
373.54709 	767510.09
374.3487 	747277.27
375.1503 	727044.85
375.9519 	706812.83
376.75351 	686581.22
377.55511 	666350.01
379.15832 	625888.78
379.95992 	605658.76
381.56313 	565199.84
382.36473 	544970.94
383.16633 	524742.38
383.96794 	504514.17
384.76954 	484286.28
385.57114 	464058.71
386.37275 	443831.45
387.17435 	423604.47
387.97595 	403377.76
388.77756 	383151.31
389.57916 	362925.11
390.38076 	342699.14
391.18236 	322473.38
391.98397 	302247.83
392.78557 	282022.45
393.58717 	261797.25
394.38878 	241572.2
395.19038 	221347.3
395.99198 	201122.52
396.79359 	180897.85
397.59519 	160673.28
399.1984 	120224.37
400 	100492.59
