0 	8718139.9
6.4128257 	8586568
34.468938 	8087420.9
37.675351 	8009687.7
40.881764 	7972179.8
50.501002 	7793770.1
53.707415 	7714997
62.52505 	7531204.5
65.731463 	7451676.3
68.937876 	7377388.6
69.739479 	7358667
96.993988 	6744360.5
103.40681 	6582440.3
106.61323 	6515645
116.23246 	6349418.6
123.44689 	6348458
125.05 	6348249.6
125.8517 	6348020.5
128.25651 	6347229.9
131.46293 	6346734.3
151.50301 	6336795.2
153.90782 	6335472
156.31263 	6334908.2
159.51904 	6334497.6
166.73347 	6291351.4
169.13828 	6227419.6
175.5511 	6056997.7
176.35271 	6035706.4
187.57515 	5737941.5
190.78156 	5652873.9
200.4008 	5397635
201.2024 	5376373.2
202.00401 	5355113.7
202.80561 	5333856.7
203.60721 	5312602.2
204.40882 	5291350.2
205.21042 	5270100.8
206.01202 	5248853.7
206.81363 	5227608.9
207.61523 	5206366.2
208.41683 	5185125.5
209.21844 	5163886.4
210.02004 	5142648.7
210.82164 	5121412
211.62325 	5100175.9
212.42485 	5078940.1
213.22645 	5057704.3
214.02806 	5036467.9
214.82966 	5015230.7
215.63126 	4993992.5
216.43287 	4972752.8
217.23447 	4951511.6
218.03607 	4930268.6
219.63928 	4887777.1
220.44088 	4866528.4
221.24248 	4845277.6
222.04409 	4824024.8
222.84569 	4802769.9
223.64729 	4781512.9
224.4489 	4760253.8
225.2505 	4738992.8
226.0521 	4717729.8
227.65531 	4675199.2
228.45691 	4653932
229.25852 	4632663.9
230.86172 	4590126.6
231.66333 	4568858.3
232.46493 	4547590.6
234.06814 	4505058.6
234.86974 	4483794.9
235.67134 	4462533.1
236.47295 	4441273.5
237.27455 	4420016.2
238.07615 	4398761.4
238.87776 	4377509.2
239.67936 	4356259.8
240.48096 	4335013.3
241.28257 	4313769.9
242.08417 	4292529.5
242.88577 	4271292.5
243.68737 	4250058.7
244.48898 	4228828.4
245.29058 	4207601.6
246.09218 	4186378.4
246.89379 	4165158.7
247.69539 	4143942.7
248.49699 	4122730.1
249.2986 	4101521.1
250.1002 	4080315.3
250.9018 	4059112.7
251.70341 	4037913.1
252.50501 	4016716.1
253.30661 	3995521.4
254.10822 	3974328.7
254.90982 	3953137.5
255.71142 	3931947.4
256.51303 	3910758
257.31463 	3889568.7
258.11623 	3868379
258.91784 	3847188.5
259.71944 	3825996.6
260.52104 	3804802.8
261.32265 	3783606.7
262.12425 	3762407.9
262.92585 	3741205.9
263.72745 	3720000.5
264.52906 	3698791.2
265.33066 	3677578
266.13226 	3656360.5
266.93387 	3635138.6
267.73547 	3613912.2
268.53707 	3592681.2
269.33868 	3571445.6
270.14028 	3550205.5
270.94188 	3528960.8
271.74349 	3507711.8
272.54509 	3486458.5
273.34669 	3465201.1
274.1483 	3443939.9
274.9499 	3422675
274.95 	3422672.3
275.7515 	3401406.7
276.55311 	3380135.2
277.35471 	3358860.8
278.95792 	3316304.5
279.75952 	3295023.1
280.56112 	3273739.9
281.36273 	3252455.1
282.16433 	3231169
282.96593 	3209881.8
283.76754 	3188593.7
284.56914 	3167304.9
285.37074 	3146015.5
286.17234 	3124725.7
286.97395 	3103435.5
288.57715 	3060854.6
289.37876 	3039563.9
290.18036 	3018273.2
290.98196 	2996982.4
291.78357 	2975691.5
292.58517 	2954400.6
293.38677 	2933109.5
294.18838 	2911818.4
294.98998 	2890527.2
295.79158 	2869235.7
296.59319 	2847944.1
297.39479 	2826652.3
298.19639 	2805360.2
298.998 	2784067.9
299.7996 	2762775.4
300.6012 	2741482.6
301.40281 	2720189.6
302.20441 	2698896.4
303.00601 	2677603.1
303.80762 	2656309.6
304.60922 	2635016.1
306.21242 	2592429.1
307.01403 	2571135.8
307.81563 	2549842.6
308.61723 	2528549.5
309.41884 	2507256.7
310.22044 	2485964.2
311.02204 	2464671.9
311.82365 	2443380
312.62525 	2422088.3
313.42685 	2400797
314.22846 	2379505.9
315.03006 	2358215.2
315.83166 	2336924.7
316.63327 	2315634.5
317.43487 	2294344.6
318.23647 	2273054.9
319.03808 	2251765.5
319.83968 	2230476.3
320.64128 	2209187.3
321.44289 	2187898.5
322.24449 	2166610
323.04609 	2145321.8
323.8477 	2124033.7
324.6493 	2102746
325.4509 	2081458.5
326.25251 	2060171.3
327.05411 	2038884.3
327.85571 	2017597.7
328.65731 	1996311.3
329.45892 	1975025.2
330.26052 	1953739.3
331.06212 	1932453.7
331.86373 	1911168.3
332.66533 	1889883
333.46693 	1868597.8
334.26854 	1847312.8
335.07014 	1826027.7
335.87174 	1804742.7
336.67335 	1783457.5
337.47495 	1762172.2
338.27655 	1740886.7
339.07816 	1719600.9
339.87976 	1698314.7
340.68136 	1677028.1
341.48297 	1655740.9
342.28457 	1634453.3
343.08617 	1613164.9
343.88778 	1591875.9
344.68938 	1570586.2
345.49098 	1549295.7
346.29259 	1528004.3
347.09419 	1506712
347.89579 	1485418.8
348.69739 	1464124.7
349.499 	1442829.7
350.3006 	1421533.7
351.1022 	1400236.7
351.90381 	1378938.8
352.70541 	1357639.9
353.50701 	1336340.1
354.30862 	1315039.3
355.11022 	1293737.7
355.91182 	1272435.1
356.71343 	1251131.7
357.51503 	1229827.4
358.31663 	1208522.4
359.11824 	1187216.5
359.91984 	1165909.9
360.72144 	1144602.5
361.52305 	1123294.3
362.32465 	1101985.4
363.12625 	1080675.8
363.92786 	1059365.5
364.72946 	1038054.5
365.53106 	1016742.7
366.33267 	995430.26
367.13427 	974117.07
367.93587 	952803.16
368.73747 	931488.52
369.53908 	910173.16
370.34068 	888857.08
371.14228 	867540.29
371.94389 	846222.79
372.74549 	824904.62
373.54709 	803585.78
374.3487 	782266.3
375.1503 	760946.23
375.9519 	739625.6
376.75351 	718304.47
377.55511 	696982.88
379.15832 	654338.57
379.95992 	633015.98
381.56313 	590370.26
382.36473 	569047.27
383.16633 	547724.27
383.96794 	526401.34
384.76954 	505078.53
385.57114 	483755.9
386.37275 	462433.49
387.17435 	441111.35
387.97595 	419789.5
388.77756 	398467.98
389.57916 	377146.81
390.38076 	355825.99
391.18236 	334505.54
391.98397 	313185.45
392.78557 	291865.71
393.58717 	270546.31
394.38878 	249227.22
395.19038 	227908.43
395.99198 	206589.9
396.79359 	185271.61
397.59519 	163953.51
399.1984 	121317.75
400 	100519.22
