0 	8874093.2
6.4128257 	8788571.4
34.468938 	8206713.1
37.675351 	8163843.1
40.881764 	8101416.3
50.501002 	7921710.1
53.707415 	7852944.8
62.52505 	7663097.6
65.731463 	7586678
68.937876 	7501352
69.739479 	7479268.1
96.993988 	6916958.5
103.40681 	6812386.9
106.61323 	6808336.1
116.23246 	6807233.7
123.44689 	6807007.2
125.05 	6806980.3
125.8517 	6807033.6
128.25651 	6806996.8
131.46293 	6806819.5
151.50301 	6561870.4
153.90782 	6499693.6
156.31263 	6437904.9
159.51904 	6355967
166.73347 	6171421.8
169.13828 	6109297.2
175.5511 	5942027.9
176.35271 	5921027.6
187.57515 	5627586.1
190.78156 	5544016.8
200.4008 	5293253.6
201.2024 	5272345.8
202.00401 	5251436.7
202.80561 	5230526.3
203.60721 	5209614.7
204.40882 	5188702
205.21042 	5167788.6
206.01202 	5146874.7
206.81363 	5125960.7
207.61523 	5105046.8
208.41683 	5084133.6
209.21844 	5063221.3
210.02004 	5042310.5
210.82164 	5021401.4
211.62325 	5000494.7
212.42485 	4979590.6
213.22645 	4958689.6
214.02806 	4937792.2
214.82966 	4916898.7
215.63126 	4896009.5
216.43287 	4875124.7
217.23447 	4854244.6
218.03607 	4833369.2
219.63928 	4791632.3
220.44088 	4770770.5
221.24248 	4749912.6
222.04409 	4729058.3
222.84569 	4708207.4
223.64729 	4687359.5
224.4489 	4666514.2
225.2505 	4645671.3
226.0521 	4624830.6
227.65531 	4583155
228.45691 	4562319.8
229.25852 	4541486.3
230.86172 	4499823.9
231.66333 	4478994.9
232.46493 	4458167.4
234.06814 	4416516.4
234.86974 	4395692.8
235.67134 	4374870.5
236.47295 	4354049.4
237.27455 	4333229.4
238.07615 	4312410.5
238.87776 	4291592.5
239.67936 	4270775.5
240.48096 	4249959.2
241.28257 	4229143.6
242.08417 	4208328.6
242.88577 	4187514
243.68737 	4166699.7
244.48898 	4145885.4
245.29058 	4125070.9
246.09218 	4104256.2
246.89379 	4083440.8
247.69539 	4062624.7
248.49699 	4041807.7
249.2986 	4020989.4
250.1002 	4000169.8
250.9018 	3979348.6
251.70341 	3958525.8
252.50501 	3937701.1
253.30661 	3916874.6
254.10822 	3896046
254.90982 	3875215.4
255.71142 	3854382.7
256.51303 	3833547.8
257.31463 	3812710.9
258.11623 	3791871.8
258.91784 	3771030.7
259.71944 	3750187.4
260.52104 	3729342.1
261.32265 	3708494.8
262.12425 	3687645.4
262.92585 	3666794.1
263.72745 	3645941
264.52906 	3625085.9
265.33066 	3604229
266.13226 	3583370.4
266.93387 	3562510.1
267.73547 	3541648.2
268.53707 	3520784.8
269.33868 	3499920
270.14028 	3479053.9
270.94188 	3458186.5
271.74349 	3437318
272.54509 	3416448.5
273.34669 	3395578.1
274.1483 	3374706.9
274.9499 	3353835
274.95 	3353832.4
275.7515 	3332962.5
276.55311 	3312089.5
277.35471 	3291216.1
278.95792 	3249468.6
279.75952 	3228594.6
280.56112 	3207720.5
281.36273 	3186846.4
282.16433 	3165972.5
282.96593 	3145098.9
283.76754 	3124225.5
284.56914 	3103352.5
285.37074 	3082480.1
286.17234 	3061608.3
286.97395 	3040737.2
288.57715 	2998997.4
289.37876 	2978128.9
290.18036 	2957261.5
290.98196 	2936395
291.78357 	2915529.6
292.58517 	2894665.3
293.38677 	2873802
294.18838 	2852939.7
294.98998 	2832078.4
295.79158 	2811217.9
296.59319 	2790358.2
297.39479 	2769499.2
298.19639 	2748640.8
298.998 	2727782.8
299.7996 	2706925.3
300.6012 	2686068
301.40281 	2665211
302.20441 	2644354.1
303.00601 	2623497.3
303.80762 	2602640.5
304.60922 	2581783.7
306.21242 	2540070
307.01403 	2519213
307.81563 	2498356
308.61723 	2477498.9
309.41884 	2456641.8
310.22044 	2435784.6
311.02204 	2414927.5
311.82365 	2394070.3
312.62525 	2373213.1
313.42685 	2352356
314.22846 	2331498.8
315.03006 	2310641.7
315.83166 	2289784.7
316.63327 	2268927.7
317.43487 	2248070.8
318.23647 	2227213.9
319.03808 	2206357.1
319.83968 	2185500.4
320.64128 	2164643.8
321.44289 	2143787.2
322.24449 	2122930.7
323.04609 	2102074.2
323.8477 	2081217.8
324.6493 	2060361.4
325.4509 	2039505
326.25251 	2018648.6
327.05411 	1997792.2
327.85571 	1976935.7
328.65731 	1956079.1
329.45892 	1935222.4
330.26052 	1914365.5
331.06212 	1893508.5
331.86373 	1872651.2
332.66533 	1851793.7
333.46693 	1830935.9
334.26854 	1810077.8
335.07014 	1789219.3
335.87174 	1768360.4
336.67335 	1747501.1
337.47495 	1726641.4
338.27655 	1705781.3
339.07816 	1684920.6
339.87976 	1664059.4
340.68136 	1643197.8
341.48297 	1622335.6
342.28457 	1601472.8
343.08617 	1580609.5
343.88778 	1559745.6
344.68938 	1538881.2
345.49098 	1518016.2
346.29259 	1497150.8
347.09419 	1476284.8
347.89579 	1455418.4
348.69739 	1434551.5
349.499 	1413684.2
350.3006 	1392816.7
351.1022 	1371948.8
351.90381 	1351080.7
352.70541 	1330212.5
353.50701 	1309344.1
354.30862 	1288475.7
355.11022 	1267607.4
355.91182 	1246739.2
356.71343 	1225871.1
357.51503 	1205003.3
358.31663 	1184135.8
359.11824 	1163268.6
359.91984 	1142401.9
360.72144 	1121535.8
361.52305 	1100670.1
362.32465 	1079805.1
363.12625 	1058940.7
363.92786 	1038077.1
364.72946 	1017214.2
365.53106 	996352.06
366.33267 	975490.8
367.13427 	954630.41
367.93587 	933770.92
368.73747 	912912.37
369.53908 	892054.76
370.34068 	871198.12
371.14228 	850342.47
371.94389 	829487.8
372.74549 	808634.11
373.54709 	787781.41
374.3487 	766929.68
375.1503 	746078.91
375.9519 	725229.08
376.75351 	704380.15
377.55511 	683532.11
379.15832 	641838.51
379.95992 	620992.89
381.56313 	579303.78
382.36473 	558460.22
383.16633 	537617.25
383.96794 	516774.84
384.76954 	495932.96
385.57114 	475091.56
386.37275 	454250.61
387.17435 	433410.08
387.97595 	412569.95
388.77756 	391730.18
389.57916 	370890.75
390.38076 	350051.64
391.18236 	329212.83
391.98397 	308374.29
392.78557 	287536.02
393.58717 	266697.99
394.38878 	245860.19
395.19038 	225022.58
395.99198 	204185.16
396.79359 	183347.9
397.59519 	162510.78
399.1984 	120836.86
400 	100507.51
