0 	7669629.7
6.4128257 	7532545.5
34.468938 	6999371.7
37.675351 	6929461.9
40.881764 	6847654.3
50.501002 	6801927.3
53.707415 	6799649
62.52505 	6638047.9
65.731463 	6561402
68.937876 	6491436.1
69.739479 	6475336.8
96.993988 	6035416.4
103.40681 	5909056.8
106.61323 	5825959.2
116.23246 	5581970.7
123.44689 	5398273.3
125.05 	5361165.5
125.8517 	5341237
128.25651 	5280984.3
131.46293 	5207887.9
151.50301 	4814775.4
153.90782 	4761473.3
156.31263 	4704762.5
159.51904 	4628177.4
166.73347 	4443849.1
169.13828 	4381927.1
175.5511 	4238360.8
176.35271 	4220823.1
187.57515 	4104106.1
190.78156 	4103696.2
200.4008 	4104217.1
201.2024 	4104052.8
202.00401 	4103896.3
202.80561 	4103699
203.60721 	4103436.2
204.40882 	4103118.7
205.21042 	4102741.3
206.01202 	4102309.7
206.81363 	4101838.4
207.61523 	4101329.9
208.41683 	4100837.7
209.21844 	4100419.2
210.02004 	4100085.6
210.82164 	4099853.5
211.62325 	4099680
212.42485 	4099514.6
213.22645 	4099351.7
214.02806 	4099214.8
214.82966 	4099018.5
215.63126 	4098809.8
216.43287 	4098698.7
217.23447 	4098613.6
218.03607 	4098413
219.63928 	4098043.3
220.44088 	4097925.5
221.24248 	4097856.3
222.04409 	4097809
222.84569 	4097874.5
223.64729 	4098007.4
224.4489 	4098119.4
225.2505 	4098261.4
226.0521 	4098512.7
227.65531 	4099363
228.45691 	4099763.4
229.25852 	4099972.5
230.86172 	4099702.8
231.66333 	4099246.4
232.46493 	4098733.5
234.06814 	4097864.5
234.86974 	4097520.1
235.67134 	4097225.7
236.47295 	4096929.9
237.27455 	4096646.5
238.07615 	4096402.9
238.87776 	4096185.9
239.67936 	4095929.1
240.48096 	4095658.6
241.28257 	4095411.7
242.08417 	4095140.3
242.88577 	4094872.2
243.68737 	4094598
244.48898 	4094320.6
245.29058 	4094060.5
246.09218 	4093832.4
246.89379 	4093626.6
247.69539 	4093434.8
248.49699 	4093234.6
249.2986 	4093041.2
250.1002 	4092823.1
250.9018 	4092547.4
251.70341 	4092259.7
252.50501 	4092028.4
253.30661 	4091840.3
254.10822 	4091674.9
254.90982 	4091504
255.71142 	4091330.3
256.51303 	4091187.4
257.31463 	4091081.6
258.11623 	4091012.5
258.91784 	4090964.8
259.71944 	4090891.5
260.52104 	4090801.8
261.32265 	4090721.9
262.12425 	4090635
262.92585 	4090544.3
263.72745 	4090449.4
264.52906 	4090324.8
265.33066 	4090190.6
266.13226 	4090067.2
266.93387 	4089928.3
267.73547 	4089794.2
268.53707 	4089730
269.33868 	4089704.3
270.14028 	4089702.3
270.94188 	4089651.9
271.74349 	4089541.3
272.54509 	4089345.8
273.34669 	4089066.2
274.1483 	4088651.8
274.9499 	4087818
274.95 	4087817.9
275.7515 	4086017.2
276.55311 	4082204.6
277.35471 	4074167.7
278.95792 	4035973
279.75952 	4010111.5
280.56112 	3983962.1
281.36273 	3957879.2
282.16433 	3931817.8
282.96593 	3905765.6
283.76754 	3879720.6
284.56914 	3853679.7
285.37074 	3827639.9
286.17234 	3801601
286.97395 	3775564.8
288.57715 	3723501.6
289.37876 	3697469.3
290.18036 	3671433.1
290.98196 	3645393.7
291.78357 	3619353.1
292.58517 	3593312.7
293.38677 	3567272.5
294.18838 	3541231.7
294.98998 	3515190
295.79158 	3489147.5
296.59319 	3463104.6
297.39479 	3437061.3
298.19639 	3411017.8
298.998 	3384974
299.7996 	3358929.7
300.6012 	3332884.9
301.40281 	3306839.5
302.20441 	3280793.1
303.00601 	3254745.4
303.80762 	3228695.9
304.60922 	3202643.9
306.21242 	3150530.9
307.01403 	3124469.3
307.81563 	3098404.3
308.61723 	3072336.2
309.41884 	3046265.4
310.22044 	3020192.6
311.02204 	2994118.5
311.82365 	2968044.1
312.62525 	2941969.9
313.42685 	2915896.5
314.22846 	2889823.9
315.03006 	2863752.2
315.83166 	2837681
316.63327 	2811610.2
317.43487 	2785539.3
318.23647 	2759468.1
319.03808 	2733396.3
319.83968 	2707323.7
320.64128 	2681250.2
321.44289 	2655175.7
322.24449 	2629100.1
323.04609 	2603023.3
323.8477 	2576945.5
324.6493 	2550866.5
325.4509 	2524786.4
326.25251 	2498705
327.05411 	2472622.6
327.85571 	2446539
328.65731 	2420454.4
329.45892 	2394368.9
330.26052 	2368282.7
331.06212 	2342196
331.86373 	2316109.1
332.66533 	2290022.2
333.46693 	2263935.7
334.26854 	2237849.7
335.07014 	2211764.5
335.87174 	2185680.2
336.67335 	2159596.8
337.47495 	2133514.4
338.27655 	2107433
339.07816 	2081352.5
339.87976 	2055272.8
340.68136 	2029193.9
341.48297 	2003115.6
342.28457 	1977037.8
343.08617 	1950960.4
343.88778 	1924883.3
344.68938 	1898806.6
345.49098 	1872730.1
346.29259 	1846653.9
347.09419 	1820578
347.89579 	1794502.2
348.69739 	1768426.6
349.499 	1742351
350.3006 	1716275.5
351.1022 	1690199.8
351.90381 	1664123.8
352.70541 	1638047.4
353.50701 	1611970.5
354.30862 	1585892.9
355.11022 	1559814.4
355.91182 	1533734.9
356.71343 	1507654.3
357.51503 	1481572.4
358.31663 	1455489.3
359.11824 	1429404.8
359.91984 	1403318.9
360.72144 	1377231.8
361.52305 	1351143.6
362.32465 	1325054.5
363.12625 	1298964.7
363.92786 	1272874.6
364.72946 	1246784.5
365.53106 	1220694.5
366.33267 	1194605
367.13427 	1168516.2
367.93587 	1142428.2
368.73747 	1116341.2
369.53908 	1090255.2
370.34068 	1064170.2
371.14228 	1038086.2
371.94389 	1012003.2
372.74549 	985921.33
373.54709 	959840.42
374.3487 	933760.53
375.1503 	907681.65
375.9519 	881603.81
376.75351 	855527.02
377.55511 	829451.33
379.15832 	777303.36
379.95992 	751231.21
381.56313 	699090.93
382.36473 	673022.99
383.16633 	646956.66
383.96794 	620892.07
384.76954 	594829.32
385.57114 	568768.54
386.37275 	542709.84
387.17435 	516653.3
387.97595 	490598.98
388.77756 	464546.92
389.57916 	438497.11
390.38076 	412449.5
391.18236 	386404.03
391.98397 	360360.59
392.78557 	334319.03
393.58717 	308279.19
394.38878 	282240.9
395.19038 	256203.97
395.99198 	230168.2
396.79359 	204133.39
397.59519 	178099.36
399.1984 	126032.86
400 	100634.07
