0 	3836477.5
0.35183948 	3828944.9
0.70367896 	3821015.6
1.0555184 	3813113.3
1.4073579 	3805185.8
1.7591974 	3797281.1
2.1110369 	3789359.3
2.4628764 	3781442.6
2.8147158 	3773464.6
3.1665553 	3765643.9
3.5183948 	3757720.4
3.8702343 	3749793.1
4.2220737 	3741862.2
4.9257527 	3726129.6
5.6294317 	3710360.2
5.9812711 	3702431.8
6.3331106 	3694503.8
8.092308 	3654864.2
8.795987 	3639007.3
9.1478265 	3631083.7
10.203345 	3607509.4
10.907024 	3591643.5
11.258863 	3583744.7
11.610703 	3575815
11.962542 	3567891.3
12.666221 	3552042.1
13.018061 	3544114.1
13.3699 	3536186.4
13.72174 	3528258.6
14.777258 	3504475.5
15.480937 	3488620.1
15.832777 	3480692.4
16.536456 	3464835.2
17.591974 	3444289.2
18.647492 	3420521.8
19.351171 	3405503.9
19.703011 	3399492.8
20.05485 	3391582.5
20.40669 	3383653.5
20.758529 	3375725
21.462208 	3359867.9
22.165887 	3344010.9
22.869566 	3328153.9
23.573245 	3312297
23.925085 	3304368.6
24.276924 	3296440.2
24.628764 	3288511.8
25.332442 	3272655.1
25.684282 	3264726.7
26.387961 	3248870.1
26.7398 	3240941.8
27.09164 	3233013.5
27.443479 	3225085.3
27.795319 	3217157
28.147158 	3209228.8
28.850837 	3193372.4
29.202677 	3185444.3
29.554516 	3177516.1
29.906356 	3169588
30.258195 	3161659.9
30.610035 	3153731.7
30.961874 	3145803.7
31.665553 	3129947.5
32.017393 	3122019.5
32.369232 	3114091.5
32.721072 	3106163.5
33.072911 	3098235.5
33.424751 	3090307.5
33.77659 	3082379.6
34.128429 	3074451.7
34.480269 	3066523.8
34.832108 	3058595.9
35.183948 	3050668
35.535787 	3042740.2
35.887627 	3034812.4
36.239466 	3026884.6
36.591306 	3018956.8
37.294985 	3003101.3
37.646824 	2995173.6
37.998664 	2987245.9
38.702343 	2971390.6
39.406022 	2955535.4
39.757861 	2947607.9
41.165219 	2915897.8
41.517059 	2907970.3
41.868898 	2900042.9
42.220737 	2892115.5
42.924416 	2876260.7
43.276256 	2868333.3
43.628095 	2860406
43.979935 	2852478.6
44.683614 	2836624
45.035453 	2828696.7
45.387293 	2820769.4
46.090972 	2804914.9
46.442811 	2796987.6
47.14649 	2781133.1
47.49833 	2773205.9
48.202009 	2757351.4
48.553848 	2749424.2
49.257527 	2733569.7
49.609367 	2725642.5
49.961206 	2717715.2
50.313045 	2709788
50.664885 	2701860.8
51.016724 	2693933.5
51.720403 	2678079
52.072243 	2670151.8
52.424082 	2662224.5
52.775922 	2654297.2
53.127761 	2646370
54.18328 	2622588.1
54.535119 	2614660.8
54.886959 	2606733.5
55.238798 	2598806.3
55.590638 	2590879
55.942477 	2582951.7
56.997996 	2559169.9
57.349835 	2551242.7
57.701675 	2543315.5
58.053514 	2535388.3
58.405354 	2527461.1
58.757193 	2519534
59.109032 	2511606.9
59.460872 	2503679.9
60.164551 	2487825.9
60.51639 	2479899
60.86823 	2471972.1
61.220069 	2464045.2
61.571909 	2456118.3
61.923748 	2448191.5
62.275588 	2440264.7
62.627427 	2432337.8
62.979267 	2424411
63.331106 	2416484.1
63.682946 	2408557.1
64.034785 	2400630
64.386625 	2392702.9
64.738464 	2384775.5
65.442143 	2368920.4
65.793983 	2360992.5
66.497662 	2345136.2
67.55318 	2321350.3
68.256859 	2305492.6
68.608698 	2297563.9
69.312377 	2281707.8
70.016056 	2265853.4
70.367896 	2257879.4
70.719735 	2249888.7
71.071575 	2244648.3
71.423414 	2243905.2
72.830772 	2243759.4
73.182612 	2243733.1
73.534451 	2243706.1
73.886291 	2243676.7
74.941809 	2243585.6
75.293648 	2243558.3
75.645488 	2243530.2
75.997327 	2243500.1
77.052846 	2243413.3
77.404685 	2243384.6
77.756525 	2243355.5
78.460204 	2243299.4
78.812043 	2243271.6
79.163883 	2243242
80.219401 	2243139.4
81.27492 	2239271.7
81.626759 	2231777
81.978599 	2223816.7
82.330438 	2215832.4
82.682278 	2207847.5
83.034117 	2199862.8
83.385957 	2191878.3
83.737796 	2183893.6
84.089635 	2175908.7
84.441475 	2167923.5
85.496993 	2143966.7
86.552512 	2120008.2
86.904351 	2112021.7
89.015388 	2064101.8
89.367228 	2056115.1
90.070907 	2040141.5
90.422746 	2032154.7
90.774586 	2024167.9
91.126425 	2016181
91.478265 	2008194.2
91.830104 	2000207.3
92.533783 	1984233.6
93.237462 	1968259.9
93.589301 	1960273
93.941141 	1952286.2
94.29298 	1944299.3
96.052178 	1904365.3
96.404017 	1896378.6
96.755857 	1888391.9
97.459536 	1872418.7
97.811375 	1864432.2
98.163215 	1856445.7
98.515054 	1848459.2
99.922412 	1816514.2
100.27425 	1808528.1
100.62609 	1800542.1
101.32977 	1784570.3
102.03345 	1768598.9
102.38529 	1760613.3
103.79265 	1728671.8
104.14449 	1720686.6
104.49633 	1712701.6
105.2 	1696731.7
105.90368 	1680762.1
106.25552 	1672777.4
106.60736 	1664792.9
108.01472 	1632855.3
108.36656 	1624871
108.7184 	1616886.9
109.07024 	1608902.8
109.77392 	1592934.8
110.12576 	1584950.9
110.82944 	1568983.2
111.18128 	1560999.5
111.53311 	1553015.8
111.88495 	1545032.1
112.58863 	1529065
112.94047 	1521081.5
113.29231 	1513098
113.64415 	1505114.5
113.99599 	1497131.1
114.34783 	1489147.7
114.69967 	1481164.4
115.05151 	1473181.1
115.40335 	1465197.8
115.75519 	1457214.5
116.45887 	1441248
116.81071 	1433264.8
117.16255 	1425281.6
117.51439 	1417298.4
118.21806 	1401332.1
118.5699 	1393348.9
118.92174 	1385365.8
119.27358 	1377382.6
119.62542 	1369399.5
119.97726 	1361416.3
120.3291 	1353433.2
120.68094 	1345450.1
121.03278 	1337466.9
121.38462 	1329483.8
121.73646 	1321500.7
122.0883 	1313517.5
122.79198 	1297551.2
123.14382 	1289568
123.49566 	1281584.9
123.8475 	1273601.7
124.19934 	1265618.5
124.55118 	1257635.3
124.90302 	1249652.1
125.25485 	1241668.9
125.60669 	1233685.7
126.66221 	1209735.9
127.01405 	1201752.7
127.36589 	1193769.4
127.71773 	1185786.1
128.06957 	1177802.8
128.42141 	1169819.5
128.77325 	1161836.2
129.12509 	1153852.9
129.47693 	1145869.5
130.18061 	1129902.8
130.53245 	1121919.4
130.88429 	1113936.1
131.23613 	1105952.7
132.29164 	1082002.4
132.64348 	1074019
132.99532 	1066035.5
133.699 	1050068.6
134.05084 	1042085.1
134.40268 	1034101.6
134.75452 	1026118.1
135.4582 	1010151
135.81004 	1002167.5
136.16188 	994183.94
136.51372 	986200.37
136.86556 	978216.8
137.56924 	962249.61
137.92108 	954266
138.27292 	946282.38
138.97659 	930315.11
139.68027 	914347.79
140.03211 	906364.11
140.38395 	898380.43
140.73579 	890396.73
141.08763 	882413.03
141.43947 	874429.31
141.79131 	866445.58
142.14315 	858461.85
142.49499 	850478.11
142.84683 	842494.35
144.25419 	810559.25
145.3097 	786607.85
145.66154 	778624.03
146.01338 	770640.21
146.36522 	762656.38
146.71706 	754672.55
147.0689 	746688.71
147.42074 	738704.87
148.12442 	722737.17
148.8281 	706769.45
149.17994 	698785.59
149.88362 	682817.86
150.23546 	674833.99
150.5873 	666850.13
151.29098 	650882.38
151.99465 	634914.64
152.69833 	618946.9
153.05017 	610963.03
153.40201 	602979.16
153.75385 	594995.29
154.45753 	579027.56
154.80937 	571043.69
155.16121 	563059.83
155.51305 	555075.97
155.86489 	547092.11
156.21673 	539108.25
156.56857 	531124.4
157.62409 	507172.85
157.97593 	499189
158.32777 	491205.16
158.67961 	483221.32
159.03144 	475237.48
159.38328 	467253.65
159.73512 	459269.82
160.08696 	451285.98
160.4388 	443302.16
160.79064 	435318.33
161.14248 	427334.51
161.49432 	419350.68
161.84616 	411366.87
162.90168 	387415.42
163.25352 	379431.61
163.9572 	363463.99
164.30904 	355480.19
164.66088 	347496.38
165.01272 	339512.58
165.71639 	323544.99
166.06823 	315561.19
167.12375 	291609.82
167.47559 	283626.04
167.82743 	275642.25
168.17927 	267658.47
168.53111 	259674.69
169.23479 	243707.15
169.58663 	235723.38
169.93847 	227739.61
170.64215 	211772.09
170.99399 	203788.34
171.34583 	195804.58
171.69767 	187820.84
172.04951 	179837.1
172.40134 	171853.36
172.75318 	163869.63
173.10502 	155885.9
174.16054 	131934.76
174.51238 	123951.06
174.86422 	115967.37
