0 	8256565.7
6.4128257 	8163270.3
34.468938 	7642215.3
37.675351 	7639484.2
40.881764 	7605667.9
50.501002 	7366333.7
53.707415 	7286851.3
62.52505 	7068779.6
65.731463 	6989747.9
68.937876 	6911766.9
69.739479 	6894628.3
96.993988 	6417458.1
103.40681 	6326369.2
106.61323 	6257696
116.23246 	6027316.9
123.44689 	5853342.7
125.05 	5815545.9
125.8517 	5796798.7
128.25651 	5740960.3
131.46293 	5666792.1
151.50301 	5282141
153.90782 	5282209
156.31263 	5282889.5
159.51904 	5284017.3
166.73347 	5286002.4
169.13828 	5285949.4
175.5511 	5284115.4
176.35271 	5283870
187.57515 	5280169.1
190.78156 	5279530.9
200.4008 	5276544.8
201.2024 	5276339.8
202.00401 	5275937.2
202.80561 	5275684.7
203.60721 	5275481.6
204.40882 	5275442.1
205.21042 	5275456.3
206.01202 	5275443.1
206.81363 	5275477
207.61523 	5275498.4
208.41683 	5275578
209.21844 	5275880.2
210.02004 	5276154.4
210.82164 	5276310.7
211.62325 	5276191.9
212.42485 	5276048.5
213.22645 	5275936.2
214.02806 	5275724.2
214.82966 	5275396.7
215.63126 	5274952.7
216.43287 	5274355.9
217.23447 	5272878.4
218.03607 	5269407.5
219.63928 	5250797.4
220.44088 	5232267.9
221.24248 	5210127.2
222.04409 	5187174.9
222.84569 	5164246.9
223.64729 	5141352.1
224.4489 	5118460.9
225.2505 	5095565.5
226.0521 	5072665.2
227.65531 	5026850.7
228.45691 	5003936.5
229.25852 	4981016.6
230.86172 	4935158.7
231.66333 	4912220.6
232.46493 	4889276.8
234.06814 	4843371.9
234.86974 	4820410.3
235.67134 	4797442.6
236.47295 	4774469.1
237.27455 	4751490.3
238.07615 	4728506.6
238.87776 	4705518.2
239.67936 	4682524.5
240.48096 	4659525.5
241.28257 	4636520.6
242.08417 	4613510
242.88577 	4590493.7
243.68737 	4567471.8
244.48898 	4544444.2
245.29058 	4521411.1
246.09218 	4498372.9
246.89379 	4475330.3
247.69539 	4452284.6
248.49699 	4429237.1
249.2986 	4406189
250.1002 	4383141.1
250.9018 	4360094
251.70341 	4337047.6
252.50501 	4314002
253.30661 	4290956.5
254.10822 	4267910.7
254.90982 	4244863.3
255.71142 	4221812.8
256.51303 	4198757.7
257.31463 	4175696.6
258.11623 	4152629
258.91784 	4129555.3
259.71944 	4106477.2
260.52104 	4083397.2
261.32265 	4060318.3
262.12425 	4037243.3
262.92585 	4014174.5
263.72745 	3991113.5
264.52906 	3968061
265.33066 	3945017.4
266.13226 	3921982.7
266.93387 	3898956.7
267.73547 	3875939.4
268.53707 	3852930.5
269.33868 	3829930.3
270.14028 	3806938.6
270.94188 	3783955.5
271.74349 	3760981.1
272.54509 	3738015.3
273.34669 	3715058.2
274.1483 	3692109.5
274.9499 	3669169.2
274.95 	3669166.4
275.7515 	3646237.2
276.55311 	3623313.3
277.35471 	3600397.3
278.95792 	3554588.6
279.75952 	3531695.3
280.56112 	3508809.2
281.36273 	3485929.7
282.16433 	3463056.3
282.96593 	3440188.6
283.76754 	3417325.9
284.56914 	3394467.6
285.37074 	3371613.1
286.17234 	3348761.8
286.97395 	3325912.9
288.57715 	3280220.7
289.37876 	3257376.3
290.18036 	3234532.3
290.98196 	3211688.3
291.78357 	3188843.8
292.58517 	3165998.4
293.38677 	3143151.5
294.18838 	3120302.8
294.98998 	3097451.9
295.79158 	3074598.4
296.59319 	3051742.1
297.39479 	3028882.8
298.19639 	3006020.7
298.998 	2983155.9
299.7996 	2960288.8
300.6012 	2937420
301.40281 	2914550.1
302.20441 	2891679.9
303.00601 	2868810.1
303.80762 	2845941.4
304.60922 	2823074.4
306.21242 	2777346.7
307.01403 	2754486.2
307.81563 	2731627.7
308.61723 	2708771.1
309.41884 	2685915.9
310.22044 	2663061.7
311.02204 	2640208.3
311.82365 	2617355.4
312.62525 	2594502.7
313.42685 	2571650.2
314.22846 	2548797.9
315.03006 	2525945.8
315.83166 	2503094.1
316.63327 	2480242.9
317.43487 	2457392.5
318.23647 	2434543
319.03808 	2411694.6
319.83968 	2388847.5
320.64128 	2366001.9
321.44289 	2343157.9
322.24449 	2320315.5
323.04609 	2297474.8
323.8477 	2274635.9
324.6493 	2251798.7
325.4509 	2228963.2
326.25251 	2206129.3
327.05411 	2183297
327.85571 	2160466.2
328.65731 	2137636.8
329.45892 	2114808.8
330.26052 	2091982.1
331.06212 	2069156.6
331.86373 	2046332.2
332.66533 	2023508.9
333.46693 	2000686.5
334.26854 	1977864.8
335.07014 	1955043.7
335.87174 	1932222.9
336.67335 	1909402.2
337.47495 	1886581.3
338.27655 	1863760
339.07816 	1840938
339.87976 	1818115
340.68136 	1795291
341.48297 	1772465.7
342.28457 	1749639.2
343.08617 	1726811.2
343.88778 	1703982.1
344.68938 	1681151.7
345.49098 	1658320.4
346.29259 	1635488.1
347.09419 	1612655.3
347.89579 	1589821.9
348.69739 	1566988.2
349.499 	1544154.3
350.3006 	1521320.2
351.1022 	1498486
351.90381 	1475651.7
352.70541 	1452817.2
353.50701 	1429982.3
354.30862 	1407147
355.11022 	1384310.8
355.91182 	1361473.6
356.71343 	1338635.1
357.51503 	1315794.9
358.31663 	1292952.7
359.11824 	1270108.1
359.91984 	1247260.7
360.72144 	1224410.3
361.52305 	1201556.5
362.32465 	1178699
363.12625 	1155837.5
363.92786 	1132971.8
364.72946 	1110101.7
365.53106 	1087227
366.33267 	1064347.5
367.13427 	1041463.3
367.93587 	1018574.2
368.73747 	995680.15
369.53908 	972781.21
370.34068 	949877.37
371.14228 	926968.67
371.94389 	904055.18
372.74549 	881136.95
373.54709 	858214.06
374.3487 	835286.61
375.1503 	812354.7
375.9519 	789418.4
376.75351 	766477.83
377.55511 	743533.1
379.15832 	697631.53
379.95992 	674674.92
381.56313 	628750.67
382.36473 	605783.31
383.16633 	582812.65
383.96794 	559838.87
384.76954 	536862.15
385.57114 	513882.69
386.37275 	490900.68
387.17435 	467916.35
387.97595 	444929.89
388.77756 	421941.53
389.57916 	398951.46
390.38076 	375959.9
391.18236 	352967.03
391.98397 	329973.02
392.78557 	306978.04
393.58717 	283982.24
394.38878 	260985.76
395.19038 	237988.71
395.99198 	214991.2
396.79359 	191993.34
397.59519 	168995.21
399.1984 	122998.47
400 	100560.16
