0 	8081860.4
6.4128257 	7965601.7
34.468938 	7461834.3
37.675351 	7383462.1
40.881764 	7302925.7
50.501002 	7142943.8
53.707415 	7141865.9
62.52505 	7020664.2
65.731463 	6942039.1
68.937876 	6863201.8
69.739479 	6843451.9
96.993988 	6204914
103.40681 	6069059.7
106.61323 	6009979.4
116.23246 	5870693.3
123.44689 	5728617.4
125.05 	5690757.9
125.8517 	5671680.3
128.25651 	5617425.7
131.46293 	5544392.8
151.50301 	5058668.4
153.90782 	4996201.1
156.31263 	4939921.4
159.51904 	4919294.9
166.73347 	4917337.1
169.13828 	4916428.6
175.5511 	4914653.1
176.35271 	4914683.7
187.57515 	4914306.7
190.78156 	4913635.9
200.4008 	4912491.2
201.2024 	4912411.9
202.00401 	4912179.1
202.80561 	4911941.8
203.60721 	4911842
204.40882 	4911913.1
205.21042 	4911987.5
206.01202 	4911911.8
206.81363 	4911771.4
207.61523 	4911624.5
208.41683 	4911451.2
209.21844 	4911061.6
210.02004 	4910534.9
210.82164 	4910338.2
211.62325 	4910535.3
212.42485 	4910805.5
213.22645 	4910942.3
214.02806 	4910908.6
214.82966 	4910781.2
215.63126 	4910657.2
216.43287 	4910477.2
217.23447 	4910299.8
218.03607 	4910095
219.63928 	4909716.9
220.44088 	4909559.5
221.24248 	4909384.6
222.04409 	4909248.3
222.84569 	4909117.9
223.64729 	4909086
224.4489 	4909138.5
225.2505 	4909187.6
226.0521 	4909302.2
227.65531 	4909610.9
228.45691 	4909817.7
229.25852 	4910197.7
230.86172 	4910824.4
231.66333 	4911273.5
232.46493 	4911756.1
234.06814 	4912841.4
234.86974 	4913347.2
235.67134 	4913580.1
236.47295 	4912852.3
237.27455 	4910411.6
238.07615 	4904428.9
238.87776 	4891943.1
239.67936 	4871983.6
240.48096 	4848392.4
241.28257 	4824371.5
242.08417 	4800410.8
242.88577 	4776458.5
243.68737 	4752495.2
244.48898 	4728522.3
245.29058 	4704542.5
246.09218 	4680558.1
246.89379 	4656570.6
247.69539 	4632581.2
248.49699 	4608592.3
249.2986 	4584606.7
250.1002 	4560626.8
250.9018 	4536654.6
251.70341 	4512690.5
252.50501 	4488734.5
253.30661 	4464786
254.10822 	4440844.1
254.90982 	4416908
255.71142 	4392976.8
256.51303 	4369049.9
257.31463 	4345126.5
258.11623 	4321205.9
258.91784 	4297287.4
259.71944 	4273370.2
260.52104 	4249453.3
261.32265 	4225535.8
262.12425 	4201617
262.92585 	4177696.3
263.72745 	4153773.2
264.52906 	4129847.4
265.33066 	4105918.7
266.13226 	4081987
266.93387 	4058052.2
267.73547 	4034114.6
268.53707 	4010174.4
269.33868 	3986232.3
270.14028 	3962288.8
270.94188 	3938344.6
271.74349 	3914400.2
272.54509 	3890456.2
273.34669 	3866512.8
274.1483 	3842570.2
274.9499 	3818628.6
274.95 	3818625.6
275.7515 	3794687.8
276.55311 	3770748
277.35471 	3746809.1
278.95792 	3698933.6
279.75952 	3674997.1
280.56112 	3651061.3
281.36273 	3627126.4
282.16433 	3603192.3
282.96593 	3579259
283.76754 	3555326.7
284.56914 	3531395.4
285.37074 	3507465.1
286.17234 	3483536
286.97395 	3459608.2
288.57715 	3411756.6
289.37876 	3387832.9
290.18036 	3363910.7
290.98196 	3339989.7
291.78357 	3316070
292.58517 	3292151.2
293.38677 	3268233.3
294.18838 	3244316.3
294.98998 	3220400
295.79158 	3196484.7
296.59319 	3172570.4
297.39479 	3148657.3
298.19639 	3124745.6
298.998 	3100835.5
299.7996 	3076927
300.6012 	3053020.2
301.40281 	3029115.1
302.20441 	3005211.7
303.00601 	2981309.9
303.80762 	2957409.6
304.60922 	2933510.6
306.21242 	2885716
307.01403 	2861820.2
307.81563 	2837925.3
308.61723 	2814031.4
309.41884 	2790138.5
310.22044 	2766246.6
311.02204 	2742355.9
311.82365 	2718466.4
312.62525 	2694578
313.42685 	2670690.7
314.22846 	2646804.3
315.03006 	2622918.7
315.83166 	2599033.7
316.63327 	2575149
317.43487 	2551264.6
318.23647 	2527380.2
319.03808 	2503495.7
319.83968 	2479611.1
320.64128 	2455726.2
321.44289 	2431841
322.24449 	2407955.2
323.04609 	2384068.8
323.8477 	2360181.7
324.6493 	2336293.7
325.4509 	2312404.8
326.25251 	2288514.9
327.05411 	2264624
327.85571 	2240732.1
328.65731 	2216839.1
329.45892 	2192945.2
330.26052 	2169050.5
331.06212 	2145155
331.86373 	2121259
332.66533 	2097362.6
333.46693 	2073466.2
334.26854 	2049569.9
335.07014 	2025674.2
335.87174 	2001779.3
336.67335 	1977885.6
337.47495 	1953993.5
338.27655 	1930103.5
339.07816 	1906215.7
339.87976 	1882330.7
340.68136 	1858448.6
341.48297 	1834569.8
342.28457 	1810694.3
343.08617 	1786822.5
343.88778 	1762954.5
344.68938 	1739090.4
345.49098 	1715230.2
346.29259 	1691374
347.09419 	1667522
347.89579 	1643674.1
348.69739 	1619830.3
349.499 	1595990.7
350.3006 	1572155.2
351.1022 	1548323.8
351.90381 	1524496.5
352.70541 	1500673.2
353.50701 	1476853.9
354.30862 	1453038.5
355.11022 	1429226.9
355.91182 	1405419.1
356.71343 	1381614.9
357.51503 	1357814.3
358.31663 	1334017.2
359.11824 	1310223.4
359.91984 	1286433
360.72144 	1262645.8
361.52305 	1238861.7
362.32465 	1215080.6
363.12625 	1191302.5
363.92786 	1167527.2
364.72946 	1143754.6
365.53106 	1119984.6
366.33267 	1096217.1
367.13427 	1072451.9
367.93587 	1048689
368.73747 	1024928.3
369.53908 	1001169.6
370.34068 	977413.01
371.14228 	953658.36
371.94389 	929905.68
372.74549 	906154.96
373.54709 	882406.23
374.3487 	858659.53
375.1503 	834914.92
375.9519 	811172.47
376.75351 	787432.24
377.55511 	763694.32
379.15832 	716225.64
379.95992 	692495.02
381.56313 	645041.45
382.36473 	621318.57
383.16633 	597598.33
383.96794 	573880.76
384.76954 	550165.85
385.57114 	526453.6
386.37275 	502744
387.17435 	479037.03
387.97595 	455332.65
388.77756 	431630.8
389.57916 	407931.4
390.38076 	384234.38
391.18236 	360539.61
391.98397 	336846.97
392.78557 	313156.32
393.58717 	289467.5
394.38878 	265780.33
395.19038 	242094.62
395.99198 	218410.19
396.79359 	194726.83
397.59519 	171044.34
399.1984 	123681.15
400 	100576.79
