0 	3836483.7
0.35183948 	3829078.8
0.70367896 	3821291.5
1.0555184 	3813504.1
1.4073579 	3805720.6
1.7591974 	3797999.6
2.1110369 	3790404
2.4628764 	3782659
2.8147158 	3774902.9
3.1665553 	3767110.7
3.5183948 	3759431.7
3.8702343 	3751678.5
4.2220737 	3744051.5
4.9257527 	3728575.1
5.6294317 	3713008.7
5.9812711 	3706098.8
6.3331106 	3699155.4
8.092308 	3663460.6
8.795987 	3648394.5
9.1478265 	3640606.8
10.203345 	3617243.4
10.907024 	3601667.9
11.258863 	3593880.1
11.610703 	3586092.4
11.962542 	3578304.7
12.666221 	3562729.4
13.018061 	3554941.8
13.3699 	3547154.2
13.72174 	3539366.6
14.777258 	3516004
15.480937 	3500429
15.832777 	3492641.6
16.536456 	3477066.8
17.591974 	3453705
18.647492 	3430340.3
19.351171 	3414947.5
19.703011 	3411030.7
20.05485 	3410636
20.40669 	3410586.4
20.758529 	3410550.7
21.462208 	3410480.8
22.165887 	3410411.5
22.869566 	3410342.7
23.573245 	3410273.9
23.925085 	3410239.4
24.276924 	3410204.4
24.628764 	3410169.4
25.332442 	3410102.9
25.684282 	3410050.4
26.387961 	3407115.7
26.7398 	3399900.3
27.09164 	3392126.1
27.443479 	3384325.1
27.795319 	3376522.9
28.147158 	3368720.7
28.850837 	3353116.1
29.202677 	3345313.8
29.554516 	3337511.4
29.906356 	3329709
30.258195 	3321906.6
30.610035 	3314104.2
30.961874 	3306301.7
31.665553 	3290696.8
32.017393 	3282894.3
32.369232 	3275091.8
32.721072 	3267289.3
33.072911 	3259486.8
33.424751 	3251684.2
33.77659 	3243881.7
34.128429 	3236079.2
34.480269 	3228276.7
34.832108 	3220474.2
35.183948 	3212671.7
35.535787 	3204869.2
35.887627 	3197066.7
36.239466 	3189264.2
36.591306 	3181461.7
37.294985 	3165856.8
37.646824 	3158054.4
37.998664 	3150251.9
38.702343 	3134647.1
39.406022 	3119042.3
39.757861 	3111239.9
41.165219 	3080030.6
41.517059 	3072228.3
41.868898 	3064426
42.220737 	3056623.7
42.924416 	3041019.2
43.276256 	3033216.9
43.628095 	3025414.7
43.979935 	3017612.5
44.683614 	3002008.1
45.035453 	2994205.9
45.387293 	2986403.8
46.090972 	2970799.5
46.442811 	2962997.3
47.14649 	2947393.1
47.49833 	2939591
48.202009 	2923986.9
48.553848 	2916184.8
49.257527 	2900580.7
49.609367 	2892778.6
49.961206 	2884976.6
50.313045 	2877174.6
50.664885 	2869372.6
51.016724 	2861570.5
51.720403 	2845966.5
52.072243 	2838164.5
52.424082 	2830362.5
52.775922 	2822560.5
53.127761 	2814758.5
54.18328 	2791352.5
54.535119 	2783550.4
54.886959 	2775748.4
55.238798 	2767946.4
55.590638 	2760144.4
55.942477 	2752342.4
56.997996 	2728936.4
57.349835 	2721134.4
57.701675 	2713332.4
58.053514 	2705530.3
58.405354 	2697728.3
58.757193 	2689926.3
59.109032 	2682124.2
59.460872 	2674322.2
60.164551 	2658718.1
60.51639 	2650916.1
60.86823 	2643114
61.220069 	2635312
61.571909 	2627509.9
61.923748 	2619707.8
62.275588 	2611905.8
62.627427 	2604103.7
62.979267 	2596301.6
63.331106 	2588499.6
63.682946 	2580697.5
64.034785 	2572895.4
64.386625 	2565093.3
64.738464 	2557291.2
65.442143 	2541687
65.793983 	2533884.9
66.497662 	2518280.6
67.55318 	2494874.2
68.256859 	2479270
68.608698 	2471467.8
69.312377 	2455863.5
70.016056 	2440259.2
70.367896 	2432457
70.719735 	2424654.8
71.071575 	2416852.7
71.423414 	2409050.5
72.830772 	2377841.7
73.182612 	2370039.5
73.534451 	2362237.3
73.886291 	2354435.1
74.941809 	2331028.5
75.293648 	2323226.3
75.645488 	2315424.1
75.997327 	2307621.8
77.052846 	2284215.2
77.404685 	2276412.9
77.756525 	2268610.7
78.460204 	2253006.3
78.812043 	2245204
79.163883 	2237401.8
80.219401 	2213995.1
81.27492 	2190588.5
81.626759 	2182786.3
81.978599 	2174984.1
82.330438 	2167181.9
82.682278 	2159379.6
83.034117 	2151577.4
83.385957 	2143775.3
83.737796 	2135973.1
84.089635 	2128170.9
84.441475 	2120368.7
85.496993 	2096962.2
86.552512 	2073555.8
86.904351 	2065753.6
89.015388 	2018941
89.367228 	2011139
90.070907 	1995534.9
90.422746 	1987732.8
90.774586 	1979930.8
91.126425 	1972128.8
91.478265 	1964326.8
91.830104 	1956524.8
92.533783 	1940920.9
93.237462 	1925317
93.589301 	1917515.1
93.941141 	1909713.2
94.29298 	1901911.3
96.052178 	1862902
96.404017 	1855100.2
96.755857 	1847298.4
97.459536 	1831694.9
97.811375 	1823893.2
98.163215 	1816091.4
98.515054 	1808289.7
99.922412 	1777083
100.27425 	1769281.3
100.62609 	1761479.7
101.32977 	1745876.5
102.03345 	1730273.3
102.38529 	1722471.8
103.79265 	1691265.7
104.14449 	1683464.2
104.49633 	1675662.7
105.2 	1660059.8
105.90368 	1644457
106.25552 	1636655.6
106.60736 	1628854.2
108.01472 	1597648.8
108.36656 	1589847.4
108.7184 	1582046.1
109.07024 	1574244.8
109.77392 	1558642.3
110.12576 	1550841
110.82944 	1535238.5
111.18128 	1527437.3
111.53311 	1519636
111.88495 	1511834.8
112.58863 	1496232.4
112.94047 	1488431.3
113.29231 	1480630.1
113.64415 	1472828.9
113.99599 	1465027.8
114.34783 	1457226.6
114.69967 	1449425.5
115.05151 	1441624.4
115.40335 	1433823.2
115.75519 	1426022.1
116.45887 	1410419.9
116.81071 	1402618.8
117.16255 	1394817.8
117.51439 	1387016.7
118.21806 	1371414.6
118.5699 	1363613.5
118.92174 	1355812.5
119.27358 	1348011.4
119.62542 	1340210.4
119.97726 	1332409.4
120.3291 	1324608.4
120.68094 	1316807.3
121.03278 	1309006.3
121.38462 	1301205.3
121.73646 	1293404.3
122.0883 	1285603.4
122.79198 	1270001.4
123.14382 	1262200.4
123.49566 	1254399.5
123.8475 	1246598.5
124.19934 	1238797.5
124.55118 	1230996.6
124.90302 	1223195.6
125.25485 	1215394.7
125.60669 	1207593.8
126.66221 	1184191
127.01405 	1176390.1
127.36589 	1168589.2
127.71773 	1160788.3
128.06957 	1152987.4
128.42141 	1145186.5
128.77325 	1137385.6
129.12509 	1129584.7
129.47693 	1121783.8
130.18061 	1106182.1
130.53245 	1098381.2
130.88429 	1090580.3
131.23613 	1082779.5
132.29164 	1059377
132.64348 	1051576.1
132.99532 	1043775.3
133.699 	1028173.7
134.05084 	1020372.9
134.40268 	1012572.1
134.75452 	1004771.3
135.4582 	989169.75
135.81004 	981368.98
136.16188 	973568.22
136.51372 	965767.47
136.86556 	957966.72
137.56924 	942365.26
137.92108 	934564.54
138.27292 	926763.83
138.97659 	911162.44
139.68027 	895561.08
140.03211 	887760.42
140.38395 	879959.77
140.73579 	872159.12
141.08763 	864358.49
141.43947 	856557.87
141.79131 	848757.26
142.14315 	840956.65
142.49499 	833156.06
142.84683 	825355.49
144.25419 	794153.29
145.3097 	770751.77
145.66154 	762951.29
146.01338 	755150.82
146.36522 	747350.36
146.71706 	739549.92
147.0689 	731749.49
147.42074 	723949.08
148.12442 	708348.29
148.8281 	692747.56
149.17994 	684947.22
149.88362 	669346.57
150.23546 	661546.27
150.5873 	653745.99
151.29098 	638145.46
151.99465 	622544.99
152.69833 	606944.59
153.05017 	599144.41
153.40201 	591344.25
153.75385 	583544.1
154.45753 	567943.85
154.80937 	560143.75
155.16121 	552343.66
155.51305 	544543.59
155.86489 	536743.54
156.21673 	528943.5
156.56857 	521143.48
157.62409 	497743.5
157.97593 	489943.54
158.32777 	482143.6
158.67961 	474343.67
159.03144 	466543.76
159.38328 	458743.86
159.73512 	450943.97
160.08696 	443144.11
160.4388 	435344.25
160.79064 	427544.42
161.14248 	419744.59
161.49432 	411944.79
161.84616 	404145
162.90168 	380745.71
163.25352 	372945.97
163.9572 	357346.55
164.30904 	349546.85
164.66088 	341747.18
165.01272 	333947.51
165.71639 	318348.22
166.06823 	310548.6
167.12375 	287149.81
167.47559 	279350.23
167.82743 	271550.67
168.17927 	263751.13
168.53111 	255951.59
169.23479 	240352.55
169.58663 	232553.05
169.93847 	224753.56
170.64215 	209154.62
170.99399 	201355.16
171.34583 	193555.72
171.69767 	185756.28
172.04951 	177956.86
172.40134 	170157.44
172.75318 	162358.03
173.10502 	154558.64
174.16054 	131160.5
174.51238 	123361.13
174.86422 	115561.74
