0 	3836439.8
0.35183948 	3828510.3
0.70367896 	3820253.1
1.0555184 	3811999.5
1.4073579 	3803745.9
1.7591974 	3795492.4
2.1110369 	3787216.8
2.4628764 	3778999.9
2.8147158 	3770745.2
3.1665553 	3762492.7
3.5183948 	3754240.2
3.8702343 	3745987.9
4.2220737 	3737736
4.9257527 	3721274
5.6294317 	3704772.6
5.9812711 	3696525.6
6.3331106 	3688278.8
8.092308 	3647065.5
8.795987 	3630577
9.1478265 	3622332.9
10.203345 	3597601.8
10.907024 	3581331.3
11.258863 	3573103.5
11.610703 	3564879.7
11.962542 	3556689.5
12.666221 	3540466.2
13.018061 	3532247.5
13.3699 	3524046.2
13.72174 	3515839
14.777258 	3491308.2
15.480937 	3474919.7
15.832777 	3466725.5
16.536456 	3450395
17.591974 	3426201.8
18.647492 	3401739.1
19.351171 	3385432.9
19.703011 	3377280.4
20.05485 	3369128.4
20.40669 	3360976.7
20.758529 	3352825.4
21.462208 	3336523.7
22.165887 	3320223.1
22.869566 	3303952.7
23.573245 	3287663.2
23.925085 	3279516.6
24.276924 	3271370.3
24.628764 	3263224.3
25.332442 	3246933.2
25.684282 	3238788.1
26.387961 	3222498.8
26.7398 	3214354.5
27.09164 	3206210.4
27.443479 	3198066.4
27.795319 	3189922.6
28.147158 	3181778.8
28.850837 	3165491.2
29.202677 	3157347.3
29.554516 	3149203.1
29.906356 	3141058.8
30.258195 	3132914.2
30.610035 	3124769.2
30.961874 	3116623.6
31.665553 	3100304.1
32.017393 	3092610.5
32.369232 	3087604.3
32.721072 	3079740.9
33.072911 	3071376.4
33.424751 	3062984.4
33.77659 	3054873.4
34.128429 	3049309.3
34.480269 	3041443.9
34.832108 	3033061.3
35.183948 	3024666.8
35.535787 	3016272.2
35.887627 	3007877.8
36.239466 	2999483.9
36.591306 	2991090.4
37.294985 	2974305
37.646824 	2965913.4
37.998664 	2957522.5
38.702343 	2940743.6
39.406022 	2923969
39.757861 	2915583.6
41.165219 	2882057.4
41.517059 	2873680.3
41.868898 	2865305.3
42.220737 	2856932.3
42.924416 	2840193.6
43.276256 	2831828
43.628095 	2823465.1
43.979935 	2815105.2
44.683614 	2798394.4
45.035453 	2790043.9
45.387293 	2781696.9
46.090972 	2765013.9
46.442811 	2756678.1
47.14649 	2740018.8
47.49833 	2731695.6
48.202009 	2715062.5
48.553848 	2706752.8
49.257527 	2690147.8
49.609367 	2681852.7
49.961206 	2673562.5
50.313045 	2665277.4
50.664885 	2656997.3
51.016724 	2648722.4
51.720403 	2632188
52.072243 	2623928.6
52.424082 	2615674.3
52.775922 	2607425.1
53.127761 	2599181.1
54.18328 	2574479
54.535119 	2566254.8
54.886959 	2558035.4
55.238798 	2549820.7
55.590638 	2541610.5
55.942477 	2533405
56.997996 	2508814.4
57.349835 	2500625.9
57.701675 	2492441.5
58.053514 	2484261
58.405354 	2476084.3
58.757193 	2467911.4
59.109032 	2459742.2
59.460872 	2451576.6
60.164551 	2435255.8
60.51639 	2427100.5
60.86823 	2418948.5
61.220069 	2410799.7
61.571909 	2402654.2
61.923748 	2394511.9
62.275588 	2386372.6
62.627427 	2378236.4
62.979267 	2370103.3
63.331106 	2361973.2
63.682946 	2353846
64.034785 	2345721.7
64.386625 	2337600.4
64.738464 	2329481.9
65.442143 	2313253.4
65.793983 	2305143.3
66.497662 	2288931.2
67.55318 	2264632.9
68.256859 	2248446.8
68.608698 	2240357.4
69.312377 	2224185.6
70.016056 	2208023.1
70.367896 	2199945.1
70.719735 	2191869.3
71.071575 	2183795.5
71.423414 	2175723.8
72.830772 	2143456.7
73.182612 	2135394.7
73.534451 	2127334.4
73.886291 	2119275.9
74.941809 	2095110.9
75.293648 	2087059.2
75.645488 	2079009.2
75.997327 	2070960.8
77.052846 	2046825.4
77.404685 	2038783.5
77.756525 	2030743.1
78.460204 	2014667.2
78.812043 	2006631.6
79.163883 	1998597.6
80.219401 	1974505.4
81.27492 	1950428
81.626759 	1942405.5
81.978599 	1934384.6
82.330438 	1926365.5
82.682278 	1918347.9
83.034117 	1910332
83.385957 	1902317.6
83.737796 	1894304.9
84.089635 	1886293.6
84.441475 	1878283.7
85.496993 	1854262
86.552512 	1830250
86.904351 	1822247.6
89.015388 	1774242.9
89.367228 	1766242.7
90.070907 	1750242.2
90.422746 	1742241.7
90.774586 	1734241.1
91.126425 	1726240.3
91.478265 	1718239.3
91.830104 	1710238.1
92.533783 	1694234.9
93.237462 	1678230.9
93.589301 	1670228.6
93.941141 	1662226
94.29298 	1654223.2
96.052178 	1614205.6
96.404017 	1606201.2
96.755857 	1598196.6
97.459536 	1582186.3
97.811375 	1574180.7
98.163215 	1566174.7
98.515054 	1558168.3
99.922412 	1526139.2
100.27425 	1518131
100.62609 	1510122.3
101.32977 	1494103.9
102.03345 	1478084.1
102.38529 	1470073.7
103.79265 	1438709.4
104.14449 	1432817.7
104.49633 	1424526.2
105.2 	1407434.5
105.90368 	1390324.4
106.25552 	1381746.3
106.60736 	1373289.8
108.01472 	1342166.1
108.36656 	1339873.6
108.7184 	1334609
109.07024 	1330633.3
109.77392 	1330408.3
110.12576 	1330335.7
110.82944 	1330300.5
111.18128 	1330293.3
111.53311 	1330247.3
111.88495 	1330218.3
112.58863 	1330233.9
112.94047 	1330206.2
113.29231 	1330189.4
113.64415 	1330182.6
113.99599 	1330161.2
114.34783 	1330128.1
114.69967 	1330095.8
115.05151 	1330068.8
115.40335 	1330046.2
115.75519 	1330027.6
116.45887 	1330010.9
116.81071 	1330013.4
117.16255 	1330018.3
117.51439 	1330027.5
118.21806 	1330061.7
118.5699 	1330088.1
118.92174 	1330119.2
119.27358 	1330156.4
119.62542 	1330203.8
119.97726 	1330257
120.3291 	1330308
120.68094 	1330353.2
121.03278 	1330388.4
121.38462 	1330408.3
121.73646 	1330411.6
122.0883 	1330402.9
122.79198 	1330358.5
123.14382 	1330319.8
123.49566 	1330260.3
123.8475 	1330205.3
124.19934 	1330023.5
124.55118 	1327241.3
124.90302 	1319798.5
125.25485 	1311401.8
125.60669 	1302942.7
126.66221 	1277580.1
127.01405 	1269130.2
127.36589 	1260681
127.71773 	1252232
128.06957 	1243783
128.42141 	1235333.6
128.77325 	1226883.7
129.12509 	1218433.3
129.47693 	1209982.2
130.18061 	1193078.3
130.53245 	1184625.4
130.88429 	1176172.1
131.23613 	1167718.3
132.29164 	1142354.2
132.64348 	1133898.5
132.99532 	1125442.3
133.699 	1108527.9
134.05084 	1100069.7
134.40268 	1091610.5
134.75452 	1083150.3
135.4582 	1066226.6
135.81004 	1057762.8
136.16188 	1049297.6
136.51372 	1040830.9
136.86556 	1032362.7
137.56924 	1015422
137.92108 	1006949.4
138.27292 	998475.5
138.97659 	981523.99
139.68027 	964568.39
140.03211 	956089.39
140.38395 	947609.77
140.73579 	939129.67
141.08763 	930649.2
141.43947 	922168.48
141.79131 	913687.61
142.14315 	905206.67
142.49499 	896725.73
142.84683 	888244.85
144.25419 	854322.63
145.3097 	828882.64
145.66154 	820402.95
146.01338 	811923.38
146.36522 	803443.92
146.71706 	794964.56
147.0689 	786485.28
147.42074 	778006.07
148.12442 	761047.77
148.8281 	744089.59
149.17994 	735610.53
149.88362 	718652.45
150.23546 	710173.44
150.5873 	701694.44
151.29098 	684736.56
151.99465 	667778.89
152.69833 	650821.55
153.05017 	642343.05
153.40201 	633864.66
153.75385 	625386.42
154.45753 	608430.41
154.80937 	599952.66
155.16121 	591475.1
155.51305 	582997.71
155.86489 	574520.52
156.21673 	566043.51
156.56857 	557566.69
157.62409 	532137.31
157.97593 	523661.2
158.32777 	515185.24
158.67961 	506709.43
159.03144 	498233.78
159.38328 	489758.27
159.73512 	481282.9
160.08696 	472807.67
160.4388 	464332.58
160.79064 	455857.64
161.14248 	447382.85
161.49432 	438908.21
161.84616 	430433.72
162.90168 	405011.29
163.25352 	396537.52
163.9572 	379590.55
164.30904 	371117.36
164.66088 	362644.37
165.01272 	354171.58
165.71639 	337226.57
166.06823 	328754.33
167.12375 	303338.49
167.47559 	294866.78
167.82743 	286395.14
168.17927 	277923.55
168.53111 	269451.99
169.23479 	252508.84
169.58663 	244037.19
169.93847 	235565.48
170.64215 	218621.74
170.99399 	210149.67
171.34583 	201677.46
171.69767 	193205.1
172.04951 	184732.57
172.40134 	176259.88
172.75318 	167787.03
173.10502 	159314.03
174.16054 	133894.22
174.51238 	125420.74
174.86422 	116947.2
