0 	3836453.2
0.35183948 	3828645.5
0.70367896 	3820484.1
1.0555184 	3812324.6
1.4073579 	3804165.2
1.7591974 	3795997.2
2.1110369 	3787862.4
2.4628764 	3779697.6
2.8147158 	3771538.2
3.1665553 	3763378.8
3.5183948 	3755219.4
3.8702343 	3747060.2
4.2220737 	3738862.8
4.9257527 	3722612.6
5.6294317 	3706303.7
5.9812711 	3698150.7
6.3331106 	3689994.3
8.092308 	3649201.7
8.795987 	3632885.7
9.1478265 	3624741.8
10.203345 	3600474.3
10.907024 	3584337.5
11.258863 	3576185.8
11.610703 	3568035
11.962542 	3559904.9
12.666221 	3543652.4
13.018061 	3535503.6
13.3699 	3527349.9
13.72174 	3519210.2
14.777258 	3494764.3
15.480937 	3478811.8
15.832777 	3470669.1
16.536456 	3454386.5
17.591974 	3429963.1
18.647492 	3405540
19.351171 	3389267.2
19.703011 	3381149
20.05485 	3373007
20.40669 	3364865.3
20.758529 	3356723.7
21.462208 	3340440.2
22.165887 	3324156.5
22.869566 	3307872.5
23.573245 	3291588.1
23.925085 	3283445.8
24.276924 	3275303.3
24.628764 	3267160.8
25.332442 	3250875.4
25.684282 	3242732.5
26.387961 	3226446.5
26.7398 	3218303.3
27.09164 	3210160
27.443479 	3202016.7
27.795319 	3193873.2
28.147158 	3185729.7
28.850837 	3169435.6
29.202677 	3161276.8
29.554516 	3154361.1
29.906356 	3148877.1
30.258195 	3140830.7
30.610035 	3132642.6
30.961874 	3124437.4
31.665553 	3111321.2
32.017393 	3103395.8
32.369232 	3095265.5
32.721072 	3087131.1
33.072911 	3078996.8
33.424751 	3070862.5
33.77659 	3062728.4
34.128429 	3054594.4
34.480269 	3046460.5
34.832108 	3038326.7
35.183948 	3030193
35.535787 	3022059.5
35.887627 	3013926.1
36.239466 	3005792.9
36.591306 	2997659.9
37.294985 	2981394.4
37.646824 	2973262
37.998664 	2965129.7
38.702343 	2948865.9
39.406022 	2932602.9
39.757861 	2924471.7
41.165219 	2891949.2
41.517059 	2883819.2
41.868898 	2875689.3
42.220737 	2867559.7
42.924416 	2851301.1
43.276256 	2843172.1
43.628095 	2835043.3
43.979935 	2826914.7
44.683614 	2810658.2
45.035453 	2802530.2
45.387293 	2794402.4
46.090972 	2778147.4
46.442811 	2770020.2
47.14649 	2753766.3
47.49833 	2745639.5
48.202009 	2729386.6
48.553848 	2721260.4
49.257527 	2705008.4
49.609367 	2696882.6
49.961206 	2688756.9
50.313045 	2680631.4
50.664885 	2672506
51.016724 	2664380.8
51.720403 	2648130.6
52.072243 	2640005.7
52.424082 	2631880.9
52.775922 	2623756.3
53.127761 	2615631.7
54.18328 	2591258.5
54.535119 	2583134.3
54.886959 	2575010.2
55.238798 	2566886.1
55.590638 	2558762.2
55.942477 	2550638.3
56.997996 	2526267
57.349835 	2518143.4
57.701675 	2510019.8
58.053514 	2501896.3
58.405354 	2493772.9
58.757193 	2485649.5
59.109032 	2477526.1
59.460872 	2469402.9
60.164551 	2453156.4
60.51639 	2445033.3
60.86823 	2436910.2
61.220069 	2428787.1
61.571909 	2420664.1
61.923748 	2412541.1
62.275588 	2404418.2
62.627427 	2396295.3
62.979267 	2388172.4
63.331106 	2380049.6
63.682946 	2371926.8
64.034785 	2363804
64.386625 	2355681.2
64.738464 	2347558.5
65.442143 	2331313.2
65.793983 	2323190.5
66.497662 	2306945.3
67.55318 	2282577.6
68.256859 	2266332.5
68.608698 	2258209.9
69.312377 	2241964.9
70.016056 	2225719.8
70.367896 	2217597.3
70.719735 	2209474.7
71.071575 	2201352.2
71.423414 	2193229.6
72.830772 	2160739.1
73.182612 	2152616.4
73.534451 	2144493.6
73.886291 	2136370.9
74.941809 	2112002.3
75.293648 	2103879.4
75.645488 	2095756.4
75.997327 	2087633.3
77.052846 	2063263.8
77.404685 	2055140.6
77.756525 	2047017.2
78.460204 	2030770.3
78.812043 	2022646.8
79.163883 	2014523.1
80.219401 	1990151.8
81.27492 	1965779.9
81.626759 	1957655.8
81.978599 	1949531.6
82.330438 	1941407.4
82.682278 	1933283
83.034117 	1925158.7
83.385957 	1917034.2
83.737796 	1908909.7
84.089635 	1900785.1
84.441475 	1892660.5
85.496993 	1868286.2
86.552512 	1843911.4
86.904351 	1835786.4
89.015388 	1787035.1
89.367228 	1778909.7
90.070907 	1762658.6
90.422746 	1754533
90.774586 	1746407.4
91.126425 	1738281.6
91.478265 	1730155.8
91.830104 	1722029.9
92.533783 	1705777.8
93.237462 	1689525.4
93.589301 	1681399
93.941141 	1673272.4
94.29298 	1665145.8
96.052178 	1624511.4
96.404017 	1616384.3
96.755857 	1608257.2
97.459536 	1592003.2
97.811375 	1583876.4
98.163215 	1575749.6
98.515054 	1567623
99.922412 	1535107.2
100.27425 	1526952.1
100.62609 	1519276.4
101.32977 	1506111.3
102.03345 	1489650.4
102.38529 	1482050.8
103.79265 	1465604.5
104.14449 	1464025.7
104.49633 	1463920.1
105.2 	1463925.2
105.90368 	1463941.3
106.25552 	1463928.1
106.60736 	1463917.1
108.01472 	1463881.7
108.36656 	1463865.2
108.7184 	1463848.2
109.07024 	1463833.5
109.77392 	1463803.2
110.12576 	1463776.3
110.82944 	1463723.4
111.18128 	1463693.9
111.53311 	1463660.7
111.88495 	1463625.3
112.58863 	1463556
112.94047 	1463519.9
113.29231 	1463485.1
113.64415 	1463452.4
113.99599 	1463421.4
114.34783 	1463393.1
114.69967 	1463369.1
115.05151 	1463347.8
115.40335 	1463329
115.75519 	1463315.3
116.45887 	1463293.2
116.81071 	1463272.7
117.16255 	1463235.6
117.51439 	1463208.7
118.21806 	1459436.1
118.5699 	1451774.7
118.92174 	1443467.9
119.27358 	1435116.5
119.62542 	1426761.7
119.97726 	1418406
120.3291 	1410049.6
120.68094 	1401692.6
121.03278 	1393335
121.38462 	1384976.9
121.73646 	1376618.4
122.0883 	1368259.3
122.79198 	1351539.9
123.14382 	1343179.5
123.49566 	1334818.8
123.8475 	1326457.9
124.19934 	1318096.7
124.55118 	1309735.5
124.90302 	1301374.2
125.25485 	1293013.1
125.60669 	1284652.1
126.66221 	1259571.2
127.01405 	1251211.8
127.36589 	1242852.9
127.71773 	1234494.5
128.06957 	1226136.8
128.42141 	1217779.6
128.77325 	1209423.1
129.12509 	1201067.2
129.47693 	1192711.8
130.18061 	1176002.8
130.53245 	1167649.1
130.88429 	1159295.9
131.23613 	1150943.1
132.29164 	1125887.2
132.64348 	1117536
132.99532 	1109185
133.699 	1092484
134.05084 	1084134
134.40268 	1075784.2
134.75452 	1067434.7
135.4582 	1050736.6
135.81004 	1042388
136.16188 	1034039.7
136.51372 	1025691.6
136.86556 	1017343.8
137.56924 	1000649.1
137.92108 	992302.12
138.27292 	983955.44
138.97659 	967262.87
139.68027 	950571.35
140.03211 	942225.96
140.38395 	933880.81
140.73579 	925535.9
141.08763 	917191.21
141.43947 	908846.73
141.79131 	900502.45
142.14315 	892158.37
142.49499 	883814.47
142.84683 	875470.74
144.25419 	842097.31
145.3097 	817068.49
145.66154 	808725.73
146.01338 	800383.05
146.36522 	792040.44
146.71706 	783697.9
147.0689 	775355.41
147.42074 	767012.98
148.12442 	750328.25
148.8281 	733643.69
149.17994 	725301.47
149.88362 	708617.17
150.23546 	700275.09
150.5873 	691933.06
151.29098 	675249.17
151.99465 	658565.55
152.69833 	641882.25
153.05017 	633540.75
153.40201 	625199.35
153.75385 	616858.06
154.45753 	600175.85
154.80937 	591834.95
155.16121 	583494.2
155.51305 	575153.6
155.86489 	566813.16
156.21673 	558472.89
156.56857 	550132.79
157.62409 	525113.61
157.97593 	516774.26
158.32777 	508435.11
158.67961 	500096.16
159.03144 	491757.41
159.38328 	483418.87
159.73512 	475080.52
160.08696 	466742.39
160.4388 	458404.45
160.79064 	450066.71
161.14248 	441729.17
161.49432 	433391.83
161.84616 	425054.68
162.90168 	400044.34
163.25352 	391707.92
163.9572 	375035.57
164.30904 	366699.64
164.66088 	358363.86
165.01272 	350028.23
165.71639 	333357.37
166.06823 	325022.14
167.12375 	300017.15
167.47559 	291682.37
167.82743 	283347.69
168.17927 	275013.1
168.53111 	266678.59
169.23479 	250009.83
169.58663 	241675.56
169.93847 	233341.35
170.64215 	216673.13
170.99399 	208339.1
171.34583 	200005.12
171.69767 	191671.19
172.04951 	183337.29
172.40134 	175003.44
172.75318 	166669.63
173.10502 	158335.84
174.16054 	133334.65
174.51238 	125000.97
174.86422 	116667.3
