0 	9231669.2
6.4128257 	9099039.9
34.468938 	8602369.1
37.675351 	8535745
40.881764 	8458498.3
50.501002 	8239540.2
53.707415 	8162984.7
62.52505 	7962673.5
65.731463 	7879156.6
68.937876 	7799652.7
69.739479 	7782096.7
96.993988 	7750009.2
103.40681 	7615859.8
106.61323 	7534735.5
116.23246 	7291481.2
123.44689 	7108867.3
125.05 	7068248.6
125.8517 	7047929.5
128.25651 	6986954.7
131.46293 	6905597.1
151.50301 	6396530.6
153.90782 	6335485
156.31263 	6274456.8
159.51904 	6193109.3
166.73347 	6010136.5
169.13828 	5949151.4
175.5511 	5786509.9
176.35271 	5766177
187.57515 	5481450.2
190.78156 	5400099
200.4008 	5156195.8
201.2024 	5135884.9
202.00401 	5115576.3
202.80561 	5095270.1
203.60721 	5074966.1
204.40882 	5054664.4
205.21042 	5034364.8
206.01202 	5014067.3
206.81363 	4993771.7
207.61523 	4973478.1
208.41683 	4953186.1
209.21844 	4932895.9
210.02004 	4912607.2
210.82164 	4892319.9
211.62325 	4872033.9
212.42485 	4851749.2
213.22645 	4831465.5
214.02806 	4811182.7
214.82966 	4790900.8
215.63126 	4770619.6
216.43287 	4750338.9
217.23447 	4730058.7
218.03607 	4709778.9
219.63928 	4669219.7
220.44088 	4648940.1
221.24248 	4628660.4
222.04409 	4608380.5
222.84569 	4588100.2
223.64729 	4567819.4
224.4489 	4547538.1
225.2505 	4527256.1
226.0521 	4506973.4
227.65531 	4466405.5
228.45691 	4446120.2
229.25852 	4425833.9
230.86172 	4385258.3
231.66333 	4364969
232.46493 	4344678.6
234.06814 	4304094.6
234.86974 	4283801.1
235.67134 	4263506.6
236.47295 	4243211.1
237.27455 	4222914.7
238.07615 	4202617.5
238.87776 	4182319.5
239.67936 	4162020.8
240.48096 	4141721.4
241.28257 	4121421.4
242.08417 	4101120.9
242.88577 	4080819.9
243.68737 	4060518.6
244.48898 	4040217
245.29058 	4019915.2
246.09218 	3999613.3
246.89379 	3979311.3
247.69539 	3959009.4
248.49699 	3938707.5
249.2986 	3918405.7
250.1002 	3898104.1
250.9018 	3877802.8
251.70341 	3857501.7
252.50501 	3837201
253.30661 	3816900.5
254.10822 	3796600.5
254.90982 	3776300.8
255.71142 	3756001.5
256.51303 	3735702.6
257.31463 	3715404.2
258.11623 	3695106.1
258.91784 	3674808.4
259.71944 	3654511.1
260.52104 	3634214.3
261.32265 	3613917.8
262.12425 	3593621.7
262.92585 	3573325.9
263.72745 	3553030.6
264.52906 	3532735.7
265.33066 	3512441.1
266.13226 	3492146.9
266.93387 	3471853
267.73547 	3451559.6
268.53707 	3431266.5
269.33868 	3410973.8
270.14028 	3390681.5
270.94188 	3370389.5
271.74349 	3350097.9
272.54509 	3329806.6
273.34669 	3309515.7
274.1483 	3289224.9
274.9499 	3268934.5
274.95 	3268931.9
275.7515 	3248644.2
276.55311 	3228354
277.35471 	3208063.9
278.95792 	3167483.6
279.75952 	3147193.1
280.56112 	3126902.4
281.36273 	3106611.3
282.16433 	3086319.6
282.96593 	3066027.2
283.76754 	3045734.1
284.56914 	3025440
285.37074 	3005144.8
286.17234 	2984848.4
286.97395 	2964550.7
288.57715 	2923950.5
289.37876 	2903647.7
290.18036 	2883343.1
290.98196 	2863036.5
291.78357 	2842727.7
292.58517 	2822416.7
293.38677 	2802103.4
294.18838 	2781787.7
294.98998 	2761469.5
295.79158 	2741148.9
296.59319 	2720825.8
297.39479 	2700500.1
298.19639 	2680172
298.998 	2659841.4
299.7996 	2639508.3
300.6012 	2619172.8
301.40281 	2598835.1
302.20441 	2578495.1
303.00601 	2558152.9
303.80762 	2537808.8
304.60922 	2517462.7
306.21242 	2476765.4
307.01403 	2456414.5
307.81563 	2436062.3
308.61723 	2415709
309.41884 	2395354.7
310.22044 	2374999.6
311.02204 	2354643.9
311.82365 	2334287.8
312.62525 	2313931.4
313.42685 	2293574.9
314.22846 	2273218.5
315.03006 	2252862.4
315.83166 	2232506.8
316.63327 	2212151.7
317.43487 	2191797.4
318.23647 	2171443.9
319.03808 	2151091.5
319.83968 	2130740.3
320.64128 	2110390.3
321.44289 	2090041.7
322.24449 	2069694.6
323.04609 	2049349.1
323.8477 	2029005.2
324.6493 	2008663
325.4509 	1988322.6
326.25251 	1967984.1
327.05411 	1947647.3
327.85571 	1927312.5
328.65731 	1906979.5
329.45892 	1886648.5
330.26052 	1866319.3
331.06212 	1845992
331.86373 	1825666.5
332.66533 	1805342.9
333.46693 	1785021
334.26854 	1764700.9
335.07014 	1744382.4
335.87174 	1724065.6
336.67335 	1703750.3
337.47495 	1683436.6
338.27655 	1663124.2
339.07816 	1642813.2
339.87976 	1622503.5
340.68136 	1602195
341.48297 	1581887.7
342.28457 	1561581.4
343.08617 	1541276.1
343.88778 	1520971.7
344.68938 	1500668.2
345.49098 	1480365.4
346.29259 	1460063.4
347.09419 	1439762.1
347.89579 	1419461.3
348.69739 	1399161.1
349.499 	1378861.5
350.3006 	1358562.2
351.1022 	1338263.4
351.90381 	1317964.9
352.70541 	1297666.8
353.50701 	1277368.9
354.30862 	1257071.3
355.11022 	1236773.9
355.91182 	1216476.8
356.71343 	1196179.7
357.51503 	1175882.9
358.31663 	1155586.1
359.11824 	1135289.4
359.91984 	1114992.7
360.72144 	1094696.1
361.52305 	1074399.5
362.32465 	1054102.8
363.12625 	1033806.1
363.92786 	1013509.4
364.72946 	993212.49
365.53106 	972915.49
366.33267 	952618.34
367.13427 	932321.01
367.93587 	912023.49
368.73747 	891725.75
369.53908 	871427.79
370.34068 	851129.57
371.14228 	830831.1
371.94389 	810532.35
372.74549 	790233.33
373.54709 	769934.02
374.3487 	749634.43
375.1503 	729334.56
375.9519 	709034.42
376.75351 	688734.01
377.55511 	668433.35
379.15832 	627831.34
379.95992 	607530.04
381.56313 	566926.94
382.36473 	546625.2
383.16633 	526323.37
383.96794 	506021.48
384.76954 	485719.55
385.57114 	465417.62
386.37275 	445115.71
387.17435 	424813.85
387.97595 	404512.05
388.77756 	384210.35
389.57916 	363908.75
390.38076 	343607.28
391.18236 	323305.93
391.98397 	303004.73
392.78557 	282703.68
393.58717 	262402.78
394.38878 	242102.02
395.19038 	221801.4
395.99198 	201500.91
396.79359 	181200.55
397.59519 	160900.29
399.1984 	120300.04
400 	100494.43
