0 	3836483.5
0.35183948 	3829082.6
0.70367896 	3821474.2
1.0555184 	3813621.4
1.4073579 	3805824.2
1.7591974 	3797993.1
2.1110369 	3790164.1
2.4628764 	3782305.3
2.8147158 	3774579.6
3.1665553 	3766752.2
3.5183948 	3758925.2
3.8702343 	3751116.2
4.2220737 	3743276
4.9257527 	3727768.8
5.6294317 	3712179.8
5.9812711 	3704347.7
6.3331106 	3696515.6
8.092308 	3657353.2
8.795987 	3641693.3
9.1478265 	3633864.3
10.203345 	3613142.7
10.907024 	3597520.4
11.258863 	3589687.4
11.610703 	3581856.9
11.962542 	3573940.5
12.666221 	3560925.4
13.018061 	3553083.1
13.3699 	3545246.8
13.72174 	3537410.7
14.777258 	3513902.1
15.480937 	3498229.7
15.832777 	3490393.5
16.536456 	3474721.2
17.591974 	3451212.7
18.647492 	3427704.2
19.351171 	3412032
19.703011 	3404195.9
20.05485 	3396359.8
20.40669 	3388523.8
20.758529 	3380687.9
21.462208 	3365016.2
22.165887 	3349344.9
22.869566 	3333674
23.573245 	3318003.6
23.925085 	3310168.7
24.276924 	3302333.9
24.628764 	3294499.4
25.332442 	3278830.9
25.684282 	3270996.9
26.387961 	3255329.7
26.7398 	3247496.5
27.09164 	3239663.4
27.443479 	3231830.6
27.795319 	3223998
28.147158 	3216165.6
28.850837 	3200501.3
29.202677 	3192669.4
29.554516 	3184837.6
29.906356 	3177005.9
30.258195 	3169174.3
30.610035 	3161342.7
30.961874 	3153511.2
31.665553 	3137848.1
32.017393 	3130016.5
32.369232 	3122184.8
32.721072 	3114353.1
33.072911 	3106521.3
33.424751 	3098689.4
33.77659 	3090857.4
34.128429 	3083025.3
34.480269 	3075193.1
34.832108 	3067360.8
35.183948 	3059528.4
35.535787 	3051696
35.887627 	3043863.5
36.239466 	3036031
36.591306 	3028198.4
37.294985 	3012533.1
37.646824 	3004700.4
37.998664 	2996867.8
38.702343 	2981202.4
39.406022 	2965537.2
39.757861 	2957704.7
41.165219 	2926358
41.517059 	2918467.5
41.868898 	2911954
42.220737 	2910295.3
42.924416 	2910152.2
43.276256 	2910123
43.628095 	2910094
43.979935 	2910064.6
44.683614 	2910002.8
45.035453 	2909971.2
45.387293 	2909939.9
46.090972 	2909879.2
46.442811 	2909850
47.14649 	2909793.1
47.49833 	2909764.9
48.202009 	2909705.8
48.553848 	2909672.2
49.257527 	2909587.5
49.609367 	2909287
49.961206 	2904982
50.313045 	2897414.9
50.664885 	2889564.5
51.016724 	2881700.1
51.720403 	2865969.9
52.072243 	2858104.9
52.424082 	2850239.8
52.775922 	2842374.8
53.127761 	2834509.9
54.18328 	2810915.4
54.535119 	2803050.7
54.886959 	2795186.1
55.238798 	2787321.6
55.590638 	2779457.2
55.942477 	2771592.9
56.997996 	2748000.8
57.349835 	2740137
57.701675 	2732273.4
58.053514 	2724409.8
58.405354 	2716546.3
58.757193 	2708682.9
59.109032 	2700819.7
59.460872 	2692956.4
60.164551 	2677230.2
60.51639 	2669367.2
60.86823 	2661504.3
61.220069 	2653641.4
61.571909 	2645778.7
61.923748 	2637916
62.275588 	2630053.4
62.627427 	2622190.9
62.979267 	2614328.5
63.331106 	2606466.3
63.682946 	2598604.2
64.034785 	2590742.2
64.386625 	2582880.4
64.738464 	2575018.8
65.442143 	2559296
65.793983 	2551435
66.497662 	2535713.5
67.55318 	2512132.8
68.256859 	2496413.4
68.608698 	2488554
69.312377 	2472835.9
70.016056 	2457118.7
70.367896 	2449260.3
70.719735 	2441402.2
71.071575 	2433544.3
71.423414 	2425686.5
72.830772 	2394257.3
73.182612 	2386400.4
73.534451 	2378543.7
73.886291 	2370687.1
74.941809 	2347118.3
75.293648 	2339262.3
75.645488 	2331406.4
75.997327 	2323550.6
77.052846 	2299984
77.404685 	2292128.7
77.756525 	2284273.5
78.460204 	2268563.4
78.812043 	2260708.5
79.163883 	2252853.6
80.219401 	2229289.6
81.27492 	2205726.2
81.626759 	2197871.8
81.978599 	2190017.5
82.330438 	2182163.3
82.682278 	2174309
83.034117 	2166454.9
83.385957 	2158600.7
83.737796 	2150746.6
84.089635 	2142892.6
84.441475 	2135038.5
85.496993 	2111476.5
86.552512 	2087914.5
86.904351 	2080060.5
89.015388 	2032936
89.367228 	2025081.9
90.070907 	2009373.4
90.422746 	2001519
90.774586 	1993664.7
91.126425 	1985810.2
91.478265 	1977955.7
91.830104 	1970101.1
92.533783 	1954391.7
93.237462 	1938682
93.589301 	1930826.9
93.941141 	1922971.8
94.29298 	1915116.6
96.052178 	1875838.8
96.404017 	1867982.9
96.755857 	1860126.9
97.459536 	1844414.4
97.811375 	1836558
98.163215 	1828701.4
98.515054 	1820844.7
99.922412 	1789416.4
100.27425 	1781559
100.62609 	1773701.5
101.32977 	1757986
102.03345 	1742269.9
102.38529 	1734411.6
103.79265 	1702977.3
104.14449 	1695118.5
104.49633 	1687259.4
105.2 	1671541.1
105.90368 	1655822.3
106.25552 	1647962.7
106.60736 	1640103
108.01472 	1608663.5
108.36656 	1600803.4
108.7184 	1592943.2
109.07024 	1585083
109.77392 	1569362.4
110.12576 	1561501.9
110.82944 	1545781
111.18128 	1537920.4
111.53311 	1530059.9
111.88495 	1522199.3
112.58863 	1506478
112.94047 	1498617.3
113.29231 	1490756.6
113.64415 	1482895.9
113.99599 	1475035.3
114.34783 	1467174.6
114.69967 	1459313.9
115.05151 	1451453.3
115.40335 	1443592.6
115.75519 	1435732
116.45887 	1420010.9
116.81071 	1412150.4
117.16255 	1404289.9
117.51439 	1396429.5
118.21806 	1380708.8
118.5699 	1372848.6
118.92174 	1364988.4
119.27358 	1357128.3
119.62542 	1349268.3
119.97726 	1341408.3
120.3291 	1333548.4
120.68094 	1325688.6
121.03278 	1317828.9
121.38462 	1309969.3
121.73646 	1302109.8
122.0883 	1294250.4
122.79198 	1278531.9
123.14382 	1270672.7
123.49566 	1262813.7
123.8475 	1254954.9
124.19934 	1247096.1
124.55118 	1239237.4
124.90302 	1231378.9
125.25485 	1223520.5
125.60669 	1215662.2
126.66221 	1192088
127.01405 	1184230.2
127.36589 	1176372.5
127.71773 	1168515
128.06957 	1160657.6
128.42141 	1152800.3
128.77325 	1144943.1
129.12509 	1137086
129.47693 	1129229.1
130.18061 	1113515.7
130.53245 	1105659.2
130.88429 	1097802.7
131.23613 	1089946.5
132.29164 	1066378.3
132.64348 	1058522.5
132.99532 	1050666.9
133.699 	1034955.8
134.05084 	1027100.5
134.40268 	1019245.3
134.75452 	1011390.2
135.4582 	995680.24
135.81004 	987825.44
136.16188 	979970.73
136.51372 	972116.11
136.86556 	964261.59
137.56924 	948552.82
137.92108 	940698.56
138.27292 	932844.38
138.97659 	917136.25
139.68027 	901428.4
140.03211 	893574.57
140.38395 	885720.8
140.73579 	877867.09
141.08763 	870013.43
141.43947 	862159.81
141.79131 	854306.24
142.14315 	846452.7
142.49499 	838599.2
142.84683 	830745.73
144.25419 	799332.04
145.3097 	775771.85
145.66154 	767918.44
146.01338 	760065.01
146.36522 	752211.57
146.71706 	744358.1
147.0689 	736504.61
147.42074 	728651.07
148.12442 	712943.88
148.8281 	697236.48
149.17994 	689382.69
149.88362 	673674.91
150.23546 	665820.91
150.5873 	657966.82
151.29098 	642258.37
151.99465 	626549.54
152.69833 	610840.28
153.05017 	602985.48
153.40201 	595130.56
153.75385 	587275.51
154.45753 	571565.02
154.80937 	563709.58
155.16121 	555853.99
155.51305 	547998.26
155.86489 	540142.39
156.21673 	532286.37
156.56857 	524430.19
157.62409 	500860.73
157.97593 	493003.92
158.32777 	485146.95
158.67961 	477289.82
159.03144 	469432.52
159.38328 	461575.06
159.73512 	453717.43
160.08696 	445859.64
160.4388 	438001.68
160.79064 	430143.55
161.14248 	422285.26
161.49432 	414426.8
161.84616 	406568.18
162.90168 	382991.35
163.25352 	375132.09
163.9572 	359413.1
164.30904 	351553.38
164.66088 	343693.51
165.01272 	335833.5
165.71639 	320113.05
166.06823 	312252.62
167.12375 	288670.57
167.47559 	280809.64
167.82743 	272948.59
168.17927 	265087.44
168.53111 	257226.18
169.23479 	241503.37
169.58663 	233641.82
169.93847 	225780.19
170.64215 	210056.68
170.99399 	202194.82
171.34583 	194332.9
171.69767 	186470.91
172.04951 	178608.87
172.40134 	170746.78
172.75318 	162884.65
173.10502 	155022.48
174.16054 	131435.81
174.51238 	123573.54
174.86422 	115711.25
