0 	3836470
0.35183948 	3828831.6
0.70367896 	3820807.6
1.0555184 	3812782.5
1.4073579 	3804792.5
1.7591974 	3796749.6
2.1110369 	3788731.7
2.4628764 	3780712.5
2.8147158 	3772690.2
3.1665553 	3764666.7
3.5183948 	3756582.6
3.8702343 	3748649.1
4.2220737 	3740619.8
4.9257527 	3724569.9
5.6294317 	3708546.5
5.9812711 	3700533.6
6.3331106 	3692502
8.092308 	3652705.8
8.795987 	3636653.3
9.1478265 	3628630.3
10.203345 	3604546.4
10.907024 	3588487.7
11.258863 	3580458.6
11.610703 	3572462.6
11.962542 	3564454.5
12.666221 	3548634.9
13.018061 	3540598.4
13.3699 	3532566.8
13.72174 	3524549
14.777258 	3500467.8
15.480937 	3484404.8
15.832777 	3476373.3
16.536456 	3460310.2
17.591974 	3436215.5
18.647492 	3412120.6
19.351171 	3396057.2
19.703011 	3388025.6
20.05485 	3379993.9
20.40669 	3371962.2
20.758529 	3363930.5
21.462208 	3347867.1
22.165887 	3331803.7
22.869566 	3315740.7
23.573245 	3299710.6
23.925085 	3294512.2
24.276924 	3287086.1
24.628764 	3279059.5
25.332442 	3262978.1
25.684282 	3255790.6
26.387961 	3241928
26.7398 	3233898.9
27.09164 	3225869.9
27.443479 	3217841
27.795319 	3209812.1
28.147158 	3201783.2
28.850837 	3185725.7
29.202677 	3177696.9
29.554516 	3169668.2
29.906356 	3161639.6
30.258195 	3153611
30.610035 	3145582.4
30.961874 	3137553.9
31.665553 	3121497
32.017393 	3113468.6
32.369232 	3105440.3
32.721072 	3097412
33.072911 	3089383.7
33.424751 	3081355.5
33.77659 	3073327.3
34.128429 	3065299.2
34.480269 	3057271.2
34.832108 	3049243.1
35.183948 	3041215.2
35.535787 	3033187.2
35.887627 	3025159.4
36.239466 	3017131.6
36.591306 	3009103.8
37.294985 	2993048.5
37.646824 	2985020.9
37.998664 	2976993.4
38.702343 	2960938.5
39.406022 	2944883.9
39.757861 	2936856.7
41.165219 	2904748.5
41.517059 	2896721.7
41.868898 	2888694.8
42.220737 	2880668.1
42.924416 	2864614.7
43.276256 	2856588.2
43.628095 	2848561.7
43.979935 	2840535.2
44.683614 	2824482.5
45.035453 	2816456.2
45.387293 	2808430
46.090972 	2792377.7
46.442811 	2784351.7
47.14649 	2768299.8
47.49833 	2760274
48.202009 	2744222.6
48.553848 	2736196.9
49.257527 	2720146
49.609367 	2712120.6
49.961206 	2704095.4
50.313045 	2696070.2
50.664885 	2688045.1
51.016724 	2680020.1
51.720403 	2663970.5
52.072243 	2655945.9
52.424082 	2647921.4
52.775922 	2639897.1
53.127761 	2631872.8
54.18328 	2607801
54.535119 	2599777.3
54.886959 	2591753.8
55.238798 	2583730.5
55.590638 	2575707.4
55.942477 	2567684.4
56.997996 	2543616.4
57.349835 	2535594.1
57.701675 	2527572
58.053514 	2519550.1
58.405354 	2511528.3
58.757193 	2503506.7
59.109032 	2495485.2
59.460872 	2487463.9
60.164551 	2471421.8
60.51639 	2463400.9
60.86823 	2455380.2
61.220069 	2447359.6
61.571909 	2439339.1
61.923748 	2431318.7
62.275588 	2423298.4
62.627427 	2415278.1
62.979267 	2407257.9
63.331106 	2399237.8
63.682946 	2391217.7
64.034785 	2383197.6
64.386625 	2375177.5
64.738464 	2367157.4
65.442143 	2351117
65.793983 	2343096.8
66.497662 	2327056
67.55318 	2302994.1
68.256859 	2286952.1
68.608698 	2278930.9
69.312377 	2262887.9
70.016056 	2246844.2
70.367896 	2238822
70.719735 	2230799.7
71.071575 	2222777.1
71.423414 	2214754.3
72.830772 	2182661
73.182612 	2174637.1
73.534451 	2166613
73.886291 	2158588.7
74.941809 	2134514.6
75.293648 	2126489.5
75.645488 	2118464.2
75.997327 	2110438.7
77.052846 	2086361.4
77.404685 	2078335.3
77.756525 	2070309.1
78.460204 	2054256.4
78.812043 	2046229.9
79.163883 	2038203.3
80.219401 	2014123.3
81.27492 	1990042.8
81.626759 	1982016
81.978599 	1973989.2
82.330438 	1965962.3
82.682278 	1957935.5
83.034117 	1949908.6
83.385957 	1941881.8
83.737796 	1933855.1
84.089635 	1925828.4
84.441475 	1917801.8
85.496993 	1893722.8
86.552512 	1869645
86.904351 	1861619.2
89.015388 	1813974.8
89.367228 	1809091.8
90.070907 	1804824.5
90.422746 	1804774.9
90.774586 	1804748.8
91.126425 	1804728.6
91.478265 	1804707.5
91.830104 	1804681.6
92.533783 	1804622.1
93.237462 	1804569.1
93.589301 	1804538.8
93.941141 	1804509.3
94.29298 	1804481.5
96.052178 	1804314.2
96.404017 	1804282.8
96.755857 	1804253.9
97.459536 	1804195.4
97.811375 	1804166.5
98.163215 	1804141.6
98.515054 	1804121
99.922412 	1804037.4
100.27425 	1804010.9
100.62609 	1803980.9
101.32977 	1803897.5
102.03345 	1799394.3
102.38529 	1791698.4
103.79265 	1759168.6
104.14449 	1751026.8
104.49633 	1742884.4
105.2 	1726598.6
105.90368 	1710313.2
106.25552 	1702171
106.60736 	1694029.3
108.01472 	1661467.3
108.36656 	1653327.7
108.7184 	1645188.4
109.07024 	1637049.3
109.77392 	1620771.4
110.12576 	1612632.5
110.82944 	1596354.6
111.18128 	1588215.5
111.53311 	1580076.3
111.88495 	1571937
112.58863 	1555658
112.94047 	1547518.3
113.29231 	1539378.5
113.64415 	1531238.6
113.99599 	1523098.7
114.34783 	1514958.7
114.69967 	1506818.7
115.05151 	1498678.7
115.40335 	1490538.8
115.75519 	1482398.9
116.45887 	1466119.6
116.81071 	1457980.2
117.16255 	1449841
117.51439 	1441702.1
118.21806 	1425425
118.5699 	1417287
118.92174 	1409149.3
119.27358 	1401012.1
119.62542 	1392875.2
119.97726 	1384738.8
120.3291 	1376602.8
120.68094 	1368467.3
121.03278 	1360332.2
121.38462 	1352197.7
121.73646 	1344063.6
122.0883 	1335930
122.79198 	1319664.2
123.14382 	1311532
123.49566 	1303400.3
123.8475 	1295269
124.19934 	1287138.1
124.55118 	1279007.7
124.90302 	1270877.6
125.25485 	1262747.9
125.60669 	1254618.6
126.66221 	1230232.5
127.01405 	1222104.4
127.36589 	1213976.5
127.71773 	1205848.8
128.06957 	1197721.3
128.42141 	1189594.1
128.77325 	1181467
129.12509 	1173340
129.47693 	1165213.2
130.18061 	1148959.9
130.53245 	1140833.4
130.88429 	1132707
131.23613 	1124580.7
132.29164 	1100202
132.64348 	1092075.9
132.99532 	1083949.7
133.699 	1067697.6
134.05084 	1059571.5
134.40268 	1051445.4
134.75452 	1043319.3
135.4582 	1027067
135.81004 	1018940.8
136.16188 	1010814.6
136.51372 	1002688.4
136.86556 	994562.09
137.56924 	978309.37
137.92108 	970182.93
138.27292 	962056.44
138.97659 	945803.28
139.68027 	929549.87
140.03211 	921423.07
140.38395 	913296.19
140.73579 	905169.25
141.08763 	897042.24
141.43947 	888915.16
141.79131 	880788
142.14315 	872660.78
142.49499 	864533.48
142.84683 	856406.1
144.25419 	823895.88
145.3097 	799512.43
145.66154 	791384.46
146.01338 	783256.42
146.36522 	775128.29
146.71706 	767000.08
147.0689 	758871.79
147.42074 	750743.42
148.12442 	734486.4
148.8281 	718229.01
149.17994 	710100.16
149.88362 	693842.15
150.23546 	685712.98
150.5873 	677583.68
151.29098 	661324.72
151.99465 	645065.22
152.69833 	628805.14
153.05017 	620674.87
153.40201 	612544.44
153.75385 	604413.85
154.45753 	588152.15
154.80937 	580021.04
155.16121 	571889.74
155.51305 	563758.26
155.86489 	555626.58
156.21673 	547494.72
156.56857 	539362.66
157.62409 	514965.28
157.97593 	506832.41
158.32777 	498699.34
158.67961 	490566.07
159.03144 	482432.6
159.38328 	474298.92
159.73512 	466165.04
160.08696 	458030.96
160.4388 	449896.69
160.79064 	441762.21
161.14248 	433627.55
161.49432 	425492.69
161.84616 	417357.64
162.90168 	392951.43
163.25352 	384815.67
163.9572 	368543.68
164.30904 	360407.45
164.66088 	352271.06
165.01272 	344134.54
165.71639 	327861.07
166.06823 	319724.15
167.12375 	295312.68
167.47559 	287175.31
167.82743 	279037.84
168.17927 	270900.28
168.53111 	262762.64
169.23479 	246487.13
169.58663 	238349.27
169.93847 	230211.34
170.64215 	213935.34
170.99399 	205797.26
171.34583 	197659.14
171.69767 	189520.99
172.04951 	181382.8
172.40134 	173244.59
172.75318 	165106.35
173.10502 	156968.1
174.16054 	132553.23
174.51238 	124414.93
174.86422 	116276.62
