0 	7410026.9
6.4128257 	7304062.4
34.468938 	6686687.5
37.675351 	6677227.2
40.881764 	6665001.7
50.501002 	6541783.3
53.707415 	6468144.5
62.52505 	6255379.3
65.731463 	6179876
68.937876 	6098063.4
69.739479 	6077987.6
96.993988 	5635471.1
103.40681 	5470431.7
106.61323 	5421963
116.23246 	5381408.4
123.44689 	5314484.4
125.05 	5273528.3
125.8517 	5254557.8
128.25651 	5194690.2
131.46293 	5109665.9
151.50301 	4623822.3
153.90782 	4564863.4
156.31263 	4528381.6
159.51904 	4510659.8
166.73347 	4321607.2
169.13828 	4267607.6
175.5511 	4121719.1
176.35271 	4097214.9
187.57515 	3784267.7
190.78156 	3735786
200.4008 	3593103.5
201.2024 	3592675.3
202.00401 	3592275
202.80561 	3591961.8
203.60721 	3591740.5
204.40882 	3591595.9
205.21042 	3591483.3
206.01202 	3591253.2
206.81363 	3590792.2
207.61523 	3590166.4
208.41683 	3589521.2
209.21844 	3588938
210.02004 	3588493.7
210.82164 	3588199.6
211.62325 	3587920
212.42485 	3587606.8
213.22645 	3587248.2
214.02806 	3586852
214.82966 	3586422.6
215.63126 	3585898.2
216.43287 	3585392.9
217.23447 	3584991.8
218.03607 	3584638.9
219.63928 	3583970.5
220.44088 	3583791.2
221.24248 	3583786.1
222.04409 	3583940.6
222.84569 	3584191
223.64729 	3584514.1
224.4489 	3584848.8
225.2505 	3585116.2
226.0521 	3585312.8
227.65531 	3585719.1
228.45691 	3586037.6
229.25852 	3586447.9
230.86172 	3587479.8
231.66333 	3588070.2
232.46493 	3588660.6
234.06814 	3589631.8
234.86974 	3589915.5
235.67134 	3590083
236.47295 	3590162.8
237.27455 	3590194.5
238.07615 	3590202.5
238.87776 	3590177.3
239.67936 	3590113.2
240.48096 	3589985.8
241.28257 	3589788.5
242.08417 	3589500.8
242.88577 	3589080.6
243.68737 	3588555.4
244.48898 	3587927.5
245.29058 	3587186.1
246.09218 	3586387.6
246.89379 	3585611.3
247.69539 	3584908
248.49699 	3584291.8
249.2986 	3583719
250.1002 	3583165.4
250.9018 	3582622.9
251.70341 	3582091.3
252.50501 	3581572.3
253.30661 	3581045.9
254.10822 	3580473.9
254.90982 	3579864
255.71142 	3579232.5
256.51303 	3578615.2
257.31463 	3578037.8
258.11623 	3577522.7
258.91784 	3577037.9
259.71944 	3576569.5
260.52104 	3576130.9
261.32265 	3575785
262.12425 	3575584.6
262.92585 	3575357.9
263.72745 	3574981.6
264.52906 	3574552.6
265.33066 	3574161.1
266.13226 	3573827.7
266.93387 	3573565.5
267.73547 	3573374.9
268.53707 	3573217.4
269.33868 	3573069.1
270.14028 	3572911.7
270.94188 	3572727
271.74349 	3572528.2
272.54509 	3572326.4
273.34669 	3572155.1
274.1483 	3572021.3
274.9499 	3571927.2
274.95 	3571927.2
275.7515 	3571860.1
276.55311 	3571793.8
277.35471 	3571735.7
278.95792 	3571776.4
279.75952 	3571957.6
280.56112 	3572427.9
281.36273 	3573018.6
282.16433 	3573380.4
282.96593 	3573589.9
283.76754 	3573782.8
284.56914 	3574007.9
285.37074 	3574253.8
286.17234 	3574536.3
286.97395 	3574854
288.57715 	3575539.2
289.37876 	3575918.5
290.18036 	3576306.7
290.98196 	3576715.5
291.78357 	3577138.3
292.58517 	3577557.2
293.38677 	3577950.1
294.18838 	3578324.9
294.98998 	3578659.9
295.79158 	3578967
296.59319 	3579249.1
297.39479 	3579523.9
298.19639 	3579838.8
298.998 	3580050
299.7996 	3580081.3
300.6012 	3579925.6
301.40281 	3579538.1
302.20441 	3578761.5
303.00601 	3577279.8
303.80762 	3573956.7
304.60922 	3567462.8
306.21242 	3533223.6
307.01403 	3505173.2
307.81563 	3475576.9
308.61723 	3446024.1
309.41884 	3416545.3
310.22044 	3387083.5
311.02204 	3357622.3
311.82365 	3328158.4
312.62525 	3298690.5
313.42685 	3269218.5
314.22846 	3239742.9
315.03006 	3210264.6
315.83166 	3180784.7
316.63327 	3151303.3
317.43487 	3121819.3
318.23647 	3092331.2
319.03808 	3062837.6
319.83968 	3033337.6
320.64128 	3003831.9
321.44289 	2974321.7
322.24449 	2944808.9
323.04609 	2915295.4
323.8477 	2885782.6
324.6493 	2856271.2
325.4509 	2826760.7
326.25251 	2797250.3
327.05411 	2767738.9
327.85571 	2738225.8
328.65731 	2708711.1
329.45892 	2679195.3
330.26052 	2649679.8
331.06212 	2620166
331.86373 	2590655.8
332.66533 	2561150.4
333.46693 	2531650.9
334.26854 	2502157.2
335.07014 	2472668.7
335.87174 	2443184.2
336.67335 	2413702.1
337.47495 	2384221.1
338.27655 	2354740.1
339.07816 	2325258.6
339.87976 	2295776.3
340.68136 	2266293.7
341.48297 	2236811.2
342.28457 	2207329.9
343.08617 	2177850.7
343.88778 	2148375
344.68938 	2118903.7
345.49098 	2089437.9
346.29259 	2059978.6
347.09419 	2030526.2
347.89579 	2001081.1
348.69739 	1971643.6
349.499 	1942213.5
350.3006 	1912790.8
351.1022 	1883375.5
351.90381 	1853967.5
352.70541 	1824566.7
353.50701 	1795173.1
354.30862 	1765786.4
355.11022 	1736406.5
355.91182 	1707033.1
356.71343 	1677665.6
357.51503 	1648303.8
358.31663 	1618947.4
359.11824 	1589595.9
359.91984 	1560249.4
360.72144 	1530907.7
361.52305 	1501570.9
362.32465 	1472238.9
363.12625 	1442911.9
363.92786 	1413589.5
364.72946 	1384271.7
365.53106 	1354958.3
366.33267 	1325648.8
367.13427 	1296343.1
367.93587 	1267041.2
368.73747 	1237742.9
369.53908 	1208448.4
370.34068 	1179158.1
371.14228 	1149872.3
371.94389 	1120591.2
372.74549 	1091315.2
373.54709 	1062044.4
374.3487 	1032779.1
375.1503 	1003519.3
375.9519 	974265.35
376.75351 	945017.28
377.55511 	915775.44
379.15832 	857311.84
379.95992 	828090.96
381.56313 	769673.25
382.36473 	740477.22
383.16633 	711290.16
383.96794 	682112.28
384.76954 	652943.7
385.57114 	623784.43
386.37275 	594634.37
387.17435 	565493.31
387.97595 	536360.95
388.77756 	507236.83
389.57916 	478120.42
390.38076 	449011.1
391.18236 	419908.15
391.98397 	390810.83
392.78557 	361718.39
393.58717 	332630.07
394.38878 	303545.17
395.19038 	274463.01
395.99198 	245383.02
396.79359 	216304.68
397.59519 	187227.56
399.1984 	129075.52
400 	100708.18
