0 	9016556.6
6.4128257 	8912685.4
34.468938 	8356642.4
37.675351 	8297197.4
40.881764 	8224461.7
50.501002 	8021993.7
53.707415 	7952365.1
62.52505 	7754745.3
65.731463 	7680588.7
68.937876 	7598265
69.739479 	7575490.7
96.993988 	7146929.7
103.40681 	7145527.5
106.61323 	7144199.7
116.23246 	7140609
123.44689 	7138720.9
125.05 	7137125
125.8517 	7135153.9
128.25651 	7105806.4
131.46293 	7023799.7
151.50301 	6506550.5
153.90782 	6444482.9
156.31263 	6382437
159.51904 	6299743.2
166.73347 	6113756.3
169.13828 	6051781
175.5511 	5886604.7
176.35271 	5865963.5
187.57515 	5576951
190.78156 	5494330.4
200.4008 	5246225.6
201.2024 	5225533.9
202.00401 	5204840
202.80561 	5184144.2
203.60721 	5163446.5
204.40882 	5142747
205.21042 	5122045.8
206.01202 	5101343.1
206.81363 	5080638.9
207.61523 	5059933.4
208.41683 	5039226.8
209.21844 	5018519
210.02004 	4997810.3
210.82164 	4977100.8
211.62325 	4956390.7
212.42485 	4935680
213.22645 	4914969
214.02806 	4894257.8
214.82966 	4873546.5
215.63126 	4852835.4
216.43287 	4832124.6
217.23447 	4811414.4
218.03607 	4790704.9
219.63928 	4749288.8
220.44088 	4728582.7
221.24248 	4707878.1
222.04409 	4687175.3
222.84569 	4666474.5
223.64729 	4645775.8
224.4489 	4625079.4
225.2505 	4604385.5
226.0521 	4583694.2
227.65531 	4542320.1
228.45691 	4521637.4
229.25852 	4500957.7
230.86172 	4459607.6
231.66333 	4438937.2
232.46493 	4418269.8
234.06814 	4376944.1
234.86974 	4356285.6
235.67134 	4335629.8
236.47295 	4314976.8
237.27455 	4294326.3
238.07615 	4273678.3
238.87776 	4253032.6
239.67936 	4232389.2
240.48096 	4211748
241.28257 	4191108.8
242.08417 	4170471.5
242.88577 	4149836
243.68737 	4129202.3
244.48898 	4108570.1
245.29058 	4087939.5
246.09218 	4067310.1
246.89379 	4046682
247.69539 	4026055
248.49699 	4005428.8
249.2986 	3984803.4
250.1002 	3964178.4
250.9018 	3943553.8
251.70341 	3922929.4
252.50501 	3902304.8
253.30661 	3881679.9
254.10822 	3861054.5
254.90982 	3840428.4
255.71142 	3819801.2
256.51303 	3799172.9
257.31463 	3778543.2
258.11623 	3757912
258.91784 	3737279
259.71944 	3716644
260.52104 	3696006.9
261.32265 	3675367.6
262.12425 	3654726
262.92585 	3634081.8
263.72745 	3613435
264.52906 	3592785.6
265.33066 	3572133.5
266.13226 	3551478.5
266.93387 	3530820.7
267.73547 	3510160.1
268.53707 	3489496.7
269.33868 	3468830.5
270.14028 	3448161.5
270.94188 	3427489.9
271.74349 	3406815.6
272.54509 	3386138.8
273.34669 	3365459.5
274.1483 	3344777.9
274.9499 	3324094
274.95 	3324091.4
275.7515 	3303408.1
276.55311 	3282720.1
277.35471 	3262030.3
278.95792 	3220645.7
279.75952 	3199951.1
280.56112 	3179255.1
281.36273 	3158557.9
282.16433 	3137859.6
282.96593 	3117160.3
283.76754 	3096460.1
284.56914 	3075759.1
285.37074 	3055057.4
286.17234 	3034355.1
286.97395 	3013652.3
288.57715 	2972245.4
289.37876 	2951541.6
290.18036 	2930837.6
290.98196 	2910133.5
291.78357 	2889429.4
292.58517 	2868725.5
293.38677 	2848021.7
294.18838 	2827318.2
294.98998 	2806615.1
295.79158 	2785912.5
296.59319 	2765210.4
297.39479 	2744509
298.19639 	2723808.4
298.998 	2703108.6
299.7996 	2682409.8
300.6012 	2661712
301.40281 	2641015.3
302.20441 	2620319.8
303.00601 	2599625.6
303.80762 	2578932.7
304.60922 	2558241.3
306.21242 	2516862.8
307.01403 	2496175.8
307.81563 	2475490.5
308.61723 	2454806.7
309.41884 	2434124.5
310.22044 	2413443.9
311.02204 	2392765
311.82365 	2372087.6
312.62525 	2351411.8
313.42685 	2330737.5
314.22846 	2310064.7
315.03006 	2289393.4
315.83166 	2268723.4
316.63327 	2248054.8
317.43487 	2227387.5
318.23647 	2206721.4
319.03808 	2186056.4
319.83968 	2165392.4
320.64128 	2144729.4
321.44289 	2124067.3
322.24449 	2103406
323.04609 	2082745.5
323.8477 	2062085.5
324.6493 	2041426.2
325.4509 	2020767.3
326.25251 	2000108.8
327.05411 	1979450.6
327.85571 	1958792.7
328.65731 	1938134.9
329.45892 	1917477.3
330.26052 	1896819.7
331.06212 	1876162.1
331.86373 	1855504.5
332.66533 	1834846.8
333.46693 	1814189
334.26854 	1793531
335.07014 	1772872.8
335.87174 	1752214.4
336.67335 	1731555.9
337.47495 	1710897.1
338.27655 	1690238.1
339.07816 	1669578.8
339.87976 	1648919.4
340.68136 	1628259.8
341.48297 	1607600
342.28457 	1586940
343.08617 	1566279.9
343.88778 	1545619.7
344.68938 	1524959.4
345.49098 	1504299.1
346.29259 	1483638.7
347.09419 	1462978.3
347.89579 	1442318
348.69739 	1421657.8
349.499 	1400997.7
350.3006 	1380337.7
351.1022 	1359677.9
351.90381 	1339018.4
352.70541 	1318359
353.50701 	1297700
354.30862 	1277041.3
355.11022 	1256382.9
355.91182 	1235724.8
356.71343 	1215067.1
357.51503 	1194409.9
358.31663 	1173753
359.11824 	1153096.6
359.91984 	1132440.7
360.72144 	1111785.2
361.52305 	1091130.1
362.32465 	1070475.5
363.12625 	1049821.4
363.92786 	1029167.7
364.72946 	1008514.4
365.53106 	987861.61
366.33267 	967209.21
367.13427 	946557.23
367.93587 	925905.63
368.73747 	905254.41
369.53908 	884603.55
370.34068 	863953.03
371.14228 	843302.82
371.94389 	822652.91
372.74549 	802003.28
373.54709 	781353.91
374.3487 	760704.78
375.1503 	740055.87
375.9519 	719407.17
376.75351 	698758.66
377.55511 	678110.32
379.15832 	636814.12
379.95992 	616166.24
381.56313 	574870.85
382.36473 	554223.33
383.16633 	533575.92
383.96794 	512928.62
384.76954 	492281.41
385.57114 	471634.3
386.37275 	450987.28
387.17435 	430340.35
387.97595 	409693.51
388.77756 	389046.76
389.57916 	368400.09
390.38076 	347753.5
391.18236 	327106.99
391.98397 	306460.57
392.78557 	285814.22
393.58717 	265167.94
394.38878 	244521.74
395.19038 	223875.6
395.99198 	203229.53
396.79359 	182583.52
397.59519 	161937.57
399.1984 	120645.82
400 	100502.86
