0 	9404860
6.4128257 	9296874.8
34.468938 	8716108.1
37.675351 	8651718
40.881764 	8583157
50.501002 	8437564.5
53.707415 	8436090
62.52505 	8432250.5
65.731463 	8430662.3
68.937876 	8426688.4
69.739479 	8422517.4
96.993988 	7751193.2
103.40681 	7589374.1
106.61323 	7508459
116.23246 	7265909.8
123.44689 	7084059.9
125.05 	7043627.5
125.8517 	7023403
128.25651 	6962719.4
131.46293 	6881772.5
151.50301 	6375607.2
153.90782 	6314824.6
156.31263 	6254024
159.51904 	6172933.7
166.73347 	5990470.5
169.13828 	5929676.3
175.5511 	5767659.8
176.35271 	5747415.8
187.57515 	5464008
190.78156 	5383014
200.4008 	5140019.7
201.2024 	5119772.3
202.00401 	5099525.5
202.80561 	5079279.5
203.60721 	5059034.3
204.40882 	5038790.1
205.21042 	5018546.8
206.01202 	4998304.5
206.81363 	4978063.4
207.61523 	4957823.6
208.41683 	4937585
209.21844 	4917347.8
210.02004 	4897112
210.82164 	4876877.8
211.62325 	4856645.1
212.42485 	4836414
213.22645 	4816184.5
214.02806 	4795956.7
214.82966 	4775730.6
215.63126 	4755506.1
216.43287 	4735283.3
217.23447 	4715062.1
218.03607 	4694842.5
219.63928 	4654407.8
220.44088 	4634192.6
221.24248 	4613978.7
222.04409 	4593766
222.84569 	4573554.4
223.64729 	4553343.8
224.4489 	4533134.1
225.2505 	4512925.1
226.0521 	4492716.8
227.65531 	4452301.5
228.45691 	4432094.3
229.25852 	4411887.3
230.86172 	4371473.4
231.66333 	4351266.3
232.46493 	4331058.9
234.06814 	4290643.3
234.86974 	4270435
235.67134 	4250226.2
236.47295 	4230016.9
237.27455 	4209807.1
238.07615 	4189596.9
238.87776 	4169386.1
239.67936 	4149174.9
240.48096 	4128963.2
241.28257 	4108751
242.08417 	4088538.4
242.88577 	4068325.4
243.68737 	4048112
244.48898 	4027898.3
245.29058 	4007684.2
246.09218 	3987469.9
246.89379 	3967255.2
247.69539 	3947040.3
248.49699 	3926825.1
249.2986 	3906609.6
250.1002 	3886393.9
250.9018 	3866177.9
251.70341 	3845961.6
252.50501 	3825745
253.30661 	3805528.1
254.10822 	3785310.8
254.90982 	3765093.1
255.71142 	3744875.1
256.51303 	3724656.5
257.31463 	3704437.5
258.11623 	3684217.9
258.91784 	3663997.7
259.71944 	3643777
260.52104 	3623555.6
261.32265 	3603333.6
262.12425 	3583110.9
262.92585 	3562887.4
263.72745 	3542663.3
264.52906 	3522438.4
265.33066 	3502212.7
266.13226 	3481986.3
266.93387 	3461759.2
267.73547 	3441531.3
268.53707 	3421302.6
269.33868 	3401073.2
270.14028 	3380843.1
270.94188 	3360612.4
271.74349 	3340380.9
272.54509 	3320148.8
273.34669 	3299916.1
274.1483 	3279682.7
274.9499 	3259448.8
274.95 	3259446.3
275.7515 	3239214.4
276.55311 	3218979.4
277.35471 	3198743.9
278.95792 	3158271.5
279.75952 	3138034.6
280.56112 	3117797.3
281.36273 	3097559.5
282.16433 	3077321.3
282.96593 	3057082.6
283.76754 	3036843.5
284.56914 	3016603.9
285.37074 	2996363.8
286.17234 	2976123.2
286.97395 	2955882
288.57715 	2915397.9
289.37876 	2895154.9
290.18036 	2874911.2
290.98196 	2854666.7
291.78357 	2834421.5
292.58517 	2814175.4
293.38677 	2793928.5
294.18838 	2773680.6
294.98998 	2753431.7
295.79158 	2733181.8
296.59319 	2712930.9
297.39479 	2692678.9
298.19639 	2672425.8
298.998 	2652171.6
299.7996 	2631916.2
300.6012 	2611659.6
301.40281 	2591401.9
302.20441 	2571143
303.00601 	2550882.8
303.80762 	2530621.6
304.60922 	2510359.1
306.21242 	2469830.8
307.01403 	2449565
307.81563 	2429298.2
308.61723 	2409030.4
309.41884 	2388761.7
310.22044 	2368492
311.02204 	2348221.5
311.82365 	2327950.2
312.62525 	2307678.2
313.42685 	2287405.5
314.22846 	2267132.2
315.03006 	2246858.4
315.83166 	2226584.1
316.63327 	2206309.5
317.43487 	2186034.5
318.23647 	2165759.2
319.03808 	2145483.7
319.83968 	2125208.1
320.64128 	2104932.3
321.44289 	2084656.6
322.24449 	2064380.9
323.04609 	2044105.2
323.8477 	2023829.7
324.6493 	2003554.4
325.4509 	1983279.2
326.25251 	1963004.3
327.05411 	1942729.7
327.85571 	1922455.5
328.65731 	1902181.6
329.45892 	1881908.1
330.26052 	1861634.9
331.06212 	1841362.3
331.86373 	1821090.1
332.66533 	1800818.3
333.46693 	1780547.1
334.26854 	1760276.4
335.07014 	1740006.2
335.87174 	1719736.6
336.67335 	1699467.5
337.47495 	1679199
338.27655 	1658931
339.07816 	1638663.7
339.87976 	1618396.9
340.68136 	1598130.7
341.48297 	1577865.2
342.28457 	1557600.2
343.08617 	1537335.9
343.88778 	1517072.2
344.68938 	1496809.2
345.49098 	1476546.8
346.29259 	1456285
347.09419 	1436023.9
347.89579 	1415763.5
348.69739 	1395503.7
349.499 	1375244.6
350.3006 	1354986.2
351.1022 	1334728.5
351.90381 	1314471.4
352.70541 	1294215
353.50701 	1273959.3
354.30862 	1253704.3
355.11022 	1233449.9
355.91182 	1213196.2
356.71343 	1192943.2
357.51503 	1172690.8
358.31663 	1152439.1
359.11824 	1132188.1
359.91984 	1111937.7
360.72144 	1091687.9
361.52305 	1071438.7
362.32465 	1051190.1
363.12625 	1030942.2
363.92786 	1010694.8
364.72946 	990447.97
365.53106 	970201.71
366.33267 	949956
367.13427 	929710.81
367.93587 	909466.14
368.73747 	889221.97
369.53908 	868978.3
370.34068 	848735.11
371.14228 	828492.39
371.94389 	808250.12
372.74549 	788008.31
373.54709 	767766.94
374.3487 	747525.99
375.1503 	727285.47
375.9519 	707045.37
376.75351 	686805.68
377.55511 	666566.39
379.15832 	626088.99
379.95992 	605850.88
381.56313 	565375.79
382.36473 	545138.81
383.16633 	524902.19
383.96794 	504665.93
384.76954 	484430.02
385.57114 	464194.46
386.37275 	443959.24
387.17435 	423724.34
387.97595 	403489.77
388.77756 	383255.51
389.57916 	363021.54
390.38076 	342787.86
391.18236 	322554.45
391.98397 	302321.3
392.78557 	282088.39
393.58717 	261855.71
394.38878 	241623.23
395.19038 	221390.94
395.99198 	201158.82
396.79359 	180926.84
397.59519 	160695
399.1984 	120231.6
400 	100492.77
