0 	9317932.7
6.4128257 	9174177.3
34.468938 	8644805.2
37.675351 	8576695
40.881764 	8499939.8
50.501002 	8299888.4
53.707415 	8225228.1
62.52505 	8043794.8
65.731463 	8042468.8
68.937876 	8041653.3
69.739479 	8041426.6
96.993988 	7749019.8
103.40681 	7587199.7
106.61323 	7506307
116.23246 	7263756.9
123.44689 	7081908.3
125.05 	7041497.8
125.8517 	7021288.3
128.25651 	6960665.6
131.46293 	6879830.5
151.50301 	6374023.4
153.90782 	6313225.8
156.31263 	6252413.9
159.51904 	6171317.4
166.73347 	5988846.5
169.13828 	5928036.1
175.5511 	5765934.4
176.35271 	5745678.5
187.57515 	5462233.4
190.78156 	5381285.3
200.4008 	5138487.1
201.2024 	5118255.3
202.00401 	5098023.6
202.80561 	5077792
203.60721 	5057560.4
204.40882 	5037328.9
205.21042 	5017097.4
206.01202 	4996866
206.81363 	4976634.8
207.61523 	4956403.6
208.41683 	4936172.6
209.21844 	4915941.7
210.02004 	4895711
210.82164 	4875480.5
211.62325 	4855250.2
212.42485 	4835020.2
213.22645 	4814790.4
214.02806 	4794560.8
214.82966 	4774331.5
215.63126 	4754102.4
216.43287 	4733873.5
217.23447 	4713644.9
218.03607 	4693416.4
219.63928 	4652960
220.44088 	4632732
221.24248 	4612504
222.04409 	4592276.2
222.84569 	4572048.3
223.64729 	4551820.5
224.4489 	4531592.7
225.2505 	4511364.8
226.0521 	4491136.8
227.65531 	4450680.5
228.45691 	4430452.1
229.25852 	4410223.6
230.86172 	4369765.9
231.66333 	4349536.7
232.46493 	4329307.3
234.06814 	4288847.9
234.86974 	4268617.7
235.67134 	4248387.4
236.47295 	4228156.7
237.27455 	4207925.9
238.07615 	4187694.7
238.87776 	4167463.4
239.67936 	4147231.8
240.48096 	4127000
241.28257 	4106768
242.08417 	4086535.9
242.88577 	4066303.6
243.68737 	4046071.1
244.48898 	4025838.6
245.29058 	4005606.1
246.09218 	3985373.5
246.89379 	3965140.9
247.69539 	3944908.3
248.49699 	3924675.9
249.2986 	3904443.5
250.1002 	3884211.3
250.9018 	3863979.4
251.70341 	3843747.6
252.50501 	3823516.1
253.30661 	3803284.9
254.10822 	3783054
254.90982 	3762823.5
255.71142 	3742593.4
256.51303 	3722363.7
257.31463 	3702134.4
258.11623 	3681905.6
258.91784 	3661677.2
259.71944 	3641449.4
260.52104 	3621222
261.32265 	3600995.2
262.12425 	3580768.9
262.92585 	3560543.2
263.72745 	3540318
264.52906 	3520093.4
265.33066 	3499869.4
266.13226 	3479645.9
266.93387 	3459423.1
267.73547 	3439200.8
268.53707 	3418979.2
269.33868 	3398758.1
270.14028 	3378537.7
270.94188 	3358317.9
271.74349 	3338098.7
272.54509 	3317880.1
273.34669 	3297662
274.1483 	3277444.6
274.9499 	3257227.7
274.95 	3257225.2
275.7515 	3237011.3
276.55311 	3216795.4
277.35471 	3196580
278.95792 	3156150.3
279.75952 	3135935.9
280.56112 	3115721.8
281.36273 	3095507.9
282.16433 	3075294.1
282.96593 	3055080.3
283.76754 	3034866.4
284.56914 	3014652.3
285.37074 	2994438
286.17234 	2974223.3
286.97395 	2954008.2
288.57715 	2913576.1
289.37876 	2893358.9
290.18036 	2873140.8
290.98196 	2852921.7
291.78357 	2832701.4
292.58517 	2812479.9
293.38677 	2792257.1
294.18838 	2772032.8
294.98998 	2751807.1
295.79158 	2731579.7
296.59319 	2711350.6
297.39479 	2691119.7
298.19639 	2670887
298.998 	2650652.4
299.7996 	2630415.9
300.6012 	2610177.4
301.40281 	2589937
302.20441 	2569694.5
303.00601 	2549450
303.80762 	2529203.4
304.60922 	2508954.9
306.21242 	2468452
307.01403 	2448197.6
307.81563 	2427941.5
308.61723 	2407683.6
309.41884 	2387424
310.22044 	2367162.8
311.02204 	2346900.1
311.82365 	2326636
312.62525 	2306370.5
313.42685 	2286103.9
314.22846 	2265836.3
315.03006 	2245567.6
315.83166 	2225298.2
316.63327 	2205028.1
317.43487 	2184757.4
318.23647 	2164486.2
319.03808 	2144214.8
319.83968 	2123943.2
320.64128 	2103671.5
321.44289 	2083400
322.24449 	2063128.6
323.04609 	2042857.6
323.8477 	2022587.1
324.6493 	2002317.1
325.4509 	1982047.8
326.25251 	1961779.3
327.05411 	1941511.6
327.85571 	1921245
328.65731 	1900979.4
329.45892 	1880715
330.26052 	1860451.7
331.06212 	1840189.8
331.86373 	1819929.2
332.66533 	1799670
333.46693 	1779412.2
334.26854 	1759156
335.07014 	1738901.2
335.87174 	1718647.9
336.67335 	1698396.2
337.47495 	1678146
338.27655 	1657897.3
339.07816 	1637650.2
339.87976 	1617404.6
340.68136 	1597160.5
341.48297 	1576917.8
342.28457 	1556676.5
343.08617 	1536436.6
343.88778 	1516198
344.68938 	1495960.7
345.49098 	1475724.6
346.29259 	1455489.6
347.09419 	1435255.6
347.89579 	1415022.7
348.69739 	1394790.7
349.499 	1374559.5
350.3006 	1354329.1
351.1022 	1334099.3
351.90381 	1313870.2
352.70541 	1293641.5
353.50701 	1273413.3
354.30862 	1253185.4
355.11022 	1232957.9
355.91182 	1212730.5
356.71343 	1192503.2
357.51503 	1172276
358.31663 	1152048.9
359.11824 	1131821.6
359.91984 	1111594.3
360.72144 	1091366.8
361.52305 	1071139.1
362.32465 	1050911.2
363.12625 	1030683
363.92786 	1010454.5
364.72946 	990225.75
365.53106 	969996.65
366.33267 	949767.23
367.13427 	929537.47
367.93587 	909307.39
368.73747 	889076.98
369.53908 	868846.26
370.34068 	848615.23
371.14228 	828383.92
371.94389 	808152.34
372.74549 	787920.51
373.54709 	767688.46
374.3487 	747456.2
375.1503 	727223.76
375.9519 	706991.15
376.75351 	686758.42
377.55511 	666525.56
379.15832 	626059.58
379.95992 	605826.49
381.56313 	565360.19
382.36473 	545127
383.16633 	524893.8
383.96794 	504660.6
384.76954 	484427.41
385.57114 	464194.23
386.37275 	443961.06
387.17435 	423727.9
387.97595 	403494.76
388.77756 	383261.64
389.57916 	363028.54
390.38076 	342795.45
391.18236 	322562.39
391.98397 	302329.34
392.78557 	282096.3
393.58717 	261863.29
394.38878 	241630.29
395.19038 	221397.32
395.99198 	201164.36
396.79359 	180931.43
397.59519 	160698.53
399.1984 	120232.81
400 	100492.8
